0.00014258
0.00014282
0.00014307
0.00014331
0.00014355
0.00014379
0.00014404
0.00014428
0.00014452
0.00014476
0.000145
0.00014525
0.00014549
0.00014573
0.00014597
0.00014622
0.00014646
0.0001467
0.00014694
0.00014718
0.00014743
0.00014767
0.00014791
0.00014815
0.00014839
0.00014864
0.00014888
0.00014912
0.00014936
0.0001496
0.00014985
0.00015009
0.00015033
0.00015057
0.00015081
0.00015105
0.0001513
0.00015154
0.00015178
0.00015202
0.00015226
0.0001525
0.00015274
0.00015299
0.00015323
0.00015347
0.00015371
0.00015395
0.00015419
0.00015443
0.00015467
0.00015491
0.00015515
0.00015539
0.00015563
0.00015587
0.00015611
0.00015635
0.00015659
0.00015683
0.00015707
0.00015731
0.00015755
0.00015779
0.00015803
0.00015827
0.00015851
0.00015874
0.00015898
0.00015922
0.00015946
0.0001597
0.00015993
0.00016017
0.00016041
0.00016065
0.00016088
0.00016112
0.00016136
0.00016159
0.00016183
0.00016207
0.0001623
0.00016254
0.00016277
0.00016301
0.00016324
0.00016348
0.00016371
0.00016395
0.00016418
0.00016442
0.00016465
0.00016488
0.00016512
0.00016535
0.00016558
0.00016581
0.00016605
0.00016628
0.00016651
0.00016674
0.00016697
0.0001672
0.00016743
0.00016766
0.00016789
0.00016812
0.00016835
0.00016858
0.00016881
0.00016904
0.00016927
0.0001695
0.00016972
0.00016995
0.00017018
0.0001704
0.00017063
0.00017086
0.00017108
0.00017131
0.00017153
0.00017176
0.00017198
0.00017221
0.00017243
0.00017265
0.00017288
0.0001731
0.00017332
0.00017355
0.00017377
0.00017399
0.00017421
0.00017443
0.00017465
0.00017487
0.00017509
0.00017531
0.00017553
0.00017575
0.00017597
0.00017618
0.0001764
0.00017662
0.00017684
0.00017705
0.00017727
0.00017748
0.0001777
0.00017791
0.00017813
0.00017834
0.00017856
0.00017877
0.00017898
0.0001792
0.00017941
0.00017962
0.00017983
0.00018004
0.00018026
0.00018047
0.00018068
0.00018089
0.0001811
0.0001813
0.00018151
0.00018172
0.00018193
0.00018214
0.00018235
0.00018255
0.00018276
0.00018297
0.00018317
0.00018338
0.00018358
0.00018379
0.00018399
0.0001842
0.0001844
0.0001846
0.00018481
0.00018501
0.00018521
0.00018541
0.00018561
0.00018582
0.00018602
0.00018622
0.00018642
0.00018662
0.00018682
0.00018702
0.00018722
0.00018742
0.00018761
0.00018781
0.00018801
0.00018821
0.00018841
0.0001886
0.0001888
0.000189
0.00018919
0.00018939
0.00018958
0.00018978
0.00018997
0.00019017
0.00019036
0.00019056
0.00019075
0.00019094
0.00019114
0.00019133
0.00019152
0.00019172
0.00019191
0.0001921
0.00019229
0.00019249
0.00019268
0.00019287
0.00019306
0.00019325
0.00019344
0.00019363
0.00019382
0.00019401
0.0001942
0.00019439
0.00019458
0.00019477
0.00019496
0.00019515
0.00019534
0.00019553
0.00019572
0.00019591
0.0001961
0.00019629
0.00019648
0.00019666
0.00019685
0.00019704
0.00019723
0.00019742
0.0001976
0.00019779
0.00019798
0.00019817
0.00019836
0.00019854
0.00019873
0.00019892
0.00019911
0.0001993
0.00019948
0.00019967
0.00019986
0.00020005
0.00020023
0.00020042
0.00020061
0.0002008
0.00020099
0.00020117
0.00020136
0.00020155
0.00020174
0.00020193
0.00020212
0.0002023
0.00020249
0.00020268
0.00020287
0.00020306
0.00020325
0.00020344
0.00020363
0.00020382
0.00020401
0.0002042
0.00020439
0.00020458
0.00020477
0.00020496
0.00020515
0.00020534
0.00020553
0.00020572
0.00020592
0.00020611
0.0002063
0.00020649
0.00020669
0.00020688
0.00020707
0.00020727
0.00020746
0.00020765
0.00020785
0.00020804
0.00020824
0.00020844
0.00020863
0.00020883
0.00020903
0.00020922
0.00020942
0.00020962
0.00020982
0.00021002
0.00021022
0.00021042
0.00021062
0.00021082
0.00021102
0.00021122
0.00021142
0.00021163
0.00021183
0.00021203
0.00021224
0.00021244
0.00021265
0.00021285
0.00021306
0.00021327
0.00021347
0.00021368
0.00021389
0.0002141
0.00021431
0.00021452
0.00021473
0.00021494
0.00021515
0.00021537
0.00021558
0.00021579
0.00021601
0.00021622
0.00021644
0.00021666
0.00021688
0.00021709
0.00021731
0.00021753
0.00021775
0.00021797
0.0002182
0.00021842
0.00021864
0.00021887
0.00021909
0.00021932
0.00021955
0.00021977
0.00022
0.00022023
0.00022046
0.00022069
0.00022092
0.00022116
0.00022139
0.00022162
0.00022186
0.0002221
0.00022233
0.00022257
0.00022281
0.00022305
0.00022329
0.00022353
0.00022377
0.00022402
0.00022426
0.00022451
0.00022476
0.000225
0.00022525
0.0002255
0.00022575
0.000226
0.00022626
0.00022651
0.00022677
0.00022702
0.00022728
0.00022754
0.0002278
0.00022806
0.00022832
0.00022858
0.00022884
0.00022911
0.00022938
0.00022964
0.00022991
0.00023018
0.00023045
0.00023072
0.000231
0.00023127
0.00023155
0.00023182
0.0002321
0.00023238
0.00023266
0.00023294
0.00023322
0.00023351
0.00023379
0.00023408
0.00023437
0.00023466
0.00023495
0.00023524
0.00023553
0.00023583
0.00023612
0.00023642
0.00023672
0.00023702
0.00023732
0.00023762
0.00023793
0.00023823
0.00023854
0.00023885
0.00023916
0.00023947
0.00023978
0.00024009
0.00024041
0.00024072
0.00024104
0.00024136
0.00024168
0.00024201
0.00024233
0.00024265
0.00024298
0.00024331
0.00024364
0.00024397
0.0002443
0.00024464
0.00024498
0.00024531
0.00024565
0.00024599
0.00024633
0.00024668
0.00024702
0.00024737
0.00024772
0.00024807
0.00024842
0.00024877
0.00024913
0.00024949
0.00024984
0.0002502
0.00025057
0.00025093
0.00025129
0.00025166
0.00025203
0.0002524
0.00025277
0.00025314
0.00025352
0.00025389
0.00025427
0.00025465
0.00025503
0.00025542
0.0002558
0.00025619
0.00025658
0.00025697
0.00025736
0.00025775
0.00025815
0.00025855
0.00025895
0.00025935
0.00025975
0.00026015
0.00026056
0.00026097
0.00026138
0.00026179
0.0002622
0.00026262
0.00026304
0.00026346
0.00026388
0.0002643
0.00026472
0.00026515
0.00026558
0.00026601
0.00026644
0.00026687
0.00026731
0.00026775
0.00026819
0.00026863
0.00026907
0.00026952
0.00026996
0.00027041
0.00027086
0.00027132
0.00027177
0.00027223
0.00027269
0.00027315
0.00027361
0.00027407
0.00027454
0.00027501
0.00027548
0.00027595
0.00027643
0.0002769
0.00027738
0.00027786
0.00027834
0.00027883
0.00027931
0.0002798
0.00028029
0.00028078
0.00028128
0.00028177
0.00028227
0.00028277
0.00028328
0.00028378
0.00028429
0.0002848
0.00028531
0.00028582
0.00028633
0.00028685
0.00028737
0.00028789
0.00028841
0.00028894
0.00028947
0.00028999
0.00029053
0.00029106
0.00029159
0.00029213
0.00029267
0.00029321
0.00029376
0.0002943
0.00029485
0.0002954
0.00029595
0.00029651
0.00029707
0.00029762
0.00029818
0.00029875
0.00029931
0.00029988
0.00030045
0.00030102
0.0003016
0.00030217
0.00030275
0.00030333
0.00030391
0.0003045
0.00030508
0.00030567
0.00030626
0.00030686
0.00030745
0.00030805
0.00030865
0.00030925
0.00030986
0.00031046
0.00031107
0.00031168
0.00031229
0.00031291
0.00031353
0.00031415
0.00031477
0.00031539
0.00031602
0.00031665
0.00031728
0.00031791
0.00031855
0.00031918
0.00031982
0.00032047
0.00032111
0.00032176
0.0003224
0.00032306
0.00032371
0.00032436
0.00032502
0.00032568
0.00032634
0.00032701
0.00032768
0.00032834
0.00032902
0.00032969
0.00033036
0.00033104
0.00033172
0.00033241
0.00033309
0.00033378
0.00033447
0.00033516
0.00033585
0.00033655
0.00033725
0.00033795
0.00033865
0.00033936
0.00034006
0.00034077
0.00034149
0.0003422
0.00034292
0.00034364
0.00034436
0.00034508
0.00034581
0.00034654
0.00034727
0.000348
0.00034874
0.00034947
0.00035021
0.00035096
0.0003517
0.00035245
0.0003532
0.00035395
0.0003547
0.00035546
0.00035622
0.00035698
0.00035774
0.00035851
0.00035927
0.00036004
0.00036082
0.00036159
0.00036237
0.00036315
0.00036393
0.00036471
0.0003655
0.00036629
0.00036708
0.00036787
0.00036867
0.00036947
0.00037027
0.00037107
0.00037188
0.00037268
0.00037349
0.00037431
0.00037512
0.00037594
0.00037676
0.00037758
0.0003784
0.00037923
0.00038006
0.00038089
0.00038172
0.00038256
0.0003834
0.00038424
0.00038508
0.00038593
0.00038677
0.00038762
0.00038847
0.00038933
0.00039019
0.00039105
0.00039191
0.00039277
0.00039364
0.00039451
0.00039538
0.00039625
0.00039713
0.00039801
0.00039889
0.00039977
0.00040065
0.00040154
0.00040243
0.00040332
0.00040422
0.00040512
0.00040602
0.00040692
0.00040782
0.00040873
0.00040964
0.00041055
0.00041146
0.00041238
0.0004133
0.00041422
0.00041514
0.00041607
0.00041699
0.00041793
0.00041886
0.00041979
0.00042073
0.00042167
0.00042261
0.00042356
0.0004245
0.00042545
0.0004264
0.00042736
0.00042831
0.00042927
0.00043023
0.0004312
0.00043216
0.00043313
0.0004341
0.00043507
0.00043605
0.00043703
0.00043801
0.00043899
0.00043997
0.00044096
0.00044195
0.00044294
0.00044394
0.00044493
0.00044593
0.00044693
0.00044794
0.00044894
0.00044995
0.00045096
0.00045197
0.00045299
0.00045401
0.00045503
0.00045605
0.00045707
0.0004581
0.00045913
0.00046016
0.0004612
0.00046223
0.00046327
0.00046431
0.00046536
0.0004664
0.00046745
0.0004685
0.00046956
0.00047061
0.00047167
0.00047273
0.00047379
0.00047486
0.00047592
0.00047699
0.00047806
0.00047914
0.00048021
0.00048129
0.00048237
0.00048346
0.00048454
0.00048563
0.00048672
0.00048781
0.00048891
0.00049001
0.00049111
0.00049221
0.00049331
0.00049442
0.00049553
0.00049664
0.00049775
0.00049887
0.00049999
0.00050111
0.00050223
0.00050336
0.00050449
0.00050562
0.00050675
0.00050788
0.00050902
0.00051016
0.0005113
0.00051244
0.00051359
0.00051474
0.00051589
0.00051704
0.0005182
0.00051936
0.00052052
0.00052168
0.00052284
0.00052401
0.00052518
0.00052635
0.00052752
0.0005287
0.00052988
0.00053106
0.00053224
0.00053343
0.00053461
0.0005358
0.000537
0.00053819
0.00053939
0.00054059
0.00054179
0.00054299
0.0005442
0.0005454
0.00054661
0.00054783
0.00054904
0.00055026
0.00055148
0.0005527
0.00055392
0.00055515
0.00055638
0.00055761
0.00055884
0.00056008
0.00056131
0.00056255
0.00056379
0.00056504
0.00056628
0.00056753
0.00056878
0.00057004
0.00057129
0.00057255
0.00057381
0.00057507
0.00057633
0.0005776
0.00057887
0.00058014
0.00058141
0.00058269
0.00058396
0.00058524
0.00058653
0.00058781
0.0005891
0.00059038
0.00059167
0.00059297
0.00059426
0.00059556
0.00059686
0.00059816
0.00059946
0.00060077
0.00060208
0.00060339
0.0006047
0.00060601
0.00060733
0.00060865
0.00060997
0.00061129
0.00061262
0.00061395
0.00061528
0.00061661
0.00061794
0.00061928
0.00062062
0.00062196
0.0006233
0.00062464
0.00062599
0.00062734
0.00062869
0.00063004
0.0006314
0.00063275
0.00063411
0.00063547
0.00063684
0.0006382
0.00063957
0.00064094
0.00064231
0.00064369
0.00064506
0.00064644
0.00064782
0.0006492
0.00065059
0.00065197
0.00065336
0.00065475
0.00065614
0.00065754
0.00065894
0.00066033
0.00066174
0.00066314
0.00066454
0.00066595
0.00066736
0.00066877
0.00067018
0.0006716
0.00067301
0.00067443
0.00067585
0.00067728
0.0006787
0.00068013
0.00068156
0.00068299
0.00068442
0.00068586
0.00068729
0.00068873
0.00069017
0.00069161
0.00069306
0.00069451
0.00069595
0.0006974
0.00069886
0.00070031
0.00070177
0.00070323
0.00070469
0.00070615
0.00070761
0.00070908
0.00071055
0.00071202
0.00071349
0.00071496
0.00071644
0.00071791
0.00071939
0.00072087
0.00072236
0.00072384
0.00072533
0.00072682
0.00072831
0.0007298
0.00073129
0.00073279
0.00073428
0.00073578
0.00073729
0.00073879
0.00074029
0.0007418
0.00074331
0.00074482
0.00074633
0.00074784
0.00074936
0.00075088
0.0007524
0.00075392
0.00075544
0.00075696
0.00075849
0.00076002
0.00076155
0.00076308
0.00076461
0.00076615
0.00076768
0.00076922
0.00077076
0.0007723
0.00077385
0.00077539
0.00077694
0.00077849
0.00078004
0.00078159
0.00078314
0.0007847
0.00078625
0.00078781
0.00078937
0.00079093
0.00079249
0.00079406
0.00079562
0.00079719
0.00079876
0.00080033
0.00080191
0.00080348
0.00080506
0.00080663
0.00080821
0.00080979
0.00081137
0.00081296
0.00081454
0.00081613
0.00081772
0.00081931
0.0008209
0.00082249
0.00082408
0.00082568
0.00082728
0.00082887
0.00083047
0.00083208
0.00083368
0.00083528
0.00083689
0.0008385
0.0008401
0.00084171
0.00084332
0.00084494
0.00084655
0.00084817
0.00084978
0.0008514
0.00085302
0.00085464
0.00085626
0.00085789
0.00085951
0.00086114
0.00086276
0.00086439
0.00086602
0.00086765
0.00086929
0.00087092
0.00087256
0.00087419
0.00087583
0.00087747
0.00087911
0.00088075
0.00088239
0.00088404
0.00088568
0.00088733
0.00088897
0.00089062
0.00089227
0.00089392
0.00089557
0.00089723
0.00089888
0.00090054
0.00090219
0.00090385
0.00090551
0.00090717
0.00090883
0.00091049
0.00091215
0.00091382
0.00091548
0.00091715
0.00091881
0.00092048
0.00092215
0.00092382
0.00092549
0.00092716
0.00092883
0.00093051
0.00093218
0.00093386
0.00093553
0.00093721
0.00093889
0.00094057
0.00094225
0.00094393
0.00094561
0.00094729
0.00094897
0.00095066
0.00095234
0.00095403
0.00095572
0.0009574
0.00095909
0.00096078
0.00096247
0.00096416
0.00096585
0.00096754
0.00096924
0.00097093
0.00097262
0.00097432
0.00097601
0.00097771
0.0009794
0.0009811
0.0009828
0.0009845
0.0009862
0.0009879
0.0009896
0.0009913
0.000993
0.0009947
0.0009964
0.00099811
0.00099981
0.0010015
0.0010032
0.0010049
0.0010066
0.0010083
0.00101
0.0010117
0.0010135
0.0010152
0.0010169
0.0010186
0.0010203
0.001022
0.0010237
0.0010254
0.0010271
0.0010288
0.0010305
0.0010323
0.001034
0.0010357
0.0010374
0.0010391
0.0010408
0.0010425
0.0010442
0.001046
0.0010477
0.0010494
0.0010511
0.0010528
0.0010545
0.0010562
0.0010579
0.0010597
0.0010614
0.0010631
0.0010648
0.0010665
0.0010682
0.0010699
0.0010717
0.0010734
0.0010751
0.0010768
0.0010785
0.0010802
0.0010819
0.0010837
0.0010854
0.0010871
0.0010888
0.0010905
0.0010922
0.0010939
0.0010956
0.0010974
0.0010991
0.0011008
0.0011025
0.0011042
0.0011059
0.0011076
0.0011093
0.001111
0.0011128
0.0011145
0.0011162
0.0011179
0.0011196
0.0011213
0.001123
0.0011247
0.0011264
0.0011281
0.0011298
0.0011315
0.0011332
0.0011349
0.0011366
0.0011383
0.00114
0.0011418
0.0011435
0.0011452
0.0011469
0.0011486
0.0011502
0.0011519
0.0011536
0.0011553
0.001157
0.0011587
0.0011604
0.0011621
0.0011638
0.0011655
0.0011672
0.0011689
0.0011706
0.0011723
0.0011739
0.0011756
0.0011773
0.001179
0.0011807
0.0011824
0.0011841
0.0011857
0.0011874
0.0011891
0.0011908
0.0011924
0.0011941
0.0011958
0.0011975
0.0011991
0.0012008
0.0012025
0.0012041
0.0012058
0.0012075
0.0012091
0.0012108
0.0012125
0.0012141
0.0012158
0.0012175
0.0012191
0.0012208
0.0012224
0.0012241
0.0012257
0.0012274
0.001229
0.0012307
0.0012323
0.001234
0.0012356
0.0012372
0.0012389
0.0012405
0.0012422
0.0012438
0.0012454
0.0012471
0.0012487
0.0012503
0.0012519
0.0012536
0.0012552
0.0012568
0.0012584
0.0012601
0.0012617
0.0012633
0.0012649
0.0012665
0.0012681
0.0012697
0.0012713
0.0012729
0.0012745
0.0012761
0.0012777
0.0012793
0.0012809
0.0012825
0.0012841
0.0012857
0.0012873
0.0012889
0.0012904
0.001292
0.0012936
0.0012952
0.0012967
0.0012983
0.0012999
0.0013014
0.001303
0.0013046
0.0013061
0.0013077
0.0013092
0.0013108
0.0013123
0.0013139
0.0013154
0.001317
0.0013185
0.00132
0.0013216
0.0013231
0.0013246
0.0013262
0.0013277
0.0013292
0.0013307
0.0013323
0.0013338
0.0013353
0.0013368
0.0013383
0.0013398
0.0013413
0.0013428
0.0013443
0.0013458
0.0013473
0.0013488
0.0013502
0.0013517
0.0013532
0.0013547
0.0013561
0.0013576
0.0013591
0.0013605
0.001362
0.0013635
0.0013649
0.0013664
0.0013678
0.0013693
0.0013707
0.0013721
0.0013736
0.001375
0.0013764
0.0013779
0.0013793
0.0013807
0.0013821
0.0013835
0.0013849
0.0013864
0.0013878
0.0013892
0.0013905
0.0013919
0.0013933
0.0013947
0.0013961
0.0013975
0.0013989
0.0014002
0.0014016
0.001403
0.0014043
0.0014057
0.001407
0.0014084
0.0014097
0.0014111
0.0014124
0.0014137
0.0014151
0.0014164
0.0014177
0.001419
0.0014204
0.0014217
0.001423
0.0014243
0.0014256
0.0014269
0.0014282
0.0014295
0.0014307
0.001432
0.0014333
0.0014346
0.0014358
0.0014371
0.0014384
0.0014396
0.0014409
0.0014421
0.0014434
0.0014446
0.0014458
0.0014471
0.0014483
0.0014495
0.0014507
0.0014519
0.0014532
0.0014544
0.0014556
0.0014568
0.0014579
0.0014591
0.0014603
0.0014615
0.0014627
0.0014638
0.001465
0.0014662
0.0014673
0.0014685
0.0014696
0.0014708
0.0014719
0.001473
0.0014742
0.0014753
0.0014764
0.0014775
0.0014786
0.0014797
0.0014808
0.0014819
0.001483
0.0014841
0.0014852
0.0014862
0.0014873
0.0014884
0.0014894
0.0014905
0.0014915
0.0014926
0.0014936
0.0014946
0.0014957
0.0014967
0.0014977
0.0014987
0.0014997
0.0015007
0.0015017
0.0015027
0.0015037
0.0015047
0.0015057
0.0015066
0.0015076
0.0015086
0.0015095
0.0015105
0.0015114
0.0015124
0.0015133
0.0015142
0.0015151
0.0015161
0.001517
0.0015179
0.0015188
0.0015197
0.0015206
0.0015215
0.0015223
0.0015232
0.0015241
0.0015249
0.0015258
0.0015266
0.0015275
0.0015283
0.0015291
0.00153
0.0015308
0.0015316
0.0015324
0.0015332
0.001534
0.0015348
0.0015356
0.0015364
0.0015371
0.0015379
0.0015387
0.0015394
0.0015402
0.0015409
0.0015417
0.0015424
0.0015431
0.0015438
0.0015446
0.0015453
0.001546
0.0015467
0.0015473
0.001548
0.0015487
0.0015494
0.00155
0.0015507
0.0015513
0.001552
0.0015526
0.0015532
0.0015539
0.0015545
0.0015551
0.0015557
0.0015563
0.0015569
0.0015575
0.0015581
0.0015586
0.0015592
0.0015598
0.0015603
0.0015609
0.0015614
0.0015619
0.0015625
0.001563
0.0015635
0.001564
0.0015645
0.001565
0.0015655
0.001566
0.0015664
0.0015669
0.0015674
0.0015678
0.0015683
0.0015687
0.0015691
0.0015696
0.00157
0.0015704
0.0015708
0.0015712
0.0015716
0.001572
0.0015724
0.0015727
0.0015731
0.0015734
0.0015738
0.0015741
0.0015745
0.0015748
0.0015751
0.0015754
0.0015757
0.001576
0.0015763
0.0015766
0.0015769
0.0015772
0.0015774
0.0015777
0.0015779
0.0015782
0.0015784
0.0015786
0.0015789
0.0015791
0.0015793
0.0015795
0.0015797
0.0015799
0.00158
0.0015802
0.0015804
0.0015805
0.0015807
0.0015808
0.0015809
0.0015811
0.0015812
0.0015813
0.0015814
0.0015815
0.0015816
0.0015816
0.0015817
0.0015818
0.0015818
0.0015819
0.0015819
0.001582
0.001582
0.001582
0.001582
0.001582
0.001582
0.001582
0.001582
0.001582
0.0015819
0.0015819
0.0015818
0.0015818
0.0015817
0.0015816
0.0015816
0.0015815
0.0015814
0.0015813
0.0015812
0.001581
0.0015809
0.0015808
0.0015806
0.0015805
0.0015803
0.0015802
0.00158
0.0015798
0.0015796
0.0015794
0.0015792
0.001579
0.0015788
0.0015785
0.0015783
0.0015781
0.0015778
0.0015775
0.0015773
0.001577
0.0015767
0.0015764
0.0015761
0.0015758
0.0015755
0.0015752
0.0015748
0.0015745
0.0015741
0.0015738
0.0015734
0.001573
0.0015727
0.0015723
0.0015719
0.0015715
0.0015711
0.0015706
0.0015702
0.0015698
0.0015693
0.0015689
0.0015684
0.0015679
0.0015675
0.001567
0.0015665
0.001566
0.0015655
0.0015649
0.0015644
0.0015639
0.0015633
0.0015628
0.0015622
0.0015617
0.0015611
0.0015605
0.0015599
0.0015593
0.0015587
0.0015581
0.0015574
0.0015568
0.0015562
0.0015555
0.0015549
0.0015542
0.0015535
0.0015528
0.0015521
0.0015514
0.0015507
0.00155
0.0015493
0.0015486
0.0015478
0.0015471
0.0015463
0.0015456
0.0015448
0.001544
0.0015432
0.0015424
0.0015416
0.0015408
0.00154
0.0015391
0.0015383
0.0015374
0.0015366
0.0015357
0.0015349
0.001534
0.0015331
0.0015322
0.0015313
0.0015304
0.0015294
0.0015285
0.0015276
0.0015266
0.0015257
0.0015247
0.0015237
0.0015228
0.0015218
0.0015208
0.0015198
0.0015188
0.0015177
0.0015167
0.0015157
0.0015146
0.0015136
0.0015125
0.0015114
0.0015104
0.0015093
0.0015082
0.0015071
0.001506
0.0015048
0.0015037
0.0015026
0.0015014
0.0015003
0.0014991
0.001498
0.0014968
0.0014956
0.0014944
0.0014932
0.001492
0.0014908
0.0014896
0.0014883
0.0014871
0.0014858
0.0014846
0.0014833
0.001482
0.0014807
0.0014795
0.0014782
0.0014768
0.0014755
0.0014742
0.0014729
0.0014715
0.0014702
0.0014688
0.0014675
0.0014661
0.0014647
0.0014633
0.0014619
0.0014605
0.0014591
0.0014577
0.0014563
0.0014548
0.0014534
0.001452
0.0014505
0.001449
0.0014476
0.0014461
0.0014446
0.0014431
0.0014416
0.0014401
0.0014385
0.001437
0.0014355
0.0014339
0.0014324
0.0014308
0.0014292
0.0014277
0.0014261
0.0014245
0.0014229
0.0014213
0.0014197
0.001418
0.0014164
0.0014148
0.0014131
0.0014115
0.0014098
0.0014081
0.0014065
0.0014048
0.0014031
0.0014014
0.0013997
0.001398
0.0013962
0.0013945
0.0013928
0.001391
0.0013893
0.0013875
0.0013857
0.001384
0.0013822
0.0013804
0.0013786
0.0013768
0.001375
0.0013731
0.0013713
0.0013695
0.0013676
0.0013658
0.0013639
0.0013621
0.0013602
0.0013583
0.0013564
0.0013545
0.0013526
0.0013507
0.0013488
0.0013469
0.001345
0.001343
0.0013411
0.0013391
0.0013372
0.0013352
0.0013332
0.0013312
0.0013292
0.0013273
0.0013253
0.0013232
0.0013212
0.0013192
0.0013172
0.0013151
0.0013131
0.001311
0.001309
0.0013069
0.0013049
0.0013028
0.0013007
0.0012986
0.0012965
0.0012944
0.0012923
0.0012902
0.001288
0.0012859
0.0012838
0.0012816
0.0012795
0.0012773
0.0012751
0.001273
0.0012708
0.0012686
0.0012664
0.0012642
0.001262
0.0012598
0.0012576
0.0012554
0.0012531
0.0012509
0.0012486
0.0012464
0.0012441
0.0012419
0.0012396
0.0012373
0.001235
0.0012328
0.0012305
0.0012282
0.0012259
0.0012235
0.0012212
0.0012189
0.0012166
0.0012142
0.0012119
0.0012095
0.0012072
0.0012048
0.0012025
0.0012001
0.0011977
0.0011953
0.0011929
0.0011905
0.0011881
0.0011857
0.0011833
0.0011809
0.0011785
0.001176
0.0011736
0.0011712
0.0011687
0.0011662
0.0011638
0.0011613
0.0011589
0.0011564
0.0011539
0.0011514
0.0011489
0.0011464
0.0011439
0.0011414
0.0011389
0.0011364
0.0011338
0.0011313
0.0011288
0.0011262
0.0011237
0.0011211
0.0011186
0.001116
0.0011135
0.0011109
0.0011083
0.0011057
0.0011031
0.0011005
0.0010979
0.0010953
0.0010927
0.0010901
0.0010875
0.0010849
0.0010823
0.0010796
0.001077
0.0010743
0.0010717
0.001069
0.0010664
0.0010637
0.0010611
0.0010584
0.0010557
0.001053
0.0010504
0.0010477
0.001045
0.0010423
0.0010396
0.0010369
0.0010342
0.0010315
0.0010287
0.001026
0.0010233
0.0010206
0.0010178
0.0010151
0.0010123
0.0010096
0.0010069
0.0010041
0.0010013
0.00099857
0.0009958
0.00099303
0.00099026
0.00098748
0.00098469
0.00098191
0.00097912
0.00097632
0.00097352
0.00097072
0.00096792
0.00096511
0.00096229
0.00095948
0.00095666
0.00095383
0.00095101
0.00094817
0.00094534
0.0009425
0.00093966
0.00093682
0.00093397
0.00093112
0.00092826
0.0009254
0.00092254
0.00091968
0.00091681
0.00091394
0.00091107
0.00090819
0.00090531
0.00090243
0.00089954
0.00089665
0.00089376
0.00089086
0.00088796
0.00088506
0.00088216
0.00087925
0.00087634
0.00087343
0.00087052
0.0008676
0.00086468
0.00086176
0.00085883
0.0008559
0.00085297
0.00085004
0.0008471
0.00084417
0.00084123
0.00083828
0.00083534
0.00083239
0.00082944
0.00082649
0.00082353
0.00082058
0.00081762
0.00081466
0.00081169
0.00080873
0.00080576
0.00080279
0.00079982
0.00079685
0.00079387
0.00079089
0.00078791
0.00078493
0.00078195
0.00077896
0.00077598
0.00077299
0.00077
0.00076701
0.00076401
0.00076102
0.00075802
0.00075502
0.00075202
0.00074902
0.00074602
0.00074302
0.00074001
0.000737
0.00073399
0.00073099
0.00072797
0.00072496
0.00072195
0.00071893
0.00071592
0.0007129
0.00070988
0.00070686
0.00070384
0.00070082
0.0006978
0.00069477
0.00069175
0.00068873
0.0006857
0.00068267
0.00067964
0.00067662
0.00067359
0.00067056
0.00066753
0.00066449
0.00066146
0.00065843
0.0006554
0.00065236
0.00064933
0.00064629
0.00064326
0.00064022
0.00063718
0.00063415
0.00063111
0.00062807
0.00062504
0.000622
0.00061896
0.00061592
0.00061288
0.00060985
0.00060681
0.00060377
0.00060073
0.00059769
0.00059465
0.00059161
0.00058857
0.00058554
0.0005825
0.00057946
0.00057642
0.00057338
0.00057034
0.00056731
0.00056427
0.00056123
0.0005582
0.00055516
0.00055213
0.00054909
0.00054606
0.00054302
0.00053999
0.00053695
0.00053392
0.00053089
0.00052786
0.00052483
0.0005218
0.00051877
0.00051574
0.00051271
0.00050969
0.00050666
0.00050364
0.00050061
0.00049759
0.00049457
0.00049155
0.00048853
0.00048551
0.00048249
0.00047947
0.00047646
0.00047344
0.00047043
0.00046742
0.00046441
0.0004614
0.00045839
0.00045538
0.00045238
0.00044937
0.00044637
0.00044337
0.00044037
0.00043737
0.00043437
0.00043138
0.00042838
0.00042539
0.0004224
0.00041941
0.00041643
0.00041344
0.00041046
0.00040748
0.0004045
0.00040152
0.00039854
0.00039557
0.00039259
0.00038962
0.00038666
0.00038369
0.00038072
0.00037776
0.0003748
0.00037184
0.00036889
0.00036593
0.00036298
0.00036003
0.00035708
0.00035414
0.0003512
0.00034826
0.00034532
0.00034238
0.00033945
0.00033652
0.00033359
0.00033066
0.00032774
0.00032482
0.0003219
0.00031898
0.00031607
0.00031316
0.00031025
0.00030734
0.00030444
0.00030154
0.00029864
0.00029575
0.00029286
0.00028997
0.00028708
0.0002842
0.00028132
0.00027844
0.00027557
0.0002727
0.00026983
0.00026696
0.0002641
0.00026124
0.00025838
0.00025553
0.00025268
0.00024983
0.00024699
0.00024415
0.00024131
0.00023848
0.00023565
0.00023282
0.00023
0.00022718
0.00022436
0.00022154
0.00021873
0.00021593
0.00021312
0.00021032
0.00020753
0.00020473
0.00020194
0.00019916
0.00019638
0.0001936
0.00019082
0.00018805
0.00018528
0.00018252
0.00017976
0.000177
0.00017425
0.0001715
0.00016875
0.00016601
0.00016328
0.00016054
0.00015781
0.00015509
0.00015237
0.00014965
0.00014693
0.00014422
0.00014152
0.00013882
0.00013612
0.00013342
0.00013074
0.00012805
0.00012537
0.00012269
0.00012002
0.00011735
0.00011469
0.00011203
0.00010937
0.00010672
0.00010407
0.00010143
9.8789e-05
9.6155e-05
9.3525e-05
9.09e-05
8.8279e-05
8.5662e-05
8.305e-05
8.0442e-05
7.7839e-05
7.5241e-05
7.2646e-05
7.0057e-05
6.7472e-05
6.4892e-05
6.2316e-05
5.9745e-05
5.7178e-05
5.4617e-05
5.2059e-05
4.9507e-05
4.6959e-05
4.4416e-05
4.1878e-05
3.9345e-05
3.6816e-05
3.4292e-05
3.1773e-05
2.9259e-05
2.675e-05
2.4245e-05
2.1746e-05
1.9251e-05
1.6761e-05
1.4276e-05
1.1796e-05
9.3214e-06
6.8515e-06
4.3866e-06
1.9267e-06
-5.2821e-07
-2.978e-06
-5.4228e-06
-7.8625e-06
-1.0297e-05
-1.2727e-05
-1.5151e-05
-1.757e-05
-1.9984e-05
-2.2393e-05
-2.4797e-05
-2.7195e-05
-2.9589e-05
-3.1977e-05
-3.436e-05
-3.6737e-05
-3.911e-05
-4.1477e-05
-4.3838e-05
-4.6195e-05
-4.8546e-05
-5.0892e-05
-5.3232e-05
-5.5567e-05
-5.7897e-05
-6.0221e-05
-6.254e-05
-6.4853e-05
-6.7161e-05
-6.9464e-05
-7.1761e-05
-7.4053e-05
-7.6339e-05
-7.862e-05
-8.0895e-05
-8.3165e-05
-8.5429e-05
-8.7687e-05
-8.994e-05
-9.2188e-05
-9.443e-05
-9.6666e-05
-9.8896e-05
-0.00010112
-0.00010334
-0.00010555
-0.00010776
-0.00010997
-0.00011216
-0.00011435
-0.00011654
-0.00011872
-0.00012089
-0.00012306
-0.00012522
-0.00012738
-0.00012953
-0.00013168
-0.00013382
-0.00013595
-0.00013808
-0.0001402
-0.00014232
-0.00014443
-0.00014653
-0.00014863
-0.00015072
-0.00015281
-0.00015489
-0.00015697
-0.00015904
-0.0001611
-0.00016316
-0.00016521
-0.00016726
-0.0001693
-0.00017133
-0.00017336
-0.00017538
-0.0001774
-0.00017941
-0.00018141
-0.00018341
-0.0001854
-0.00018739
-0.00018937
-0.00019134
-0.00019331
-0.00019527
-0.00019723
-0.00019918
-0.00020112
-0.00020306
-0.00020499
-0.00020692
-0.00020884
-0.00021075
-0.00021266
-0.00021456
-0.00021645
-0.00021834
-0.00022023
-0.0002221
-0.00022398
-0.00022584
-0.0002277
-0.00022955
-0.0002314
-0.00023324
-0.00023507
-0.0002369
-0.00023872
-0.00024054
-0.00024235
-0.00024415
-0.00024595
-0.00024774
-0.00024952
-0.0002513
-0.00025307
-0.00025484
-0.0002566
-0.00025835
-0.0002601
-0.00026184
-0.00026358
-0.00026531
-0.00026703
-0.00026874
-0.00027045
-0.00027216
-0.00027386
-0.00027555
-0.00027723
-0.00027891
-0.00028058
-0.00028225
-0.00028391
-0.00028556
-0.00028721
-0.00028885
-0.00029049
-0.00029212
-0.00029374
-0.00029536
-0.00029697
-0.00029857
-0.00030017
-0.00030176
-0.00030334
-0.00030492
-0.00030649
-0.00030806
-0.00030962
-0.00031117
-0.00031272
-0.00031426
-0.0003158
-0.00031733
-0.00031885
-0.00032036
-0.00032187
-0.00032338
-0.00032487
-0.00032636
-0.00032785
-0.00032933
-0.0003308
-0.00033226
-0.00033372
-0.00033518
-0.00033662
-0.00033806
-0.0003395
-0.00034093
-0.00034235
-0.00034376
-0.00034517
-0.00034657
-0.00034797
-0.00034936
-0.00035074
-0.00035212
-0.00035349
-0.00035486
-0.00035622
-0.00035757
-0.00035892
-0.00036026
-0.00036159
-0.00036292
-0.00036424
-0.00036556
-0.00036686
-0.00036817
-0.00036946
-0.00037075
-0.00037204
-0.00037332
-0.00037459
-0.00037585
-0.00037711
-0.00037836
-0.00037961
-0.00038085
-0.00038209
-0.00038331
-0.00038453
-0.00038575
-0.00038696
-0.00038816
-0.00038936
-0.00039055
-0.00039174
-0.00039291
-0.00039409
-0.00039525
-0.00039641
-0.00039757
-0.00039871
-0.00039986
-0.00040099
-0.00040212
-0.00040324
-0.00040436
-0.00040547
-0.00040658
-0.00040767
-0.00040877
-0.00040985
-0.00041093
-0.00041201
-0.00041308
-0.00041414
-0.00041519
-0.00041624
-0.00041729
-0.00041833
-0.00041936
-0.00042038
-0.0004214
-0.00042242
-0.00042343
-0.00042443
-0.00042542
-0.00042641
-0.0004274
-0.00042837
-0.00042934
-0.00043031
-0.00043127
-0.00043222
-0.00043317
-0.00043411
-0.00043505
-0.00043598
-0.0004369
-0.00043782
-0.00043873
-0.00043964
-0.00044054
-0.00044143
-0.00044232
-0.00044321
-0.00044408
-0.00044495
-0.00044582
-0.00044668
-0.00044753
-0.00044838
-0.00044922
-0.00045006
-0.00045089
-0.00045171
-0.00045253
-0.00045334
-0.00045415
-0.00045495
-0.00045574
-0.00045653
-0.00045732
-0.0004581
-0.00045887
-0.00045963
-0.0004604
-0.00046115
-0.0004619
-0.00046264
-0.00046338
-0.00046411
-0.00046484
-0.00046556
-0.00046628
-0.00046699
-0.00046769
-0.00046839
-0.00046908
-0.00046977
-0.00047045
-0.00047113
-0.0004718
-0.00047247
-0.00047313
-0.00047378
-0.00047443
-0.00047507
-0.00047571
-0.00047634
-0.00047697
-0.00047759
-0.0004782
-0.00047881
-0.00047942
-0.00048002
-0.00048061
-0.0004812
-0.00048178
-0.00048236
-0.00048293
-0.0004835
-0.00048406
-0.00048462
-0.00048517
-0.00048572
-0.00048626
-0.00048679
-0.00048732
-0.00048784
-0.00048836
-0.00048888
-0.00048939
-0.00048989
-0.00049039
-0.00049088
-0.00049137
-0.00049185
-0.00049233
-0.0004928
-0.00049327
-0.00049373
-0.00049418
-0.00049464
-0.00049508
-0.00049552
-0.00049596
-0.00049639
-0.00049682
-0.00049724
-0.00049765
-0.00049806
-0.00049847
-0.00049887
-0.00049927
-0.00049966
-0.00050004
-0.00050042
-0.0005008
-0.00050117
-0.00050154
-0.0005019
-0.00050225
-0.0005026
-0.00050295
-0.00050329
-0.00050363
-0.00050396
-0.00050429
-0.00050461
-0.00050493
-0.00050524
-0.00050555
-0.00050585
-0.00050615
-0.00050644
-0.00050673
-0.00050701
-0.00050729
-0.00050757
-0.00050784
-0.0005081
-0.00050836
-0.00050862
-0.00050887
-0.00050911
-0.00050936
-0.00050959
-0.00050983
-0.00051005
-0.00051028
-0.0005105
-0.00051071
-0.00051092
-0.00051113
-0.00051133
-0.00051152
-0.00051171
-0.0005119
-0.00051208
-0.00051226
-0.00051244
-0.00051261
-0.00051277
-0.00051293
-0.00051309
-0.00051324
-0.00051339
-0.00051353
-0.00051367
-0.00051381
-0.00051394
-0.00051406
-0.00051418
-0.0005143
-0.00051442
-0.00051453
-0.00051463
-0.00051473
-0.00051483
-0.00051492
-0.00051501
-0.00051509
-0.00051517
-0.00051525
-0.00051532
-0.00051539
-0.00051545
-0.00051551
-0.00051557
-0.00051562
-0.00051566
-0.00051571
-0.00051575
-0.00051578
-0.00051581
-0.00051584
-0.00051586
-0.00051588
-0.0005159
-0.00051591
-0.00051592
-0.00051592
-0.00051592
-0.00051592
-0.00051591
-0.0005159
-0.00051588
-0.00051586
-0.00051584
-0.00051581
-0.00051578
-0.00051575
-0.00051571
-0.00051567
-0.00051562
-0.00051558
-0.00051552
-0.00051547
-0.00051541
-0.00051534
-0.00051527
-0.0005152
-0.00051513
-0.00051505
-0.00051497
-0.00051488
-0.00051479
-0.0005147
-0.00051461
-0.00051451
-0.0005144
-0.0005143
-0.00051419
-0.00051407
-0.00051396
-0.00051384
-0.00051371
-0.00051359
-0.00051345
-0.00051332
-0.00051318
-0.00051304
-0.0005129
-0.00051275
-0.0005126
-0.00051245
-0.00051229
-0.00051213
-0.00051197
-0.0005118
-0.00051163
-0.00051146
-0.00051128
-0.0005111
-0.00051092
-0.00051073
-0.00051054
-0.00051035
-0.00051015
-0.00050995
-0.00050975
-0.00050955
-0.00050934
-0.00050913
-0.00050892
-0.0005087
-0.00050848
-0.00050826
-0.00050803
-0.0005078
-0.00050757
-0.00050733
-0.0005071
-0.00050686
-0.00050661
-0.00050637
-0.00050612
-0.00050586
-0.00050561
-0.00050535
-0.00050509
-0.00050483
-0.00050456
-0.00050429
-0.00050402
-0.00050374
-0.00050347
-0.00050319
-0.0005029
-0.00050262
-0.00050233
-0.00050204
-0.00050175
-0.00050145
-0.00050115
-0.00050085
-0.00050054
-0.00050024
-0.00049993
-0.00049962
-0.0004993
-0.00049899
-0.00049867
-0.00049834
-0.00049802
-0.00049769
-0.00049736
-0.00049703
-0.0004967
-0.00049636
-0.00049602
-0.00049568
-0.00049533
-0.00049499
-0.00049464
-0.00049428
-0.00049393
-0.00049357
-0.00049322
-0.00049286
-0.00049249
-0.00049213
-0.00049176
-0.00049139
-0.00049102
-0.00049064
-0.00049027
-0.00048989
-0.0004895
-0.00048912
-0.00048874
-0.00048835
-0.00048796
-0.00048757
-0.00048717
-0.00048678
-0.00048638
-0.00048598
-0.00048557
-0.00048517
-0.00048476
-0.00048435
-0.00048394
-0.00048353
-0.00048311
-0.0004827
-0.00048228
-0.00048186
-0.00048143
-0.00048101
-0.00048058
-0.00048015
-0.00047972
-0.00047929
-0.00047886
-0.00047842
-0.00047798
-0.00047754
-0.0004771
-0.00047666
-0.00047621
-0.00047576
-0.00047531
-0.00047486
-0.00047441
-0.00047396
-0.0004735
-0.00047304
-0.00047258
-0.00047212
-0.00047166
-0.00047119
-0.00047073
-0.00047026
-0.00046979
-0.00046932
-0.00046884
-0.00046837
-0.00046789
-0.00046741
-0.00046693
-0.00046645
-0.00046597
-0.00046549
-0.000465
-0.00046451
-0.00046402
-0.00046353
-0.00046304
-0.00046255
-0.00046205
-0.00046156
-0.00046106
-0.00046056
-0.00046006
-0.00045956
-0.00045905
-0.00045855
-0.00045804
-0.00045753
-0.00045702
-0.00045651
-0.000456
-0.00045549
-0.00045497
-0.00045446
-0.00045394
-0.00045342
-0.0004529
-0.00045238
-0.00045186
-0.00045134
-0.00045081
-0.00045028
-0.00044976
-0.00044923
-0.0004487
-0.00044817
-0.00044764
-0.0004471
-0.00044657
-0.00044603
-0.00044549
-0.00044496
-0.00044442
-0.00044388
-0.00044334
-0.00044279
-0.00044225
-0.00044171
-0.00044116
-0.00044061
-0.00044007
-0.00043952
-0.00043897
-0.00043842
-0.00043787
-0.00043731
-0.00043676
-0.0004362
-0.00043565
-0.00043509
-0.00043453
-0.00043398
-0.00043342
-0.00043286
-0.00043229
-0.00043173
-0.00043117
-0.0004306
-0.00043004
-0.00042947
-0.00042891
-0.00042834
-0.00042777
-0.0004272
-0.00042663
-0.00042606
-0.00042549
-0.00042492
-0.00042434
-0.00042377
-0.0004232
-0.00042262
-0.00042204
-0.00042147
-0.00042089
-0.00042031
-0.00041973
-0.00041915
-0.00041857
-0.00041799
-0.00041741
-0.00041683
-0.00041624
-0.00041566
-0.00041508
-0.00041449
-0.00041391
-0.00041332
-0.00041273
-0.00041214
-0.00041156
-0.00041097
-0.00041038
-0.00040979
-0.0004092
-0.00040861
-0.00040802
-0.00040742
-0.00040683
-0.00040624
-0.00040564
-0.00040505
-0.00040446
-0.00040386
-0.00040327
-0.00040267
-0.00040207
-0.00040148
-0.00040088
-0.00040028
-0.00039968
-0.00039908
-0.00039849
-0.00039789
-0.00039729
-0.00039669
-0.00039609
-0.00039548
-0.00039488
-0.00039428
-0.00039368
-0.00039308
-0.00039247
-0.00039187
-0.00039127
-0.00039066
-0.00039006
-0.00038946
-0.00038885
-0.00038825
-0.00038764
-0.00038704
-0.00038643
-0.00038582
-0.00038522
-0.00038461
-0.000384
-0.0003834
-0.00038279
-0.00038218
-0.00038158
-0.00038097
-0.00038036
-0.00037975
-0.00037914
-0.00037853
-0.00037793
-0.00037732
-0.00037671
-0.0003761
-0.00037549
-0.00037488
-0.00037427
-0.00037366
-0.00037305
-0.00037244
-0.00037183
-0.00037122
-0.00037061
-0.00037
-0.00036939
-0.00036878
-0.00036817
-0.00036756
-0.00036695
-0.00036634
-0.00036573
-0.00036512
-0.00036451
-0.00036389
-0.00036328
-0.00036267
-0.00036206
-0.00036145
-0.00036084
-0.00036023
-0.00035962
-0.00035901
-0.0003584
-0.00035779
-0.00035718
-0.00035657
-0.00035596
-0.00035535
-0.00035474
-0.00035413
-0.00035352
-0.00035291
-0.0003523
-0.00035169
-0.00035108
-0.00035047
-0.00034986
-0.00034925
-0.00034864
-0.00034803
-0.00034742
-0.00034681
-0.0003462
-0.00034559
-0.00034498
-0.00034438
-0.00034377
-0.00034316
-0.00034255
-0.00034194
-0.00034134
-0.00034073
-0.00034012
-0.00033952
-0.00033891
-0.0003383
-0.0003377
-0.00033709
-0.00033648
-0.00033588
-0.00033527
-0.00033467
-0.00033406
-0.00033346
-0.00033286
-0.00033225
-0.00033165
-0.00033104
-0.00033044
-0.00032984
-0.00032924
-0.00032863
-0.00032803
-0.00032743
-0.00032683
-0.00032623
-0.00032563
-0.00032503
-0.00032443
-0.00032383
-0.00032323
-0.00032263
-0.00032203
-0.00032143
-0.00032083
-0.00032023
-0.00031964
-0.00031904
-0.00031844
-0.00031785
-0.00031725
-0.00031665
-0.00031606
-0.00031546
-0.00031487
-0.00031428
-0.00031368
-0.00031309
-0.0003125
-0.0003119
-0.00031131
-0.00031072
-0.00031013
-0.00030954
-0.00030895
-0.00030836
-0.00030777
-0.00030718
-0.00030659
-0.000306
-0.00030541
-0.00030483
-0.00030424
-0.00030365
-0.00030307
-0.00030248
-0.0003019
-0.00030131
-0.00030073
-0.00030015
-0.00029956
-0.00029898
-0.0002984
-0.00029782
-0.00029724
-0.00029666
-0.00029608
-0.0002955
-0.00029492
-0.00029434
-0.00029376
-0.00029318
-0.00029261
-0.00029203
-0.00029145
-0.00029088
-0.0002903
-0.00028973
-0.00028916
-0.00028858
-0.00028801
-0.00028744
-0.00028687
-0.0002863
-0.00028573
-0.00028516
-0.00028459
-0.00028402
-0.00028345
-0.00028288
-0.00028232
-0.00028175
-0.00028119
-0.00028062
-0.00028006
-0.00027949
-0.00027893
-0.00027837
-0.0002778
-0.00027724
-0.00027668
-0.00027612
-0.00027556
-0.000275
-0.00027444
-0.00027389
-0.00027333
-0.00027277
-0.00027222
-0.00027166
-0.00027111
-0.00027055
-0.00027
-0.00026945
-0.0002689
-0.00026834
-0.00026779
-0.00026724
-0.00026669
-0.00026615
-0.0002656
-0.00026505
-0.0002645
-0.00026396
-0.00026341
-0.00026287
-0.00026232
-0.00026178
-0.00026124
-0.0002607
-0.00026016
-0.00025961
-0.00025907
-0.00025854
-0.000258
-0.00025746
-0.00025692
-0.00025639
-0.00025585
-0.00025532
-0.00025478
-0.00025425
-0.00025371
-0.00025318
-0.00025265
-0.00025212
-0.00025159
-0.00025106
-0.00025053
-0.00025
-0.00024948
-0.00024895
-0.00024843
-0.0002479
-0.00024738
-0.00024685
-0.00024633
-0.00024581
-0.00024529
-0.00024477
-0.00024425
-0.00024373
-0.00024321
-0.00024269
-0.00024218
-0.00024166
-0.00024115
-0.00024063
-0.00024012
-0.00023961
-0.00023909
-0.00023858
-0.00023807
-0.00023756
-0.00023705
-0.00023654
-0.00023604
-0.00023553
-0.00023502
-0.00023452
-0.00023402
-0.00023351
-0.00023301
-0.00023251
-0.00023201
-0.00023151
-0.00023101
-0.00023051
-0.00023001
-0.00022951
-0.00022902
-0.00022852
-0.00022803
-0.00022753
-0.00022704
-0.00022655
-0.00022605
-0.00022556
-0.00022507
-0.00022458
-0.0002241
-0.00022361
-0.00022312
-0.00022264
-0.00022215
-0.00022167
-0.00022118
-0.0002207
-0.00022022
-0.00021974
-0.00021926
-0.00021878
-0.0002183
-0.00021782
-0.00021735
-0.00021687
-0.00021639
-0.00021592
-0.00021545
-0.00021497
-0.0002145
-0.00021403
-0.00021356
-0.00021309
-0.00021262
-0.00021216
-0.00021169
-0.00021122
-0.00021076
-0.00021029
-0.00020983
-0.00020937
-0.00020891
-0.00020844
-0.00020798
-0.00020753
-0.00020707
-0.00020661
-0.00020615
-0.0002057
-0.00020524
-0.00020479
-0.00020434
-0.00020388
-0.00020343
-0.00020298
-0.00020253
-0.00020208
-0.00020163
-0.00020119
-0.00020074
-0.0002003
-0.00019985
-0.00019941
-0.00019896
-0.00019852
-0.00019808
-0.00019764
-0.0001972
-0.00019676
-0.00019633
-0.00019589
-0.00019545
-0.00019502
-0.00019458
-0.00019415
-0.00019372
-0.00019329
-0.00019286
-0.00019243
-0.000192
-0.00019157
-0.00019114
-0.00019072
-0.00019029
-0.00018987
-0.00018945
-0.00018902
-0.0001886
-0.00018818
-0.00018776
-0.00018734
-0.00018692
-0.00018651
-0.00018609
-0.00018567
-0.00018526
-0.00018485
-0.00018443
-0.00018402
-0.00018361
-0.0001832
-0.00018279
-0.00018238
-0.00018198
-0.00018157
-0.00018116
-0.00018076
-0.00018036
-0.00017995
-0.00017955
-0.00017915
-0.00017875
-0.00017835
-0.00017795
-0.00017755
-0.00017716
-0.00017676
-0.00017637
-0.00017597
-0.00017558
-0.00017519
-0.0001748
-0.00017441
-0.00017402
-0.00017363
-0.00017324
-0.00017286
-0.00017247
-0.00017208
-0.0001717
-0.00017132
-0.00017094
-0.00017055
-0.00017017
-0.00016979
-0.00016942
-0.00016904
-0.00016866
-0.00016829
-0.00016791
-0.00016754
-0.00016717
-0.00016679
-0.00016642
-0.00016605
-0.00016568
-0.00016531
-0.00016495
-0.00016458
-0.00016421
-0.00016385
-0.00016349
-0.00016312
-0.00016276
-0.0001624
-0.00016204
-0.00016168
-0.00016132
-0.00016096
-0.00016061
-0.00016025
-0.0001599
-0.00015954
-0.00015919
-0.00015884
-0.00015849
-0.00015814
-0.00015779
-0.00015744
-0.00015709
-0.00015675
-0.0001564
-0.00015606
-0.00015571
-0.00015537
-0.00015503
-0.00015469
-0.00015435
-0.00015401
-0.00015367
-0.00015333
-0.000153
-0.00015266
-0.00015233
-0.00015199
-0.00015166
-0.00015133
-0.000151
-0.00015067
-0.00015034
-0.00015001
-0.00014968
-0.00014936
-0.00014903
-0.00014871
-0.00014838
-0.00014806
-0.00014774
-0.00014742
-0.0001471
-0.00014678
-0.00014646
-0.00014614
-0.00014583
-0.00014551
-0.0001452
-0.00014488
-0.00014457
-0.00014426
-0.00014395
-0.00014364
-0.00014333
-0.00014302
-0.00014272
-0.00014241
-0.0001421
-0.0001418
-0.0001415
-0.00014119
-0.00014089
-0.00014059
-0.00014029
-0.00013999
-0.0001397
-0.0001394
-0.0001391
-0.00013881
-0.00013851
-0.00013822
-0.00013793
-0.00013763
-0.00013734
-0.00013705
-0.00013677
-0.00013648
-0.00013619
-0.0001359
-0.00013562
-0.00013533
-0.00013505
-0.00013477
-0.00013449
-0.00013421
-0.00013393
-0.00013365
-0.00013337
-0.00013309
-0.00013282
-0.00013254
-0.00013227
-0.00013199
-0.00013172
-0.00013145
-0.00013118
-0.00013091
-0.00013064
-0.00013037
-0.0001301
-0.00012984
-0.00012957
-0.00012931
-0.00012904
-0.00012878
-0.00012852
-0.00012826
-0.000128
-0.00012774
-0.00012748
-0.00012722
-0.00012696
-0.00012671
-0.00012645
-0.0001262
-0.00012594
-0.00012569
-0.00012544
-0.00012519
-0.00012494
-0.00012469
-0.00012444
-0.0001242
-0.00012395
-0.00012371
-0.00012346
-0.00012322
-0.00012298
-0.00012273
-0.00012249
-0.00012225
-0.00012201
-0.00012178
-0.00012154
-0.0001213
-0.00012107
-0.00012083
-0.0001206
-0.00012036
-0.00012013
-0.0001199
-0.00011967
-0.00011944
-0.00011921
-0.00011898
-0.00011876
-0.00011853
-0.0001183
-0.00011808
-0.00011786
-0.00011763
-0.00011741
-0.00011719
-0.00011697
-0.00011675
-0.00011653
-0.00011631
-0.0001161
-0.00011588
-0.00011566
-0.00011545
-0.00011524
-0.00011502
-0.00011481
-0.0001146
-0.00011439
-0.00011418
-0.00011397
-0.00011376
-0.00011356
-0.00011335
-0.00011314
-0.00011294
-0.00011274
-0.00011253
-0.00011233
-0.00011213
-0.00011193
-0.00011173
-0.00011153
-0.00011133
-0.00011114
-0.00011094
-0.00011074
-0.00011055
-0.00011035
-0.00011016
-0.00010997
-0.00010978
-0.00010959
-0.0001094
-0.00010921
-0.00010902
-0.00010883
-0.00010864
-0.00010846
-0.00010827
-0.00010809
-0.0001079
-0.00010772
-0.00010754
-0.00010736
-0.00010718
-0.000107
-0.00010682
-0.00010664
-0.00010646
-0.00010628
-0.00010611
-0.00010593
-0.00010576
-0.00010558
-0.00010541
-0.00010524
-0.00010507
-0.0001049
-0.00010473
-0.00010456
-0.00010439
-0.00010422
-0.00010405
-0.00010389
-0.00010372
-0.00010356
-0.00010339
-0.00010323
-0.00010307
-0.0001029
-0.00010274
-0.00010258
-0.00010242
-0.00010226
-0.0001021
-0.00010195
-0.00010179
-0.00010163
-0.00010148
-0.00010132
-0.00010117
-0.00010101
-0.00010086
-0.00010071
-0.00010056
-0.00010041
-0.00010026
-0.00010011
-9.996e-05
-9.9812e-05
-9.9664e-05
-9.9518e-05
-9.9372e-05
-9.9226e-05
-9.9082e-05
-9.8938e-05
-9.8794e-05
-9.8652e-05
-9.851e-05
-9.8368e-05
-9.8228e-05
-9.8088e-05
-9.7948e-05
-9.781e-05
-9.7671e-05
-9.7534e-05
-9.7397e-05
-9.7261e-05
-9.7125e-05
-9.6991e-05
-9.6856e-05
-9.6723e-05
-9.659e-05
-9.6457e-05
-9.6325e-05
-9.6194e-05
-9.6064e-05
-9.5934e-05
-9.5804e-05
-9.5675e-05
-9.5547e-05
-9.542e-05
-9.5293e-05
-9.5166e-05
-9.5041e-05
-9.4915e-05
-9.4791e-05
-9.4667e-05
-9.4543e-05
-9.4421e-05
-9.4298e-05
-9.4177e-05
-9.4055e-05
-9.3935e-05
-9.3815e-05
-9.3695e-05
-9.3577e-05
-9.3458e-05
-9.334e-05
-9.3223e-05
-9.3106e-05
-9.299e-05
-9.2875e-05
-9.276e-05
-9.2645e-05
-9.2531e-05
-9.2418e-05
-9.2305e-05
-9.2192e-05
-9.208e-05
-9.1969e-05
-9.1858e-05
-9.1748e-05
-9.1638e-05
-9.1528e-05
-9.142e-05
-9.1311e-05
-9.1203e-05
-9.1096e-05
-9.0989e-05
-9.0883e-05
-9.0777e-05
-9.0671e-05
-9.0566e-05
-9.0462e-05
-9.0358e-05
-9.0254e-05
-9.0151e-05
-9.0049e-05
-8.9946e-05
-8.9845e-05
-8.9743e-05
-8.9643e-05
-8.9542e-05
-8.9442e-05
-8.9343e-05
-8.9244e-05
-8.9145e-05
-8.9047e-05
-8.8949e-05
-8.8852e-05
-8.8755e-05
-8.8658e-05
-8.8562e-05
-8.8466e-05
-8.8371e-05
-8.8276e-05
-8.8182e-05
-8.8088e-05
-8.7994e-05
-8.7901e-05
-8.7808e-05
-8.7715e-05
-8.7623e-05
-8.7531e-05
-8.744e-05
-8.7349e-05
-8.7258e-05
-8.7168e-05
-8.7078e-05
-8.6988e-05
-8.6899e-05
-8.681e-05
-8.6721e-05
-8.6633e-05
-8.6545e-05
-8.6458e-05
-8.637e-05
-8.6284e-05
-8.6197e-05
-8.6111e-05
-8.6025e-05
-8.5939e-05
-8.5854e-05
-8.5769e-05
-8.5684e-05
-8.56e-05
-8.5516e-05
-8.5432e-05
-8.5348e-05
-8.5265e-05
-8.5182e-05
-8.51e-05
-8.5017e-05
-8.4935e-05
-8.4853e-05
-8.4772e-05
-8.469e-05
-8.4609e-05
-8.4529e-05
-8.4448e-05
-8.4368e-05
-8.4288e-05
-8.4208e-05
-8.4128e-05
-8.4049e-05
-8.397e-05
-8.3891e-05
-8.3812e-05
-8.3734e-05
-8.3656e-05
-8.3578e-05
-8.35e-05
-8.3423e-05
-8.3345e-05
-8.3268e-05
-8.3191e-05
-8.3114e-05
-8.3038e-05
-8.2961e-05
-8.2885e-05
-8.2809e-05
-8.2733e-05
-8.2658e-05
-8.2582e-05
-8.2507e-05
-8.2432e-05
-8.2357e-05
-8.2282e-05
-8.2207e-05
-8.2133e-05
-8.2058e-05
-8.1984e-05
-8.191e-05
-8.1836e-05
-8.1762e-05
-8.1689e-05
-8.1615e-05
-8.1542e-05
-8.1468e-05
-8.1395e-05
-8.1322e-05
-8.1249e-05
-8.1176e-05
-8.1104e-05
-8.1031e-05
-8.0958e-05
-8.0886e-05
-8.0814e-05
-8.0741e-05
-8.0669e-05
-8.0597e-05
-8.0525e-05
-8.0453e-05
-8.0381e-05
-8.031e-05
-8.0238e-05
-8.0166e-05
-8.0095e-05
-8.0023e-05
-7.9952e-05
-7.988e-05
-7.9809e-05
-7.9738e-05
-7.9666e-05
-7.9595e-05
-7.9524e-05
-7.9453e-05
-7.9382e-05
-7.9311e-05
-7.9239e-05
-7.9168e-05
-7.9097e-05
-7.9026e-05
-7.8955e-05
-7.8884e-05
-7.8814e-05
-7.8743e-05
-7.8672e-05
-7.8601e-05
-7.853e-05
-7.8459e-05
-7.8388e-05
-7.8317e-05
-7.8246e-05
-7.8175e-05
-7.8104e-05
-7.8033e-05
-7.7962e-05
-7.7891e-05
-7.782e-05
-7.7749e-05
-7.7677e-05
-7.7606e-05
-7.7535e-05
-7.7464e-05
-7.7393e-05
-7.7321e-05
-7.725e-05
-7.7178e-05
-7.7107e-05
-7.7035e-05
-7.6964e-05
-7.6892e-05
-7.682e-05
-7.6749e-05
-7.6677e-05
-7.6605e-05
-7.6533e-05
-7.6461e-05
-7.6389e-05
-7.6317e-05
-7.6244e-05
-7.6172e-05
-7.61e-05
-7.6027e-05
-7.5954e-05
-7.5882e-05
-7.5809e-05
-7.5736e-05
-7.5663e-05
-7.559e-05
-7.5517e-05
-7.5444e-05
-7.537e-05
-7.5297e-05
-7.5224e-05
-7.515e-05
-7.5076e-05
-7.5002e-05
-7.4928e-05
-7.4854e-05
-7.478e-05
-7.4706e-05
-7.4631e-05
-7.4557e-05
-7.4482e-05
-7.4407e-05
-7.4333e-05
-7.4258e-05
-7.4183e-05
-7.4107e-05
-7.4032e-05
-7.3956e-05
-7.3881e-05
-7.3805e-05
-7.3729e-05
-7.3653e-05
-7.3577e-05
-7.3501e-05
-7.3424e-05
-7.3348e-05
-7.3271e-05
-7.3194e-05
-7.3117e-05
-7.304e-05
-7.2963e-05
-7.2886e-05
-7.2808e-05
-7.273e-05
-7.2653e-05
-7.2575e-05
-7.2497e-05
-7.2418e-05
-7.234e-05
-7.2262e-05
-7.2183e-05
-7.2104e-05
-7.2025e-05
-7.1946e-05
-7.1867e-05
-7.1787e-05
-7.1708e-05
-7.1628e-05
-7.1548e-05
-7.1468e-05
-7.1388e-05
-7.1308e-05
-7.1227e-05
-7.1147e-05
-7.1066e-05
-7.0985e-05
-7.0904e-05
-7.0823e-05
-7.0742e-05
-7.066e-05
-7.0579e-05
-7.0497e-05
-7.0415e-05
-7.0333e-05
-7.0251e-05
-7.0168e-05
-7.0086e-05
-7.0003e-05
-6.992e-05
-6.9837e-05
-6.9754e-05
-6.9671e-05
-6.9587e-05
-6.9504e-05
-6.942e-05
-6.9336e-05
-6.9252e-05
-6.9168e-05
-6.9084e-05
-6.8999e-05
-6.8915e-05
-6.883e-05
-6.8745e-05
-6.866e-05
-6.8575e-05
-6.849e-05
-6.8404e-05
-6.8319e-05
-6.8233e-05
-6.8147e-05
-6.8061e-05
-6.7975e-05
-6.7889e-05
-6.7802e-05
-6.7716e-05
-6.7629e-05
-6.7542e-05
-6.7456e-05
-6.7369e-05
-6.7281e-05
-6.7194e-05
-6.7107e-05
-6.7019e-05
-6.6932e-05
-6.6844e-05
-6.6756e-05
-6.6668e-05
-6.658e-05
-6.6491e-05
-6.6403e-05
-6.6315e-05
-6.6226e-05
-6.6137e-05
-6.6049e-05
-6.596e-05
-6.5871e-05
-6.5781e-05
-6.5692e-05
-6.5603e-05
-6.5513e-05
-6.5424e-05
-6.5334e-05
-6.5244e-05
-6.5155e-05
-6.5065e-05
-6.4975e-05
-6.4884e-05
-6.4794e-05
-6.4704e-05
-6.4613e-05
-6.4523e-05
-6.4432e-05
-6.4342e-05
-6.4251e-05
-6.416e-05
-6.4069e-05
-6.3978e-05
-6.3887e-05
-6.3796e-05
-6.3705e-05
-6.3613e-05
-6.3522e-05
-6.343e-05
-6.3339e-05
-6.3247e-05
-6.3156e-05
-6.3064e-05
-6.2972e-05
-6.288e-05
-6.2788e-05
-6.2696e-05
-6.2604e-05
-6.2512e-05
-6.242e-05
-6.2328e-05
-6.2236e-05
-6.2143e-05
-6.2051e-05
-6.1959e-05
-6.1866e-05
-6.1774e-05
-6.1681e-05
-6.1589e-05
-6.1496e-05
-6.1403e-05
-6.131e-05
-6.1218e-05
-6.1125e-05
-6.1032e-05
-6.0939e-05
-6.0846e-05
-6.0753e-05
-6.0661e-05
-6.0568e-05
-6.0475e-05
-6.0382e-05
-6.0288e-05
-6.0195e-05
-6.0102e-05
-6.0009e-05
-5.9916e-05
-5.9823e-05
-5.973e-05
-5.9636e-05
-5.9543e-05
-5.945e-05
-5.9357e-05
-5.9263e-05
-5.917e-05
-5.9077e-05
-5.8983e-05
-5.889e-05
-5.8797e-05
-5.8703e-05
-5.861e-05
-5.8517e-05
-5.8423e-05
-5.833e-05
-5.8237e-05
-5.8143e-05
-5.805e-05
-5.7956e-05
-5.7863e-05
-5.777e-05
-5.7676e-05
-5.7583e-05
-5.7489e-05
-5.7396e-05
-5.7303e-05
-5.7209e-05
-5.7116e-05
-5.7022e-05
-5.6929e-05
-5.6836e-05
-5.6742e-05
-5.6649e-05
