0.00099614
0.00099783
0.00099952
0.0010012
0.0010029
0.0010046
0.0010063
0.001008
0.0010097
0.0010114
0.001013
0.0010147
0.0010164
0.0010181
0.0010198
0.0010215
0.0010232
0.0010249
0.0010266
0.0010283
0.0010299
0.0010316
0.0010333
0.001035
0.0010367
0.0010384
0.0010401
0.0010418
0.0010435
0.0010451
0.0010468
0.0010485
0.0010502
0.0010519
0.0010536
0.0010553
0.001057
0.0010586
0.0010603
0.001062
0.0010637
0.0010654
0.0010671
0.0010687
0.0010704
0.0010721
0.0010738
0.0010755
0.0010772
0.0010788
0.0010805
0.0010822
0.0010839
0.0010855
0.0010872
0.0010889
0.0010906
0.0010922
0.0010939
0.0010956
0.0010973
0.0010989
0.0011006
0.0011023
0.0011039
0.0011056
0.0011073
0.0011089
0.0011106
0.0011123
0.0011139
0.0011156
0.0011172
0.0011189
0.0011206
0.0011222
0.0011239
0.0011255
0.0011272
0.0011288
0.0011305
0.0011321
0.0011338
0.0011354
0.0011371
0.0011387
0.0011403
0.001142
0.0011436
0.0011452
0.0011469
0.0011485
0.0011501
0.0011518
0.0011534
0.001155
0.0011567
0.0011583
0.0011599
0.0011615
0.0011631
0.0011647
0.0011664
0.001168
0.0011696
0.0011712
0.0011728
0.0011744
0.001176
0.0011776
0.0011792
0.0011808
0.0011824
0.001184
0.0011856
0.0011871
0.0011887
0.0011903
0.0011919
0.0011935
0.001195
0.0011966
0.0011982
0.0011998
0.0012013
0.0012029
0.0012045
0.001206
0.0012076
0.0012091
0.0012107
0.0012122
0.0012138
0.0012153
0.0012169
0.0012184
0.0012199
0.0012215
0.001223
0.0012245
0.0012261
0.0012276
0.0012291
0.0012306
0.0012322
0.0012337
0.0012352
0.0012367
0.0012382
0.0012397
0.0012412
0.0012427
0.0012442
0.0012457
0.0012472
0.0012487
0.0012502
0.0012517
0.0012531
0.0012546
0.0012561
0.0012576
0.001259
0.0012605
0.001262
0.0012634
0.0012649
0.0012664
0.0012678
0.0012693
0.0012707
0.0012722
0.0012736
0.0012751
0.0012765
0.001278
0.0012794
0.0012808
0.0012823
0.0012837
0.0012851
0.0012865
0.001288
0.0012894
0.0012908
0.0012922
0.0012936
0.001295
0.0012964
0.0012978
0.0012992
0.0013006
0.001302
0.0013034
0.0013048
0.0013062
0.0013076
0.001309
0.0013104
0.0013118
0.0013131
0.0013145
0.0013159
0.0013173
0.0013186
0.00132
0.0013214
0.0013228
0.0013241
0.0013255
0.0013268
0.0013282
0.0013296
0.0013309
0.0013323
0.0013336
0.001335
0.0013363
0.0013377
0.001339
0.0013403
0.0013417
0.001343
0.0013444
0.0013457
0.001347
0.0013484
0.0013497
0.001351
0.0013524
0.0013537
0.001355
0.0013564
0.0013577
0.001359
0.0013603
0.0013616
0.001363
0.0013643
0.0013656
0.0013669
0.0013682
0.0013696
0.0013709
0.0013722
0.0013735
0.0013748
0.0013761
0.0013774
0.0013788
0.0013801
0.0013814
0.0013827
0.001384
0.0013853
0.0013866
0.0013879
0.0013892
0.0013906
0.0013919
0.0013932
0.0013945
0.0013958
0.0013971
0.0013984
0.0013997
0.001401
0.0014023
0.0014036
0.001405
0.0014063
0.0014076
0.0014089
0.0014102
0.0014115
0.0014128
0.0014142
0.0014155
0.0014168
0.0014181
0.0014194
0.0014207
0.0014221
0.0014234
0.0014247
0.001426
0.0014274
0.0014287
0.00143
0.0014313
0.0014327
0.001434
0.0014353
0.0014367
0.001438
0.0014394
0.0014407
0.001442
0.0014434
0.0014447
0.0014461
0.0014474
0.0014488
0.0014502
0.0014515
0.0014529
0.0014542
0.0014556
0.001457
0.0014583
0.0014597
0.0014611
0.0014625
0.0014639
0.0014652
0.0014666
0.001468
0.0014694
0.0014708
0.0014722
0.0014736
0.001475
0.0014764
0.0014778
0.0014793
0.0014807
0.0014821
0.0014835
0.001485
0.0014864
0.0014878
0.0014893
0.0014907
0.0014922
0.0014936
0.0014951
0.0014966
0.001498
0.0014995
0.001501
0.0015024
0.0015039
0.0015054
0.0015069
0.0015084
0.0015099
0.0015114
0.0015129
0.0015145
0.001516
0.0015175
0.001519
0.0015206
0.0015221
0.0015237
0.0015252
0.0015268
0.0015284
0.0015299
0.0015315
0.0015331
0.0015347
0.0015363
0.0015379
0.0015395
0.0015411
0.0015427
0.0015443
0.0015459
0.0015476
0.0015492
0.0015509
0.0015525
0.0015542
0.0015559
0.0015575
0.0015592
0.0015609
0.0015626
0.0015643
0.001566
0.0015677
0.0015694
0.0015712
0.0015729
0.0015746
0.0015764
0.0015781
0.0015799
0.0015817
0.0015835
0.0015852
0.001587
0.0015888
0.0015906
0.0015925
0.0015943
0.0015961
0.001598
0.0015998
0.0016017
0.0016035
0.0016054
0.0016073
0.0016092
0.0016111
0.001613
0.0016149
0.0016168
0.0016187
0.0016207
0.0016226
0.0016246
0.0016265
0.0016285
0.0016305
0.0016325
0.0016345
0.0016365
0.0016385
0.0016405
0.0016426
0.0016446
0.0016467
0.0016488
0.0016508
0.0016529
0.001655
0.0016571
0.0016592
0.0016613
0.0016635
0.0016656
0.0016678
0.0016699
0.0016721
0.0016743
0.0016765
0.0016787
0.0016809
0.0016831
0.0016853
0.0016876
0.0016898
0.0016921
0.0016944
0.0016966
0.0016989
0.0017012
0.0017035
0.0017059
0.0017082
0.0017106
0.0017129
0.0017153
0.0017177
0.00172
0.0017224
0.0017249
0.0017273
0.0017297
0.0017322
0.0017346
0.0017371
0.0017396
0.0017421
0.0017446
0.0017471
0.0017496
0.0017521
0.0017547
0.0017572
0.0017598
0.0017624
0.001765
0.0017676
0.0017702
0.0017728
0.0017755
0.0017781
0.0017808
0.0017835
0.0017862
0.0017889
0.0017916
0.0017943
0.001797
0.0017998
0.0018026
0.0018053
0.0018081
0.0018109
0.0018137
0.0018166
0.0018194
0.0018223
0.0018251
0.001828
0.0018309
0.0018338
0.0018367
0.0018396
0.0018426
0.0018455
0.0018485
0.0018515
0.0018545
0.0018575
0.0018605
0.0018635
0.0018665
0.0018696
0.0018727
0.0018758
0.0018789
0.001882
0.0018851
0.0018882
0.0018914
0.0018945
0.0018977
0.0019009
0.0019041
0.0019073
0.0019106
0.0019138
0.0019171
0.0019203
0.0019236
0.0019269
0.0019302
0.0019336
0.0019369
0.0019403
0.0019436
0.001947
0.0019504
0.0019538
0.0019573
0.0019607
0.0019642
0.0019676
0.0019711
0.0019746
0.0019781
0.0019816
0.0019852
0.0019887
0.0019923
0.0019959
0.0019995
0.0020031
0.0020067
0.0020104
0.002014
0.0020177
0.0020214
0.0020251
0.0020288
0.0020325
0.0020363
0.00204
0.0020438
0.0020476
0.0020514
0.0020552
0.002059
0.0020629
0.0020667
0.0020706
0.0020745
0.0020784
0.0020823
0.0020863
0.0020902
0.0020942
0.0020982
0.0021022
0.0021062
0.0021102
0.0021143
0.0021183
0.0021224
0.0021265
0.0021306
0.0021347
0.0021388
0.002143
0.0021471
0.0021513
0.0021555
0.0021597
0.0021639
0.0021682
0.0021724
0.0021767
0.002181
0.0021853
0.0021896
0.002194
0.0021983
0.0022027
0.002207
0.0022114
0.0022159
0.0022203
0.0022247
0.0022292
0.0022337
0.0022381
0.0022427
0.0022472
0.0022517
0.0022563
0.0022608
0.0022654
0.00227
0.0022746
0.0022793
0.0022839
0.0022886
0.0022932
0.0022979
0.0023027
0.0023074
0.0023121
0.0023169
0.0023217
0.0023264
0.0023313
0.0023361
0.0023409
0.0023458
0.0023506
0.0023555
0.0023604
0.0023653
0.0023703
0.0023752
0.0023802
0.0023852
0.0023902
0.0023952
0.0024002
0.0024053
0.0024103
0.0024154
0.0024205
0.0024256
0.0024308
0.0024359
0.0024411
0.0024462
0.0024514
0.0024566
0.0024619
0.0024671
0.0024724
0.0024776
0.0024829
0.0024882
0.0024936
0.0024989
0.0025042
0.0025096
0.002515
0.0025204
0.0025258
0.0025313
0.0025367
0.0025422
0.0025477
0.0025532
0.0025587
0.0025642
0.0025698
0.0025754
0.0025809
0.0025865
0.0025922
0.0025978
0.0026034
0.0026091
0.0026148
0.0026205
0.0026262
0.0026319
0.0026377
0.0026435
0.0026492
0.002655
0.0026609
0.0026667
0.0026725
0.0026784
0.0026843
0.0026902
0.0026961
0.002702
0.002708
0.0027139
0.0027199
0.0027259
0.0027319
0.002738
0.002744
0.0027501
0.0027561
0.0027622
0.0027684
0.0027745
0.0027806
0.0027868
0.002793
0.0027992
0.0028054
0.0028116
0.0028178
0.0028241
0.0028304
0.0028367
0.002843
0.0028493
0.0028557
0.002862
0.0028684
0.0028748
0.0028812
0.0028876
0.0028941
0.0029005
0.002907
0.0029135
0.00292
0.0029265
0.0029331
0.0029396
0.0029462
0.0029528
0.0029594
0.002966
0.0029727
0.0029793
0.002986
0.0029927
0.0029994
0.0030061
0.0030129
0.0030196
0.0030264
0.0030332
0.00304
0.0030468
0.0030537
0.0030605
0.0030674
0.0030743
0.0030812
0.0030881
0.003095
0.003102
0.003109
0.0031159
0.003123
0.00313
0.003137
0.0031441
0.0031511
0.0031582
0.0031653
0.0031724
0.0031796
0.0031867
0.0031939
0.0032011
0.0032083
0.0032155
0.0032227
0.00323
0.0032372
0.0032445
0.0032518
0.0032591
0.0032665
0.0032738
0.0032812
0.0032886
0.003296
0.0033034
0.0033108
0.0033182
0.0033257
0.0033332
0.0033407
0.0033482
0.0033557
0.0033633
0.0033708
0.0033784
0.003386
0.0033936
0.0034012
0.0034089
0.0034165
0.0034242
0.0034319
0.0034396
0.0034473
0.003455
0.0034628
0.0034706
0.0034783
0.0034862
0.003494
0.0035018
0.0035097
0.0035175
0.0035254
0.0035333
0.0035412
0.0035491
0.0035571
0.003565
0.003573
0.003581
0.003589
0.003597
0.0036051
0.0036131
0.0036212
0.0036293
0.0036374
0.0036455
0.0036537
0.0036618
0.00367
0.0036782
0.0036864
0.0036946
0.0037028
0.0037111
0.0037193
0.0037276
0.0037359
0.0037442
0.0037525
0.0037609
0.0037692
0.0037776
0.003786
0.0037944
0.0038028
0.0038112
0.0038197
0.0038281
0.0038366
0.0038451
0.0038536
0.0038622
0.0038707
0.0038793
0.0038878
0.0038964
0.003905
0.0039136
0.0039223
0.0039309
0.0039396
0.0039483
0.003957
0.0039657
0.0039744
0.0039831
0.0039919
0.0040007
0.0040094
0.0040182
0.0040271
0.0040359
0.0040447
0.0040536
0.0040625
0.0040714
0.0040803
0.0040892
0.0040981
0.0041071
0.004116
0.004125
0.004134
0.004143
0.004152
0.0041611
0.0041701
0.0041792
0.0041883
0.0041974
0.0042065
0.0042156
0.0042248
0.0042339
0.0042431
0.0042523
0.0042615
0.0042707
0.0042799
0.0042891
0.0042984
0.0043077
0.0043169
0.0043262
0.0043356
0.0043449
0.0043542
0.0043636
0.004373
0.0043823
0.0043917
0.0044011
0.0044106
0.00442
0.0044295
0.0044389
0.0044484
0.0044579
0.0044674
0.0044769
0.0044865
0.004496
0.0045056
0.0045152
0.0045248
0.0045344
0.004544
0.0045536
0.0045633
0.0045729
0.0045826
0.0045923
0.004602
0.0046117
0.0046214
0.0046311
0.0046409
0.0046507
0.0046604
0.0046702
0.00468
0.0046898
0.0046997
0.0047095
0.0047194
0.0047292
0.0047391
0.004749
0.0047589
0.0047688
0.0047788
0.0047887
0.0047987
0.0048086
0.0048186
0.0048286
0.0048386
0.0048487
0.0048587
0.0048687
0.0048788
0.0048889
0.0048989
0.004909
0.0049191
0.0049293
0.0049394
0.0049495
0.0049597
0.0049698
0.00498
0.0049902
0.0050004
0.0050106
0.0050208
0.0050311
0.0050413
0.0050516
0.0050619
0.0050721
0.0050824
0.0050927
0.0051031
0.0051134
0.0051237
0.0051341
0.0051444
0.0051548
0.0051652
0.0051756
0.005186
0.0051964
0.0052068
0.0052173
0.0052277
0.0052382
0.0052486
0.0052591
0.0052696
0.0052801
0.0052906
0.0053011
0.0053117
0.0053222
0.0053328
0.0053433
0.0053539
0.0053645
0.0053751
0.0053857
0.0053963
0.0054069
0.0054175
0.0054282
0.0054388
0.0054495
0.0054601
0.0054708
0.0054815
0.0054922
0.0055029
0.0055136
0.0055243
0.0055351
0.0055458
0.0055566
0.0055673
0.0055781
0.0055889
0.0055997
0.0056105
0.0056213
0.0056321
0.0056429
0.0056537
0.0056646
0.0056754
0.0056863
0.0056971
0.005708
0.0057189
0.0057297
0.0057406
0.0057515
0.0057624
0.0057734
0.0057843
0.0057952
0.0058061
0.0058171
0.005828
0.005839
0.00585
0.0058609
0.0058719
0.0058829
0.0058939
0.0059049
0.0059159
0.0059269
0.0059379
0.005949
0.00596
0.005971
0.0059821
0.0059931
0.0060042
0.0060153
0.0060263
0.0060374
0.0060485
0.0060596
0.0060707
0.0060818
0.0060929
0.006104
0.0061151
0.0061262
0.0061373
0.0061484
0.0061596
0.0061707
0.0061819
0.006193
0.0062042
0.0062153
0.0062265
0.0062376
0.0062488
0.00626
0.0062712
0.0062823
0.0062935
0.0063047
0.0063159
0.0063271
0.0063383
0.0063495
0.0063607
0.0063719
0.0063831
0.0063943
0.0064056
0.0064168
0.006428
0.0064392
0.0064505
0.0064617
0.0064729
0.0064842
0.0064954
0.0065066
0.0065179
0.0065291
0.0065404
0.0065516
0.0065629
0.0065741
0.0065854
0.0065966
0.0066079
0.0066191
0.0066304
0.0066416
0.0066529
0.0066641
0.0066754
0.0066867
0.0066979
0.0067092
0.0067204
0.0067317
0.006743
0.0067542
0.0067655
0.0067767
0.006788
0.0067993
0.0068105
0.0068218
0.006833
0.0068443
0.0068555
0.0068668
0.006878
0.0068893
0.0069005
0.0069118
0.006923
0.0069343
0.0069455
0.0069567
0.006968
0.0069792
0.0069904
0.0070017
0.0070129
0.0070241
0.0070353
0.0070465
0.0070578
0.007069
0.0070802
0.0070914
0.0071026
0.0071138
0.007125
0.0071361
0.0071473
0.0071585
0.0071697
0.0071808
0.007192
0.0072032
0.0072143
0.0072255
0.0072366
0.0072477
0.0072589
0.00727
0.0072811
0.0072922
0.0073033
0.0073145
0.0073255
0.0073366
0.0073477
0.0073588
0.0073699
0.0073809
0.007392
0.007403
0.0074141
0.0074251
0.0074361
0.0074472
0.0074582
0.0074692
0.0074802
0.0074912
0.0075021
0.0075131
0.0075241
0.007535
0.007546
0.0075569
0.0075678
0.0075787
0.0075896
0.0076005
0.0076114
0.0076223
0.0076332
0.007644
0.0076549
0.0076657
0.0076765
0.0076873
0.0076982
0.0077089
0.0077197
0.0077305
0.0077413
0.007752
0.0077627
0.0077735
0.0077842
0.0077949
0.0078055
0.0078162
0.0078269
0.0078375
0.0078482
0.0078588
0.0078694
0.00788
0.0078906
0.0079011
0.0079117
0.0079222
0.0079327
0.0079432
0.0079537
0.0079642
0.0079747
0.0079851
0.0079956
0.008006
0.0080164
0.0080268
0.0080372
0.0080475
0.0080579
0.0080682
0.0080785
0.0080888
0.0080991
0.0081093
0.0081195
0.0081298
0.00814
0.0081502
0.0081603
0.0081705
0.0081806
0.0081907
0.0082008
0.0082109
0.008221
0.008231
0.008241
0.008251
0.008261
0.008271
0.0082809
0.0082908
0.0083007
0.0083106
0.0083205
0.0083303
0.0083401
0.0083499
0.0083597
0.0083695
0.0083792
0.0083889
0.0083986
0.0084083
0.0084179
0.0084276
0.0084372
0.0084467
0.0084563
0.0084658
0.0084754
0.0084848
0.0084943
0.0085037
0.0085132
0.0085225
0.0085319
0.0085413
0.0085506
0.0085599
0.0085691
0.0085784
0.0085876
0.0085968
0.008606
0.0086151
0.0086242
0.0086333
0.0086424
0.0086514
0.0086604
0.0086694
0.0086783
0.0086873
0.0086962
0.008705
0.0087139
0.0087227
0.0087315
0.0087402
0.008749
0.0087577
0.0087663
0.008775
0.0087836
0.0087922
0.0088007
0.0088093
0.0088177
0.0088262
0.0088346
0.008843
0.0088514
0.0088598
0.0088681
0.0088763
0.0088846
0.0088928
0.008901
0.0089091
0.0089172
0.0089253
0.0089334
0.0089414
0.0089494
0.0089573
0.0089653
0.0089731
0.008981
0.0089888
0.0089966
0.0090043
0.009012
0.0090197
0.0090274
0.009035
0.0090425
0.0090501
0.0090576
0.009065
0.0090725
0.0090799
0.0090872
0.0090945
0.0091018
0.0091091
0.0091163
0.0091234
0.0091306
0.0091377
0.0091447
0.0091517
0.0091587
0.0091656
0.0091725
0.0091794
0.0091862
0.009193
0.0091997
0.0092064
0.0092131
0.0092197
0.0092263
0.0092328
0.0092393
0.0092458
0.0092522
0.0092586
0.0092649
0.0092712
0.0092775
0.0092837
0.0092898
0.0092959
0.009302
0.0093081
0.0093141
0.00932
0.0093259
0.0093318
0.0093376
0.0093434
0.0093491
0.0093548
0.0093604
0.009366
0.0093715
0.009377
0.0093825
0.0093879
0.0093933
0.0093986
0.0094039
0.0094091
0.0094143
0.0094194
0.0094245
0.0094295
0.0094345
0.0094395
0.0094443
0.0094492
0.009454
0.0094587
0.0094634
0.0094681
0.0094727
0.0094772
0.0094817
0.0094862
0.0094906
0.0094949
0.0094992
0.0095035
0.0095077
0.0095119
0.0095159
0.00952
0.009524
0.0095279
0.0095318
0.0095357
0.0095395
0.0095432
0.0095469
0.0095505
0.0095541
0.0095576
0.0095611
0.0095645
0.0095678
0.0095712
0.0095744
0.0095776
0.0095808
0.0095838
0.0095869
0.0095899
0.0095928
0.0095957
0.0095985
0.0096012
0.0096039
0.0096066
0.0096092
0.0096117
0.0096142
0.0096166
0.0096189
0.0096213
0.0096235
0.0096257
0.0096278
0.0096299
0.0096319
0.0096339
0.0096358
0.0096376
0.0096394
0.0096411
0.0096427
0.0096443
0.0096459
0.0096474
0.0096488
0.0096501
0.0096514
0.0096527
0.0096539
0.009655
0.009656
0.009657
0.009658
0.0096588
0.0096596
0.0096604
0.0096611
0.0096617
0.0096623
0.0096628
0.0096632
0.0096636
0.0096639
0.0096641
0.0096643
0.0096644
0.0096645
0.0096645
0.0096644
0.0096642
0.009664
0.0096638
0.0096634
0.009663
0.0096626
0.009662
0.0096614
0.0096608
0.00966
0.0096592
0.0096584
0.0096575
0.0096565
0.0096554
0.0096543
0.0096531
0.0096518
0.0096505
0.0096491
0.0096476
0.0096461
0.0096445
0.0096428
0.0096411
0.0096393
0.0096374
0.0096355
0.0096334
0.0096314
0.0096292
0.009627
0.0096247
0.0096223
0.0096199
0.0096174
0.0096148
0.0096122
0.0096095
0.0096067
0.0096038
0.0096009
0.0095979
0.0095949
0.0095917
0.0095885
0.0095852
0.0095819
0.0095785
0.009575
0.0095714
0.0095678
0.009564
0.0095603
0.0095564
0.0095525
0.0095485
0.0095444
0.0095402
0.009536
0.0095317
0.0095273
0.0095229
0.0095184
0.0095138
0.0095091
0.0095044
0.0094996
0.0094947
0.0094897
0.0094847
0.0094796
0.0094744
0.0094691
0.0094638
0.0094584
0.0094529
0.0094473
0.0094417
0.009436
0.0094302
0.0094243
0.0094184
0.0094123
0.0094062
0.0094001
0.0093938
0.0093875
0.0093811
0.0093746
0.0093681
0.0093614
0.0093547
0.0093479
0.0093411
0.0093341
0.0093271
0.00932
0.0093128
0.0093056
0.0092983
0.0092909
0.0092834
0.0092758
0.0092682
0.0092604
0.0092526
0.0092448
0.0092368
0.0092288
0.0092207
0.0092125
0.0092042
0.0091959
0.0091874
0.0091789
0.0091703
0.0091617
0.0091529
0.0091441
0.0091352
0.0091262
0.0091172
0.009108
0.0090988
0.0090895
0.0090801
0.0090707
0.0090611
0.0090515
0.0090418
0.009032
0.0090222
0.0090122
0.0090022
0.0089921
0.0089819
0.0089717
0.0089613
0.0089509
0.0089404
0.0089298
0.0089192
0.0089084
0.0088976
0.0088867
0.0088757
0.0088647
0.0088535
0.0088423
0.008831
0.0088196
0.0088081
0.0087966
0.0087849
0.0087732
0.0087614
0.0087496
0.0087376
0.0087256
0.0087135
0.0087013
0.008689
0.0086766
0.0086642
0.0086517
0.0086391
0.0086264
0.0086136
0.0086008
0.0085878
0.0085748
0.0085617
0.0085486
0.0085353
0.008522
0.0085086
0.0084951
0.0084815
0.0084678
0.0084541
0.0084403
0.0084264
0.0084124
0.0083983
0.0083842
0.00837
0.0083557
0.0083413
0.0083268
0.0083123
0.0082976
0.0082829
0.0082681
0.0082533
0.0082383
0.0082233
0.0082082
0.008193
0.0081777
0.0081623
0.0081469
0.0081314
0.0081158
0.0081001
0.0080843
0.0080685
0.0080526
0.0080366
0.0080205
0.0080044
0.0079881
0.0079718
0.0079554
0.0079389
0.0079224
0.0079057
0.007889
0.0078722
0.0078553
0.0078384
0.0078213
0.0078042
0.007787
0.0077697
0.0077524
0.0077349
0.0077174
0.0076998
0.0076822
0.0076644
0.0076466
0.0076287
0.0076107
0.0075926
0.0075745
0.0075563
0.007538
0.0075196
0.0075012
0.0074826
0.007464
0.0074453
0.0074266
0.0074077
0.0073888
0.0073698
0.0073507
0.0073316
0.0073123
0.007293
0.0072737
0.0072542
0.0072347
0.0072151
0.0071954
0.0071756
0.0071558
0.0071358
0.0071159
0.0070958
0.0070756
0.0070554
0.0070351
0.0070148
0.0069943
0.0069738
0.0069532
0.0069325
0.0069118
0.006891
0.0068701
0.0068491
0.0068281
0.006807
0.0067858
0.0067645
0.0067432
0.0067218
0.0067003
0.0066788
0.0066571
0.0066354
0.0066137
0.0065918
0.0065699
0.0065479
0.0065259
0.0065037
0.0064815
0.0064593
0.0064369
0.0064145
0.006392
0.0063695
0.0063469
0.0063242
0.0063014
0.0062786
0.0062557
0.0062327
0.0062096
0.0061865
0.0061634
0.0061401
0.0061168
0.0060934
0.00607
0.0060464
0.0060228
0.0059992
0.0059755
0.0059517
0.0059278
0.0059039
0.0058799
0.0058559
0.0058317
0.0058075
0.0057833
0.005759
0.0057346
0.0057101
0.0056856
0.005661
0.0056364
0.0056117
0.0055869
0.0055621
0.0055372
0.0055122
0.0054872
0.0054621
0.005437
0.0054118
0.0053865
0.0053612
0.0053358
0.0053103
0.0052848
0.0052592
0.0052336
0.0052079
0.0051821
0.0051563
0.0051304
0.0051045
0.0050785
0.0050524
0.0050263
0.0050001
0.0049739
0.0049476
0.0049213
0.0048949
0.0048684
0.0048419
0.0048153
0.0047887
0.004762
0.0047353
0.0047085
0.0046816
0.0046547
0.0046278
0.0046007
0.0045737
0.0045465
0.0045194
0.0044921
0.0044649
0.0044375
0.0044101
0.0043827
0.0043552
0.0043277
0.0043001
0.0042724
0.0042447
0.004217
0.0041892
0.0041613
0.0041334
0.0041055
0.0040775
0.0040495
0.0040214
0.0039932
0.003965
0.0039368
0.0039085
0.0038802
0.0038518
0.0038234
0.0037949
0.0037664
0.0037379
0.0037093
0.0036806
0.0036519
0.0036232
0.0035944
0.0035656
0.0035367
0.0035078
0.0034789
0.0034499
0.0034209
0.0033918
0.0033627
0.0033335
0.0033043
0.0032751
0.0032458
0.0032165
0.0031871
0.0031577
0.0031283
0.0030988
0.0030693
0.0030398
0.0030102
0.0029806
0.0029509
0.0029212
0.0028915
0.0028617
0.0028319
0.0028021
0.0027722
0.0027423
0.0027124
0.0026824
0.0026524
0.0026224
0.0025923
0.0025622
0.0025321
0.0025019
0.0024717
0.0024415
0.0024113
0.002381
0.0023507
0.0023203
0.0022899
0.0022595
0.0022291
0.0021986
0.0021682
0.0021376
0.0021071
0.0020765
0.002046
0.0020153
0.0019847
0.001954
0.0019233
0.0018926
0.0018619
0.0018311
0.0018003
0.0017695
0.0017387
0.0017078
0.001677
0.0016461
0.0016151
0.0015842
0.0015532
0.0015223
0.0014913
0.0014603
0.0014292
0.0013982
0.0013671
0.001336
0.0013049
0.0012738
0.0012426
0.0012115
0.0011803
0.0011491
0.0011179
0.0010867
0.0010555
0.0010242
0.00099296
0.00096168
0.0009304
0.0008991
0.00086779
0.00083647
0.00080514
0.00077379
0.00074244
0.00071108
0.0006797
0.00064832
0.00061693
0.00058552
0.00055412
0.0005227
0.00049127
0.00045984
0.0004284
0.00039696
0.00036551
0.00033405
0.00030259
0.00027113
0.00023965
0.00020818
0.0001767
0.00014522
0.00011374
8.2248e-05
5.0759e-05
1.9268e-05
-1.2224e-05
-4.3718e-05
-7.5212e-05
-0.00010671
-0.0001382
-0.00016969
-0.00020119
-0.00023268
-0.00026417
-0.00029565
-0.00032714
-0.00035862
-0.0003901
-0.00042158
-0.00045305
-0.00048451
-0.00051598
-0.00054743
-0.00057889
-0.00061033
-0.00064177
-0.0006732
-0.00070463
-0.00073605
-0.00076746
-0.00079886
-0.00083025
-0.00086164
-0.00089302
-0.00092438
-0.00095574
-0.00098708
-0.0010184
-0.0010497
-0.0010811
-0.0011124
-0.0011436
-0.0011749
-0.0012062
-0.0012374
-0.0012687
-0.0012999
-0.0013311
-0.0013623
-0.0013934
-0.0014246
-0.0014557
-0.0014869
-0.001518
-0.0015491
-0.0015802
-0.0016112
-0.0016422
-0.0016733
-0.0017043
-0.0017352
-0.0017662
-0.0017971
-0.0018281
-0.001859
-0.0018898
-0.0019207
-0.0019515
-0.0019823
-0.0020131
-0.0020439
-0.0020746
-0.0021054
-0.0021361
-0.0021667
-0.0021974
-0.002228
-0.0022586
-0.0022891
-0.0023197
-0.0023502
-0.0023807
-0.0024111
-0.0024416
-0.002472
-0.0025023
-0.0025327
-0.002563
-0.0025933
-0.0026235
-0.0026538
-0.002684
-0.0027141
-0.0027443
-0.0027744
-0.0028044
-0.0028345
-0.0028645
-0.0028944
-0.0029244
-0.0029543
-0.0029841
-0.003014
-0.0030438
-0.0030735
-0.0031033
-0.0031329
-0.0031626
-0.0031922
-0.0032218
-0.0032513
-0.0032808
-0.0033103
-0.0033397
-0.0033691
-0.0033985
-0.0034278
-0.0034571
-0.0034863
-0.0035155
-0.0035446
-0.0035737
-0.0036028
-0.0036318
-0.0036608
-0.0036898
-0.0037187
-0.0037475
-0.0037763
-0.0038051
-0.0038338
-0.0038625
-0.0038911
-0.0039197
-0.0039483
-0.0039768
-0.0040052
-0.0040336
-0.004062
-0.0040903
-0.0041186
-0.0041468
-0.004175
-0.0042031
-0.0042312
-0.0042592
-0.0042872
-0.0043151
-0.004343
-0.0043708
-0.0043986
-0.0044263
-0.004454
-0.0044816
-0.0045092
-0.0045367
-0.0045642
-0.0045916
-0.004619
-0.0046463
-0.0046735
-0.0047007
-0.0047279
-0.004755
-0.004782
-0.004809
-0.004836
-0.0048628
-0.0048897
-0.0049164
-0.0049431
-0.0049698
-0.0049964
-0.0050229
-0.0050494
-0.0050758
-0.0051022
-0.0051285
-0.0051548
-0.005181
-0.0052071
-0.0052332
-0.0052592
-0.0052852
-0.0053111
-0.0053369
-0.0053627
-0.0053884
-0.0054141
-0.0054396
-0.0054652
-0.0054907
-0.0055161
-0.0055414
-0.0055667
-0.0055919
-0.0056171
-0.0056422
-0.0056672
-0.0056922
-0.0057171
-0.005742
-0.0057667
-0.0057914
-0.0058161
-0.0058407
-0.0058652
-0.0058897
-0.005914
-0.0059384
-0.0059626
-0.0059868
-0.0060109
-0.006035
-0.006059
-0.0060829
-0.0061068
-0.0061306
-0.0061543
-0.0061779
-0.0062015
-0.006225
-0.0062485
-0.0062719
-0.0062952
-0.0063184
-0.0063416
-0.0063647
-0.0063877
-0.0064107
-0.0064336
-0.0064564
-0.0064792
-0.0065018
-0.0065244
-0.006547
-0.0065695
-0.0065918
-0.0066142
-0.0066364
-0.0066586
-0.0066807
-0.0067027
-0.0067247
-0.0067466
-0.0067684
-0.0067902
-0.0068118
-0.0068334
-0.0068549
-0.0068764
-0.0068978
-0.0069191
-0.0069403
-0.0069614
-0.0069825
-0.0070035
-0.0070244
-0.0070453
-0.0070661
-0.0070868
-0.0071074
-0.007128
-0.0071484
-0.0071688
-0.0071892
-0.0072094
-0.0072296
-0.0072497
-0.0072697
-0.0072896
-0.0073095
-0.0073293
-0.007349
-0.0073686
-0.0073882
-0.0074076
-0.007427
-0.0074464
-0.0074656
-0.0074848
-0.0075039
-0.0075229
-0.0075418
-0.0075606
-0.0075794
-0.0075981
-0.0076167
-0.0076353
-0.0076537
-0.0076721
-0.0076904
-0.0077086
-0.0077268
-0.0077448
-0.0077628
-0.0077807
-0.0077985
-0.0078163
-0.0078339
-0.0078515
-0.007869
-0.0078864
-0.0079038
-0.007921
-0.0079382
-0.0079553
-0.0079723
-0.0079893
-0.0080061
-0.0080229
-0.0080396
-0.0080562
-0.0080727
-0.0080892
-0.0081055
-0.0081218
-0.008138
-0.0081542
-0.0081702
-0.0081862
-0.0082021
-0.0082179
-0.0082336
-0.0082492
-0.0082648
-0.0082802
-0.0082956
-0.0083109
-0.0083262
-0.0083413
-0.0083564
-0.0083713
-0.0083862
-0.0084011
-0.0084158
-0.0084304
-0.008445
-0.0084595
-0.0084739
-0.0084882
-0.0085025
-0.0085166
-0.0085307
-0.0085447
-0.0085586
-0.0085724
-0.0085862
-0.0085998
-0.0086134
-0.0086269
-0.0086403
-0.0086537
-0.0086669
-0.0086801
-0.0086932
-0.0087062
-0.0087191
-0.0087319
-0.0087447
-0.0087573
-0.0087699
-0.0087824
-0.0087949
-0.0088072
-0.0088194
-0.0088316
-0.0088437
-0.0088557
-0.0088677
-0.0088795
-0.0088913
-0.0089029
-0.0089145
-0.0089261
-0.0089375
-0.0089488
-0.0089601
-0.0089713
-0.0089824
-0.0089934
-0.0090043
-0.0090152
-0.009026
-0.0090367
-0.0090473
-0.0090578
-0.0090683
-0.0090786
-0.0090889
-0.0090991
-0.0091092
-0.0091192
-0.0091292
-0.0091391
-0.0091489
-0.0091586
-0.0091682
-0.0091777
-0.0091872
-0.0091966
-0.0092059
-0.0092151
-0.0092243
-0.0092333
-0.0092423
-0.0092512
-0.00926
-0.0092687
-0.0092774
-0.009286
-0.0092944
-0.0093029
-0.0093112
-0.0093194
-0.0093276
-0.0093357
-0.0093437
-0.0093516
-0.0093595
-0.0093672
-0.0093749
-0.0093825
-0.0093901
-0.0093975
-0.0094049
-0.0094122
-0.0094194
-0.0094265
-0.0094336
-0.0094405
-0.0094474
-0.0094542
-0.009461
-0.0094676
-0.0094742
-0.0094807
-0.0094871
-0.0094934
-0.0094997
-0.0095059
-0.009512
-0.009518
-0.009524
-0.0095299
-0.0095356
-0.0095414
-0.009547
-0.0095526
-0.0095581
-0.0095635
-0.0095688
-0.009574
-0.0095792
-0.0095843
-0.0095893
-0.0095943
-0.0095992
-0.009604
-0.0096087
-0.0096133
-0.0096179
-0.0096224
-0.0096268
-0.0096311
-0.0096354
-0.0096396
-0.0096437
-0.0096477
-0.0096517
-0.0096556
-0.0096594
-0.0096631
-0.0096668
-0.0096704
-0.0096739
-0.0096774
-0.0096807
-0.009684
-0.0096873
-0.0096904
-0.0096935
-0.0096965
-0.0096994
-0.0097023
-0.0097051
-0.0097078
-0.0097104
-0.009713
-0.0097155
-0.0097179
-0.0097203
-0.0097225
-0.0097247
-0.0097269
-0.009729
-0.0097309
-0.0097329
-0.0097347
-0.0097365
-0.0097382
-0.0097399
-0.0097414
-0.0097429
-0.0097444
-0.0097457
-0.009747
-0.0097483
-0.0097494
-0.0097505
-0.0097515
-0.0097525
-0.0097534
-0.0097542
-0.0097549
-0.0097556
-0.0097562
-0.0097568
-0.0097572
-0.0097576
-0.009758
-0.0097583
-0.0097585
-0.0097586
-0.0097587
-0.0097587
-0.0097586
-0.0097585
-0.0097583
-0.0097581
-0.0097577
-0.0097574
-0.0097569
-0.0097564
-0.0097558
-0.0097552
-0.0097545
-0.0097537
-0.0097528
-0.0097519
-0.009751
-0.00975
-0.0097489
-0.0097477
-0.0097465
-0.0097452
-0.0097439
-0.0097425
-0.009741
-0.0097395
-0.0097379
-0.0097362
-0.0097345
-0.0097328
-0.0097309
-0.009729
-0.0097271
-0.0097251
-0.009723
-0.0097208
-0.0097186
-0.0097164
-0.0097141
-0.0097117
-0.0097093
-0.0097068
-0.0097042
-0.0097016
-0.0096989
-0.0096962
-0.0096934
-0.0096906
-0.0096877
-0.0096847
-0.0096817
-0.0096787
-0.0096755
-0.0096723
-0.0096691
-0.0096658
-0.0096625
-0.0096591
-0.0096556
-0.0096521
-0.0096485
-0.0096449
-0.0096412
-0.0096374
-0.0096337
-0.0096298
-0.0096259
-0.009622
-0.0096179
-0.0096139
-0.0096098
-0.0096056
-0.0096014
-0.0095971
-0.0095928
-0.0095884
-0.009584
-0.0095795
-0.009575
-0.0095704
-0.0095658
-0.0095611
-0.0095563
-0.0095515
-0.0095467
-0.0095418
-0.0095369
-0.0095319
-0.0095269
-0.0095218
-0.0095166
-0.0095115
-0.0095062
-0.0095009
-0.0094956
-0.0094902
-0.0094848
-0.0094793
-0.0094738
-0.0094683
-0.0094626
-0.009457
-0.0094513
-0.0094455
-0.0094397
-0.0094339
-0.009428
-0.009422
-0.0094161
-0.00941
-0.009404
-0.0093978
-0.0093917
-0.0093855
-0.0093792
-0.0093729
-0.0093666
-0.0093602
-0.0093538
-0.0093473
-0.0093408
-0.0093342
-0.0093276
-0.009321
-0.0093143
-0.0093076
-0.0093008
-0.009294
-0.0092872
-0.0092803
-0.0092733
-0.0092664
-0.0092594
-0.0092523
-0.0092452
-0.0092381
-0.0092309
-0.0092237
-0.0092164
-0.0092091
-0.0092018
-0.0091945
-0.009187
-0.0091796
-0.0091721
-0.0091646
-0.009157
-0.0091494
-0.0091418
-0.0091341
-0.0091264
-0.0091187
-0.0091109
-0.0091031
-0.0090952
-0.0090874
-0.0090794
-0.0090715
-0.0090635
-0.0090555
-0.0090474
-0.0090393
-0.0090312
-0.009023
-0.0090148
-0.0090066
-0.0089983
-0.00899
-0.0089816
-0.0089733
-0.0089649
-0.0089564
-0.008948
-0.0089395
-0.0089309
-0.0089224
-0.0089138
-0.0089052
-0.0088965
-0.0088878
-0.0088791
-0.0088704
-0.0088616
-0.0088528
-0.0088439
-0.0088351
-0.0088262
-0.0088172
-0.0088083
-0.0087993
-0.0087903
-0.0087812
-0.0087721
-0.008763
-0.0087539
-0.0087447
-0.0087356
-0.0087263
-0.0087171
-0.0087078
-0.0086985
-0.0086892
-0.0086799
-0.0086705
-0.0086611
-0.0086517
-0.0086422
-0.0086327
-0.0086232
-0.0086137
-0.0086041
-0.0085946
-0.008585
-0.0085753
-0.0085657
-0.008556
-0.0085463
-0.0085366
-0.0085268
-0.0085171
-0.0085073
-0.0084974
-0.0084876
-0.0084777
-0.0084678
-0.0084579
-0.008448
-0.008438
-0.0084281
-0.0084181
-0.0084081
-0.008398
-0.008388
-0.0083779
-0.0083678
-0.0083576
-0.0083475
-0.0083373
-0.0083272
-0.008317
-0.0083067
-0.0082965
-0.0082862
-0.0082759
-0.0082656
-0.0082553
-0.008245
-0.0082346
-0.0082243
-0.0082139
-0.0082035
-0.008193
-0.0081826
-0.0081721
-0.0081616
-0.0081511
-0.0081406
-0.0081301
-0.0081195
-0.008109
-0.0080984
-0.0080878
-0.0080772
-0.0080666
-0.0080559
-0.0080453
-0.0080346
-0.0080239
-0.0080132
-0.0080025
-0.0079917
-0.007981
-0.0079702
-0.0079595
-0.0079487
-0.0079379
-0.007927
-0.0079162
-0.0079054
-0.0078945
-0.0078836
-0.0078728
-0.0078619
-0.007851
-0.00784
-0.0078291
-0.0078182
-0.0078072
-0.0077962
-0.0077853
-0.0077743
-0.0077633
-0.0077522
-0.0077412
-0.0077302
-0.0077191
-0.0077081
-0.007697
-0.0076859
-0.0076748
-0.0076638
-0.0076526
-0.0076415
-0.0076304
-0.0076193
-0.0076081
-0.007597
-0.0075858
-0.0075746
-0.0075635
-0.0075523
-0.0075411
-0.0075299
-0.0075187
-0.0075074
-0.0074962
-0.007485
-0.0074737
-0.0074625
-0.0074512
-0.00744
-0.0074287
-0.0074174
-0.0074061
-0.0073948
-0.0073835
-0.0073722
-0.0073609
-0.0073496
-0.0073383
-0.0073269
-0.0073156
-0.0073043
-0.0072929
-0.0072816
-0.0072702
-0.0072589
-0.0072475
-0.0072361
-0.0072248
-0.0072134
-0.007202
-0.0071906
-0.0071792
-0.0071678
-0.0071564
-0.007145
-0.0071336
-0.0071222
-0.0071108
-0.0070994
-0.007088
-0.0070766
-0.0070652
-0.0070537
-0.0070423
-0.0070309
-0.0070194
-0.007008
-0.0069966
-0.0069851
-0.0069737
-0.0069623
-0.0069508
-0.0069394
-0.0069279
-0.0069165
-0.006905
-0.0068936
-0.0068821
-0.0068707
-0.0068592
-0.0068478
-0.0068363
-0.0068249
-0.0068134
-0.006802
-0.0067905
-0.0067791
-0.0067676
-0.0067562
-0.0067447
-0.0067333
-0.0067218
-0.0067104
-0.006699
-0.0066875
-0.0066761
-0.0066646
-0.0066532
-0.0066417
-0.0066303
-0.0066189
-0.0066074
-0.006596
-0.0065846
-0.0065731
-0.0065617
-0.0065503
-0.0065389
-0.0065274
-0.006516
-0.0065046
-0.0064932
-0.0064818
-0.0064704
-0.006459
-0.0064476
-0.0064362
-0.0064248
-0.0064134
-0.006402
-0.0063906
-0.0063793
-0.0063679
-0.0063565
-0.0063452
-0.0063338
-0.0063224
-0.0063111
-0.0062997
-0.0062884
-0.006277
-0.0062657
-0.0062544
-0.0062431
-0.0062317
-0.0062204
-0.0062091
-0.0061978
-0.0061865
-0.0061752
-0.0061639
-0.0061526
-0.0061414
-0.0061301
-0.0061188
-0.0061076
-0.0060963
-0.006085
-0.0060738
-0.0060626
-0.0060513
-0.0060401
-0.0060289
-0.0060177
-0.0060065
-0.0059953
-0.0059841
-0.0059729
-0.0059617
-0.0059505
-0.0059394
-0.0059282
-0.0059171
-0.0059059
-0.0058948
-0.0058837
-0.0058725
-0.0058614
-0.0058503
-0.0058392
-0.0058281
-0.0058171
-0.005806
-0.0057949
-0.0057839
-0.0057728
-0.0057618
-0.0057507
-0.0057397
-0.0057287
-0.0057177
-0.0057067
-0.0056957
-0.0056847
-0.0056737
-0.0056628
-0.0056518
-0.0056409
-0.0056299
-0.005619
-0.0056081
-0.0055971
-0.0055862
-0.0055753
-0.0055645
-0.0055536
-0.0055427
-0.0055319
-0.005521
-0.0055102
-0.0054994
-0.0054885
-0.0054777
-0.0054669
-0.0054561
-0.0054454
-0.0054346
-0.0054238
-0.0054131
-0.0054023
-0.0053916
-0.0053809
-0.0053702
-0.0053595
-0.0053488
-0.0053381
-0.0053275
-0.0053168
-0.0053062
-0.0052955
-0.0052849
-0.0052743
-0.0052637
-0.0052531
-0.0052425
-0.0052319
-0.0052214
-0.0052108
-0.0052003
-0.0051898
-0.0051793
-0.0051687
-0.0051583
-0.0051478
-0.0051373
-0.0051268
-0.0051164
-0.005106
-0.0050955
-0.0050851
-0.0050747
-0.0050643
-0.005054
-0.0050436
-0.0050332
-0.0050229
-0.0050126
-0.0050023
-0.004992
-0.0049817
-0.0049714
-0.0049611
-0.0049508
-0.0049406
-0.0049304
-0.0049201
-0.0049099
-0.0048997
-0.0048896
-0.0048794
-0.0048692
-0.0048591
-0.0048489
-0.0048388
-0.0048287
-0.0048186
-0.0048085
-0.0047985
-0.0047884
-0.0047783
-0.0047683
-0.0047583
-0.0047483
-0.0047383
-0.0047283
-0.0047183
-0.0047084
-0.0046984
-0.0046885
-0.0046786
-0.0046687
-0.0046588
-0.0046489
-0.004639
-0.0046292
-0.0046193
-0.0046095
-0.0045997
-0.0045899
-0.0045801
-0.0045703
-0.0045606
-0.0045508
-0.0045411
-0.0045314
-0.0045217
-0.004512
-0.0045023
-0.0044926
-0.004483
-0.0044733
-0.0044637
-0.0044541
-0.0044445
-0.0044349
-0.0044253
-0.0044158
-0.0044062
-0.0043967
-0.0043872
-0.0043777
-0.0043682
-0.0043587
-0.0043493
-0.0043398
-0.0043304
-0.004321
-0.0043115
-0.0043022
-0.0042928
-0.0042834
-0.0042741
-0.0042647
-0.0042554
-0.0042461
-0.0042368
-0.0042275
-0.0042182
-0.004209
-0.0041997
-0.0041905
-0.0041813
-0.0041721
-0.0041629
-0.0041538
-0.0041446
-0.0041355
-0.0041263
-0.0041172
-0.0041081
-0.004099
-0.00409
-0.0040809
-0.0040719
-0.0040629
-0.0040538
-0.0040448
-0.0040359
-0.0040269
-0.0040179
-0.004009
-0.0040001
-0.0039912
-0.0039823
-0.0039734
-0.0039645
-0.0039557
-0.0039468
-0.003938
-0.0039292
-0.0039204
-0.0039116
-0.0039028
-0.0038941
-0.0038853
-0.0038766
-0.0038679
-0.0038592
-0.0038505
-0.0038419
-0.0038332
-0.0038246
-0.0038159
-0.0038073
-0.0037987
-0.0037902
-0.0037816
-0.003773
-0.0037645
-0.003756
-0.0037475
-0.003739
-0.0037305
-0.003722
-0.0037136
-0.0037052
-0.0036967
-0.0036883
-0.0036799
-0.0036716
-0.0036632
-0.0036548
-0.0036465
-0.0036382
-0.0036299
-0.0036216
-0.0036133
-0.0036051
-0.0035968
-0.0035886
-0.0035804
-0.0035722
-0.003564
-0.0035558
-0.0035477
-0.0035395
-0.0035314
-0.0035233
-0.0035152
-0.0035071
-0.003499
-0.003491
-0.0034829
-0.0034749
-0.0034669
-0.0034589
-0.0034509
-0.0034429
-0.003435
-0.003427
-0.0034191
-0.0034112
-0.0034033
-0.0033954
-0.0033876
-0.0033797
-0.0033719
-0.0033641
-0.0033562
-0.0033485
-0.0033407
-0.0033329
-0.0033252
-0.0033174
-0.0033097
-0.003302
-0.0032943
-0.0032866
-0.003279
-0.0032713
-0.0032637
-0.0032561
-0.0032485
-0.0032409
-0.0032333
-0.0032257
-0.0032182
-0.0032107
-0.0032031
-0.0031956
-0.0031882
-0.0031807
-0.0031732
-0.0031658
-0.0031583
-0.0031509
-0.0031435
-0.0031361
-0.0031288
-0.0031214
-0.0031141
-0.0031067
-0.0030994
-0.0030921
-0.0030848
-0.0030776
-0.0030703
-0.0030631
-0.0030558
-0.0030486
-0.0030414
-0.0030342
-0.0030271
-0.0030199
-0.0030128
-0.0030056
-0.0029985
-0.0029914
-0.0029843
-0.0029772
-0.0029702
-0.0029631
-0.0029561
-0.0029491
-0.0029421
-0.0029351
-0.0029281
-0.0029212
-0.0029142
-0.0029073
-0.0029004
-0.0028935
-0.0028866
-0.0028797
-0.0028729
-0.002866
-0.0028592
-0.0028524
-0.0028456
-0.0028388
-0.002832
-0.0028253
-0.0028185
-0.0028118
-0.0028051
-0.0027984
-0.0027917
-0.002785
-0.0027783
-0.0027717
-0.002765
-0.0027584
-0.0027518
-0.0027452
-0.0027386
-0.0027321
-0.0027255
-0.002719
-0.0027125
-0.002706
-0.0026995
-0.002693
-0.0026865
-0.0026801
-0.0026736
-0.0026672
-0.0026608
-0.0026544
-0.002648
-0.0026416
-0.0026353
-0.0026289
-0.0026226
-0.0026163
-0.00261
-0.0026037
-0.0025974
-0.0025912
-0.0025849
-0.0025787
-0.0025725
-0.0025663
-0.0025601
-0.0025539
-0.0025477
-0.0025416
-0.0025354
-0.0025293
-0.0025232
-0.0025171
-0.002511
-0.0025049
-0.0024989
-0.0024928
-0.0024868
-0.0024808
-0.0024748
-0.0024688
-0.0024628
-0.0024569
-0.0024509
-0.002445
-0.0024391
-0.0024332
-0.0024273
-0.0024214
-0.0024155
-0.0024097
-0.0024038
-0.002398
-0.0023922
-0.0023864
-0.0023806
-0.0023748
-0.002369
-0.0023633
-0.0023575
-0.0023518
-0.0023461
-0.0023404
-0.0023347
-0.0023291
-0.0023234
-0.0023178
-0.0023121
-0.0023065
-0.0023009
-0.0022953
-0.0022897
-0.0022842
-0.0022786
-0.0022731
-0.0022676
-0.002262
-0.0022565
-0.0022511
-0.0022456
-0.0022401
-0.0022347
-0.0022292
-0.0022238
-0.0022184
-0.002213
-0.0022076
-0.0022023
-0.0021969
-0.0021916
-0.0021862
-0.0021809
-0.0021756
-0.0021703
-0.002165
-0.0021598
-0.0021545
-0.0021493
-0.002144
-0.0021388
-0.0021336
-0.0021284
-0.0021232
-0.0021181
-0.0021129
-0.0021078
-0.0021026
-0.0020975
-0.0020924
-0.0020873
-0.0020823
-0.0020772
-0.0020721
-0.0020671
-0.0020621
-0.002057
-0.002052
-0.0020471
-0.0020421
-0.0020371
-0.0020322
-0.0020272
-0.0020223
-0.0020174
-0.0020125
-0.0020076
-0.0020027
-0.0019978
-0.001993
-0.0019881
-0.0019833
-0.0019785
-0.0019737
-0.0019689
-0.0019641
-0.0019594
-0.0019546
-0.0019499
-0.0019451
-0.0019404
-0.0019357
-0.001931
-0.0019263
-0.0019217
-0.001917
-0.0019123
-0.0019077
-0.0019031
-0.0018985
-0.0018939
-0.0018893
-0.0018847
-0.0018802
-0.0018756
-0.0018711
-0.0018666
-0.001862
-0.0018575
-0.0018531
-0.0018486
-0.0018441
-0.0018397
-0.0018352
-0.0018308
-0.0018264
-0.001822
-0.0018176
-0.0018132
-0.0018088
-0.0018045
-0.0018001
-0.0017958
-0.0017915
-0.0017872
-0.0017829
-0.0017786
-0.0017743
-0.00177
-0.0017658
-0.0017615
-0.0017573
-0.0017531
-0.0017489
-0.0017447
-0.0017405
-0.0017364
-0.0017322
-0.001728
-0.0017239
-0.0017198
-0.0017157
-0.0017116
-0.0017075
-0.0017034
-0.0016993
-0.0016953
-0.0016913
-0.0016872
-0.0016832
-0.0016792
-0.0016752
-0.0016712
-0.0016672
-0.0016633
-0.0016593
-0.0016554
-0.0016515
-0.0016475
-0.0016436
-0.0016397
-0.0016359
-0.001632
-0.0016281
-0.0016243
-0.0016204
-0.0016166
-0.0016128
-0.001609
-0.0016052
-0.0016014
-0.0015977
-0.0015939
-0.0015902
-0.0015864
-0.0015827
-0.001579
-0.0015753
-0.0015716
-0.0015679
-0.0015642
-0.0015606
-0.0015569
-0.0015533
-0.0015497
-0.0015461
-0.0015425
-0.0015389
-0.0015353
-0.0015317
-0.0015282
-0.0015246
-0.0015211
-0.0015175
-0.001514
-0.0015105
-0.001507
-0.0015035
-0.0015001
-0.0014966
-0.0014932
-0.0014897
-0.0014863
-0.0014829
-0.0014795
-0.0014761
-0.0014727
-0.0014693
-0.001466
-0.0014626
-0.0014593
-0.0014559
-0.0014526
-0.0014493
-0.001446
-0.0014427
-0.0014394
-0.0014362
-0.0014329
-0.0014297
-0.0014264
-0.0014232
-0.00142
-0.0014168
-0.0014136
-0.0014104
-0.0014072
-0.0014041
-0.0014009
-0.0013978
-0.0013946
-0.0013915
-0.0013884
-0.0013853
-0.0013822
-0.0013792
-0.0013761
-0.001373
-0.00137
-0.0013669
-0.0013639
-0.0013609
-0.0013579
-0.0013549
-0.0013519
-0.0013489
-0.001346
-0.001343
-0.0013401
-0.0013371
-0.0013342
-0.0013313
-0.0013284
-0.0013255
-0.0013226
-0.0013197
-0.0013169
-0.001314
-0.0013112
-0.0013083
-0.0013055
-0.0013027
-0.0012999
-0.0012971
-0.0012943
-0.0012916
-0.0012888
-0.001286
-0.0012833
-0.0012806
-0.0012778
-0.0012751
-0.0012724
-0.0012697
-0.001267
-0.0012644
-0.0012617
-0.001259
-0.0012564
-0.0012538
-0.0012511
-0.0012485
-0.0012459
-0.0012433
-0.0012407
-0.0012381
-0.0012356
-0.001233
-0.0012305
-0.0012279
-0.0012254
-0.0012229
-0.0012204
-0.0012179
-0.0012154
-0.0012129
-0.0012104
-0.001208
-0.0012055
-0.0012031
-0.0012006
-0.0011982
-0.0011958
-0.0011934
-0.001191
-0.0011886
-0.0011862
-0.0011838
-0.0011815
-0.0011791
-0.0011768
-0.0011744
-0.0011721
-0.0011698
-0.0011675
-0.0011652
-0.0011629
-0.0011606
-0.0011584
-0.0011561
-0.0011539
-0.0011516
-0.0011494
-0.0011472
-0.0011449
-0.0011427
-0.0011405
-0.0011383
-0.0011362
-0.001134
-0.0011318
-0.0011297
-0.0011275
-0.0011254
-0.0011233
-0.0011212
-0.001119
-0.0011169
-0.0011149
-0.0011128
-0.0011107
-0.0011086
-0.0011066
-0.0011045
-0.0011025
-0.0011004
-0.0010984
-0.0010964
-0.0010944
-0.0010924
-0.0010904
-0.0010884
-0.0010865
-0.0010845
-0.0010825
-0.0010806
-0.0010786
-0.0010767
-0.0010748
-0.0010729
-0.001071
-0.0010691
-0.0010672
-0.0010653
-0.0010634
-0.0010616
-0.0010597
-0.0010578
-0.001056
-0.0010542
-0.0010523
-0.0010505
-0.0010487
-0.0010469
-0.0010451
-0.0010433
-0.0010416
-0.0010398
-0.001038
-0.0010363
-0.0010345
-0.0010328
-0.001031
-0.0010293
-0.0010276
-0.0010259
-0.0010242
-0.0010225
-0.0010208
-0.0010191
-0.0010175
-0.0010158
-0.0010141
-0.0010125
-0.0010109
-0.0010092
-0.0010076
-0.001006
-0.0010044
-0.0010028
-0.0010012
-0.00099957
-0.00099798
-0.00099641
-0.00099484
-0.00099327
-0.00099172
-0.00099017
-0.00098863
-0.0009871
-0.00098557
-0.00098405
-0.00098254
-0.00098103
-0.00097953
-0.00097804
-0.00097655
-0.00097508
-0.0009736
-0.00097214
-0.00097068
-0.00096923
-0.00096778
-0.00096635
-0.00096491
-0.00096349
-0.00096207
-0.00096066
-0.00095925
-0.00095785
-0.00095646
-0.00095507
-0.00095369
-0.00095232
-0.00095095
-0.00094959
-0.00094823
-0.00094689
-0.00094554
-0.00094421
-0.00094288
-0.00094155
-0.00094023
-0.00093892
-0.00093762
-0.00093632
-0.00093502
-0.00093373
-0.00093245
-0.00093117
-0.0009299
-0.00092864
-0.00092738
-0.00092613
-0.00092488
-0.00092364
-0.0009224
-0.00092117
-0.00091995
-0.00091873
-0.00091751
-0.0009163
-0.0009151
-0.0009139
-0.00091271
-0.00091152
-0.00091034
-0.00090917
-0.000908
-0.00090683
-0.00090567
-0.00090451
-0.00090336
-0.00090222
-0.00090108
-0.00089994
-0.00089881
-0.00089769
-0.00089657
-0.00089545
-0.00089434
-0.00089324
-0.00089214
-0.00089104
-0.00088995
-0.00088886
-0.00088778
-0.0008867
-0.00088563
-0.00088456
-0.0008835
-0.00088244
-0.00088139
-0.00088034
-0.00087929
-0.00087825
-0.00087721
-0.00087618
-0.00087515
-0.00087413
-0.00087311
-0.00087209
-0.00087108
-0.00087007
-0.00086907
-0.00086807
-0.00086708
-0.00086609
-0.0008651
-0.00086412
-0.00086314
-0.00086216
-0.00086119
-0.00086022
-0.00085926
-0.00085829
-0.00085734
-0.00085638
-0.00085543
-0.00085449
-0.00085355
-0.00085261
-0.00085167
-0.00085074
-0.00084981
-0.00084888
-0.00084796
-0.00084704
-0.00084613
-0.00084521
-0.0008443
-0.0008434
-0.00084249
-0.00084159
-0.0008407
-0.0008398
-0.00083891
-0.00083802
-0.00083714
-0.00083626
-0.00083538
-0.0008345
-0.00083363
-0.00083276
-0.00083189
-0.00083102
-0.00083016
-0.0008293
-0.00082844
-0.00082758
-0.00082673
-0.00082588
-0.00082503
-0.00082419
-0.00082334
-0.0008225
-0.00082166
-0.00082082
-0.00081999
-0.00081916
-0.00081833
-0.0008175
-0.00081667
-0.00081585
-0.00081503
-0.00081421
-0.00081339
-0.00081257
-0.00081176
-0.00081095
-0.00081014
-0.00080933
-0.00080852
-0.00080772
-0.00080691
-0.00080611
-0.00080531
-0.00080451
-0.00080371
-0.00080292
-0.00080212
-0.00080133
-0.00080054
-0.00079975
-0.00079896
-0.00079817
-0.00079739
-0.0007966
-0.00079582
-0.00079504
-0.00079426
-0.00079348
-0.0007927
-0.00079192
-0.00079114
-0.00079037
-0.00078959
-0.00078882
-0.00078804
-0.00078727
-0.0007865
-0.00078573
-0.00078496
-0.00078419
-0.00078342
-0.00078265
-0.00078189
-0.00078112
-0.00078036
-0.00077959
-0.00077883
-0.00077806
-0.0007773
-0.00077654
-0.00077577
-0.00077501
-0.00077425
-0.00077349
-0.00077273
-0.00077197
-0.0007712
-0.00077044
-0.00076968
-0.00076892
-0.00076816
-0.0007674
-0.00076664
-0.00076589
-0.00076513
-0.00076437
-0.00076361
-0.00076285
-0.00076209
-0.00076133
-0.00076057
-0.00075981
-0.00075905
-0.00075829
-0.00075753
-0.00075677
-0.00075601
-0.00075525
-0.00075449
-0.00075372
-0.00075296
-0.0007522
-0.00075144
-0.00075067
-0.00074991
-0.00074915
-0.00074838
-0.00074762
-0.00074685
-0.00074609
-0.00074532
-0.00074455
-0.00074378
-0.00074302
-0.00074225
-0.00074148
-0.00074071
-0.00073994
-0.00073916
-0.00073839
-0.00073762
-0.00073685
-0.00073607
-0.0007353
-0.00073452
-0.00073374
-0.00073296
-0.00073219
-0.00073141
-0.00073063
-0.00072984
-0.00072906
-0.00072828
-0.00072749
-0.00072671
-0.00072592
-0.00072513
-0.00072435
-0.00072356
-0.00072277
-0.00072198
-0.00072118
-0.00072039
-0.00071959
-0.0007188
-0.000718
-0.0007172
-0.0007164
-0.0007156
-0.0007148
-0.000714
-0.0007132
-0.00071239
-0.00071159
-0.00071078
-0.00070997
-0.00070916
-0.00070835
-0.00070754
-0.00070672
-0.00070591
-0.00070509
-0.00070428
-0.00070346
-0.00070264
-0.00070182
-0.00070099
-0.00070017
-0.00069934
-0.00069852
-0.00069769
-0.00069686
-0.00069603
-0.0006952
-0.00069437
-0.00069353
-0.0006927
-0.00069186
-0.00069102
-0.00069018
-0.00068934
-0.0006885
-0.00068766
-0.00068681
-0.00068597
-0.00068512
-0.00068427
-0.00068342
-0.00068257
-0.00068172
-0.00068086
-0.00068001
-0.00067915
-0.00067829
-0.00067743
-0.00067657
-0.00067571
-0.00067485
-0.00067398
-0.00067311
-0.00067225
-0.00067138
-0.00067051
-0.00066964
-0.00066876
-0.00066789
-0.00066702
-0.00066614
-0.00066526
-0.00066438
-0.0006635
-0.00066262
-0.00066174
-0.00066085
-0.00065997
-0.00065908
-0.0006582
-0.00065731
-0.00065642
-0.00065553
-0.00065463
-0.00065374
-0.00065285
-0.00065195
-0.00065105
-0.00065015
-0.00064926
-0.00064836
-0.00064745
-0.00064655
-0.00064565
-0.00064474
-0.00064384
-0.00064293
-0.00064202
-0.00064111
-0.0006402
-0.00063929
-0.00063838
-0.00063747
-0.00063655
-0.00063564
-0.00063472
-0.00063381
-0.00063289
-0.00063197
-0.00063105
-0.00063013
-0.00062921
-0.00062829
-0.00062736
-0.00062644
-0.00062552
-0.00062459
-0.00062366
-0.00062274
-0.00062181
-0.00062088
-0.00061995
-0.00061902
-0.00061809
-0.00061716
-0.00061623
-0.00061529
-0.00061436
-0.00061342
-0.00061249
-0.00061155
-0.00061062
-0.00060968
-0.00060874
-0.0006078
-0.00060687
-0.00060593
-0.00060499
-0.00060405
-0.00060311
-0.00060216
-0.00060122
-0.00060028
-0.00059934
-0.00059839
-0.00059745
-0.00059651
-0.00059556
-0.00059462
-0.00059367
-0.00059273
-0.00059178
-0.00059083
-0.00058989
-0.00058894
-0.00058799
-0.00058704
-0.0005861
-0.00058515
-0.0005842
-0.00058325
-0.0005823
-0.00058135
-0.0005804
-0.00057945
-0.0005785
-0.00057755
-0.0005766
-0.00057565
-0.0005747
-0.00057375
-0.0005728
-0.00057184
-0.00057089
-0.00056994
-0.00056899
-0.00056804
-0.00056709
-0.00056613
-0.00056518
-0.00056423
-0.00056328
-0.00056232
-0.00056137
-0.00056042
-0.00055947
-0.00055851
-0.00055756
-0.00055661
-0.00055566
-0.0005547
-0.00055375
-0.0005528
-0.00055184
-0.00055089
-0.00054994
-0.00054898
-0.00054803
-0.00054708
-0.00054613
-0.00054517
-0.00054422
-0.00054327
