0.00033514
0.00033571
0.00033628
0.00033685
0.00033742
0.00033799
0.00033856
0.00033913
0.00033969
0.00034026
0.00034083
0.0003414
0.00034197
0.00034254
0.00034311
0.00034368
0.00034425
0.00034482
0.00034539
0.00034595
0.00034652
0.00034709
0.00034766
0.00034823
0.0003488
0.00034937
0.00034994
0.0003505
0.00035107
0.00035164
0.00035221
0.00035278
0.00035335
0.00035391
0.00035448
0.00035505
0.00035562
0.00035618
0.00035675
0.00035732
0.00035789
0.00035845
0.00035902
0.00035959
0.00036015
0.00036072
0.00036128
0.00036185
0.00036242
0.00036298
0.00036355
0.00036411
0.00036468
0.00036524
0.00036581
0.00036637
0.00036693
0.0003675
0.00036806
0.00036862
0.00036919
0.00036975
0.00037031
0.00037087
0.00037143
0.000372
0.00037256
0.00037312
0.00037368
0.00037424
0.0003748
0.00037535
0.00037591
0.00037647
0.00037703
0.00037759
0.00037814
0.0003787
0.00037926
0.00037981
0.00038037
0.00038092
0.00038148
0.00038203
0.00038258
0.00038314
0.00038369
0.00038424
0.00038479
0.00038534
0.00038589
0.00038644
0.00038699
0.00038754
0.00038809
0.00038863
0.00038918
0.00038973
0.00039027
0.00039082
0.00039136
0.00039191
0.00039245
0.00039299
0.00039353
0.00039407
0.00039461
0.00039515
0.00039569
0.00039623
0.00039677
0.00039731
0.00039784
0.00039838
0.00039891
0.00039945
0.00039998
0.00040051
0.00040105
0.00040158
0.00040211
0.00040264
0.00040317
0.0004037
0.00040422
0.00040475
0.00040528
0.0004058
0.00040633
0.00040685
0.00040737
0.00040789
0.00040841
0.00040893
0.00040945
0.00040997
0.00041049
0.00041101
0.00041152
0.00041204
0.00041255
0.00041307
0.00041358
0.00041409
0.0004146
0.00041511
0.00041562
0.00041613
0.00041664
0.00041715
0.00041765
0.00041816
0.00041866
0.00041917
0.00041967
0.00042017
0.00042067
0.00042117
0.00042167
0.00042217
0.00042267
0.00042316
0.00042366
0.00042415
0.00042465
0.00042514
0.00042563
0.00042612
0.00042661
0.0004271
0.00042759
0.00042808
0.00042857
0.00042905
0.00042954
0.00043002
0.00043051
0.00043099
0.00043147
0.00043195
0.00043243
0.00043291
0.00043339
0.00043387
0.00043435
0.00043482
0.0004353
0.00043577
0.00043625
0.00043672
0.00043719
0.00043767
0.00043814
0.00043861
0.00043908
0.00043954
0.00044001
0.00044048
0.00044095
0.00044141
0.00044188
0.00044234
0.0004428
0.00044327
0.00044373
0.00044419
0.00044465
0.00044511
0.00044557
0.00044603
0.00044649
0.00044695
0.0004474
0.00044786
0.00044832
0.00044877
0.00044922
0.00044968
0.00045013
0.00045059
0.00045104
0.00045149
0.00045194
0.00045239
0.00045284
0.00045329
0.00045374
0.00045419
0.00045464
0.00045509
0.00045553
0.00045598
0.00045643
0.00045687
0.00045732
0.00045777
0.00045821
0.00045866
0.0004591
0.00045955
0.00045999
0.00046043
0.00046088
0.00046132
0.00046176
0.00046221
0.00046265
0.00046309
0.00046353
0.00046397
0.00046442
0.00046486
0.0004653
0.00046574
0.00046618
0.00046662
0.00046706
0.0004675
0.00046795
0.00046839
0.00046883
0.00046927
0.00046971
0.00047015
0.00047059
0.00047103
0.00047147
0.00047192
0.00047236
0.0004728
0.00047324
0.00047368
0.00047413
0.00047457
0.00047501
0.00047545
0.0004759
0.00047634
0.00047678
0.00047723
0.00047767
0.00047812
0.00047856
0.00047901
0.00047945
0.0004799
0.00048034
0.00048079
0.00048124
0.00048169
0.00048214
0.00048259
0.00048303
0.00048349
0.00048394
0.00048439
0.00048484
0.00048529
0.00048575
0.0004862
0.00048665
0.00048711
0.00048757
0.00048802
0.00048848
0.00048894
0.0004894
0.00048986
0.00049032
0.00049078
0.00049124
0.00049171
0.00049217
0.00049264
0.0004931
0.00049357
0.00049404
0.00049451
0.00049498
0.00049545
0.00049592
0.0004964
0.00049687
0.00049735
0.00049782
0.0004983
0.00049878
0.00049926
0.00049975
0.00050023
0.00050071
0.0005012
0.00050169
0.00050218
0.00050267
0.00050316
0.00050365
0.00050414
0.00050464
0.00050514
0.00050564
0.00050614
0.00050664
0.00050714
0.00050764
0.00050815
0.00050866
0.00050917
0.00050968
0.00051019
0.00051071
0.00051122
0.00051174
0.00051226
0.00051278
0.00051331
0.00051383
0.00051436
0.00051489
0.00051542
0.00051595
0.00051649
0.00051702
0.00051756
0.0005181
0.00051864
0.00051919
0.00051973
0.00052028
0.00052083
0.00052139
0.00052194
0.0005225
0.00052306
0.00052362
0.00052418
0.00052475
0.00052532
0.00052589
0.00052646
0.00052703
0.00052761
0.00052819
0.00052877
0.00052936
0.00052994
0.00053053
0.00053112
0.00053172
0.00053231
0.00053291
0.00053351
0.00053412
0.00053472
0.00053533
0.00053594
0.00053656
0.00053718
0.00053779
0.00053842
0.00053904
0.00053967
0.0005403
0.00054093
0.00054157
0.00054221
0.00054285
0.00054349
0.00054414
0.00054479
0.00054544
0.0005461
0.00054676
0.00054742
0.00054808
0.00054875
0.00054942
0.00055009
0.00055077
0.00055145
0.00055213
0.00055282
0.00055351
0.0005542
0.00055489
0.00055559
0.00055629
0.000557
0.0005577
0.00055842
0.00055913
0.00055985
0.00056057
0.00056129
0.00056202
0.00056275
0.00056348
0.00056422
0.00056496
0.0005657
0.00056645
0.0005672
0.00056796
0.00056872
0.00056948
0.00057024
0.00057101
0.00057178
0.00057256
0.00057333
0.00057412
0.0005749
0.00057569
0.00057649
0.00057728
0.00057808
0.00057889
0.0005797
0.00058051
0.00058132
0.00058214
0.00058296
0.00058379
0.00058462
0.00058546
0.00058629
0.00058713
0.00058798
0.00058883
0.00058968
0.00059054
0.0005914
0.00059227
0.00059314
0.00059401
0.00059489
0.00059577
0.00059665
0.00059754
0.00059843
0.00059933
0.00060023
0.00060114
0.00060204
0.00060296
0.00060387
0.0006048
0.00060572
0.00060665
0.00060758
0.00060852
0.00060946
0.00061041
0.00061136
0.00061232
0.00061327
0.00061424
0.00061521
0.00061618
0.00061715
0.00061813
0.00061912
0.00062011
0.0006211
0.0006221
0.0006231
0.00062411
0.00062512
0.00062613
0.00062715
0.00062818
0.0006292
0.00063024
0.00063127
0.00063232
0.00063336
0.00063441
0.00063547
0.00063653
0.00063759
0.00063866
0.00063973
0.00064081
0.00064189
0.00064298
0.00064407
0.00064517
0.00064627
0.00064738
0.00064849
0.0006496
0.00065072
0.00065184
0.00065297
0.00065411
0.00065525
0.00065639
0.00065754
0.00065869
0.00065984
0.00066101
0.00066217
0.00066334
0.00066452
0.0006657
0.00066689
0.00066808
0.00066927
0.00067047
0.00067168
0.00067289
0.0006741
0.00067532
0.00067655
0.00067778
0.00067901
0.00068025
0.00068149
0.00068274
0.00068399
0.00068525
0.00068652
0.00068779
0.00068906
0.00069034
0.00069162
0.00069291
0.0006942
0.0006955
0.0006968
0.00069811
0.00069943
0.00070075
0.00070207
0.0007034
0.00070473
0.00070607
0.00070741
0.00070876
0.00071012
0.00071147
0.00071284
0.00071421
0.00071558
0.00071696
0.00071835
0.00071973
0.00072113
0.00072253
0.00072393
0.00072534
0.00072676
0.00072818
0.00072961
0.00073104
0.00073247
0.00073391
0.00073536
0.00073681
0.00073827
0.00073973
0.0007412
0.00074267
0.00074415
0.00074563
0.00074712
0.00074861
0.00075011
0.00075161
0.00075312
0.00075464
0.00075616
0.00075768
0.00075921
0.00076075
0.00076229
0.00076384
0.00076539
0.00076694
0.00076851
0.00077007
0.00077165
0.00077322
0.00077481
0.0007764
0.00077799
0.00077959
0.00078119
0.0007828
0.00078442
0.00078604
0.00078767
0.0007893
0.00079094
0.00079258
0.00079423
0.00079588
0.00079754
0.0007992
0.00080087
0.00080254
0.00080422
0.00080591
0.0008076
0.0008093
0.000811
0.00081271
0.00081442
0.00081614
0.00081786
0.00081959
0.00082132
0.00082306
0.00082481
0.00082656
0.00082832
0.00083008
0.00083184
0.00083362
0.0008354
0.00083718
0.00083897
0.00084076
0.00084256
0.00084437
0.00084618
0.00084799
0.00084982
0.00085164
0.00085348
0.00085532
0.00085716
0.00085901
0.00086086
0.00086272
0.00086459
0.00086646
0.00086834
0.00087022
0.00087211
0.000874
0.0008759
0.0008778
0.00087971
0.00088163
0.00088355
0.00088548
0.00088741
0.00088935
0.00089129
0.00089324
0.00089519
0.00089715
0.00089912
0.00090109
0.00090307
0.00090505
0.00090703
0.00090903
0.00091103
0.00091303
0.00091504
0.00091706
0.00091908
0.0009211
0.00092313
0.00092517
0.00092721
0.00092926
0.00093132
0.00093338
0.00093544
0.00093751
0.00093959
0.00094167
0.00094376
0.00094585
0.00094795
0.00095005
0.00095216
0.00095428
0.0009564
0.00095853
0.00096066
0.00096279
0.00096494
0.00096709
0.00096924
0.0009714
0.00097357
0.00097574
0.00097791
0.00098009
0.00098228
0.00098448
0.00098667
0.00098888
0.00099109
0.0009933
0.00099552
0.00099775
0.00099998
0.0010022
0.0010045
0.0010067
0.001009
0.0010112
0.0010135
0.0010158
0.001018
0.0010203
0.0010226
0.0010249
0.0010272
0.0010295
0.0010318
0.0010341
0.0010365
0.0010388
0.0010411
0.0010434
0.0010458
0.0010481
0.0010505
0.0010529
0.0010552
0.0010576
0.00106
0.0010623
0.0010647
0.0010671
0.0010695
0.0010719
0.0010743
0.0010768
0.0010792
0.0010816
0.001084
0.0010865
0.0010889
0.0010914
0.0010938
0.0010963
0.0010987
0.0011012
0.0011037
0.0011062
0.0011087
0.0011111
0.0011136
0.0011161
0.0011187
0.0011212
0.0011237
0.0011262
0.0011287
0.0011313
0.0011338
0.0011364
0.0011389
0.0011415
0.001144
0.0011466
0.0011492
0.0011518
0.0011544
0.0011569
0.0011595
0.0011621
0.0011648
0.0011674
0.00117
0.0011726
0.0011752
0.0011779
0.0011805
0.0011832
0.0011858
0.0011885
0.0011911
0.0011938
0.0011965
0.0011991
0.0012018
0.0012045
0.0012072
0.0012099
0.0012126
0.0012153
0.001218
0.0012208
0.0012235
0.0012262
0.001229
0.0012317
0.0012345
0.0012372
0.00124
0.0012427
0.0012455
0.0012483
0.0012511
0.0012538
0.0012566
0.0012594
0.0012622
0.001265
0.0012678
0.0012707
0.0012735
0.0012763
0.0012792
0.001282
0.0012848
0.0012877
0.0012905
0.0012934
0.0012963
0.0012991
0.001302
0.0013049
0.0013078
0.0013107
0.0013136
0.0013165
0.0013194
0.0013223
0.0013252
0.0013281
0.0013311
0.001334
0.0013369
0.0013399
0.0013428
0.0013458
0.0013487
0.0013517
0.0013547
0.0013576
0.0013606
0.0013636
0.0013666
0.0013696
0.0013726
0.0013756
0.0013786
0.0013816
0.0013846
0.0013877
0.0013907
0.0013937
0.0013968
0.0013998
0.0014029
0.0014059
0.001409
0.0014121
0.0014151
0.0014182
0.0014213
0.0014244
0.0014275
0.0014306
0.0014337
0.0014368
0.0014399
0.001443
0.0014461
0.0014493
0.0014524
0.0014555
0.0014587
0.0014618
0.001465
0.0014681
0.0014713
0.0014745
0.0014776
0.0014808
0.001484
0.0014872
0.0014904
0.0014936
0.0014968
0.0015
0.0015032
0.0015064
0.0015096
0.0015128
0.0015161
0.0015193
0.0015225
0.0015258
0.001529
0.0015323
0.0015355
0.0015388
0.0015421
0.0015453
0.0015486
0.0015519
0.0015552
0.0015585
0.0015618
0.0015651
0.0015684
0.0015717
0.001575
0.0015783
0.0015816
0.001585
0.0015883
0.0015916
0.001595
0.0015983
0.0016017
0.001605
0.0016084
0.0016118
0.0016151
0.0016185
0.0016219
0.0016253
0.0016287
0.001632
0.0016354
0.0016388
0.0016423
0.0016457
0.0016491
0.0016525
0.0016559
0.0016593
0.0016628
0.0016662
0.0016696
0.0016731
0.0016765
0.00168
0.0016835
0.0016869
0.0016904
0.0016938
0.0016973
0.0017008
0.0017043
0.0017078
0.0017113
0.0017148
0.0017183
0.0017218
0.0017253
0.0017288
0.0017323
0.0017358
0.0017393
0.0017429
0.0017464
0.0017499
0.0017535
0.001757
0.0017606
0.0017641
0.0017677
0.0017712
0.0017748
0.0017784
0.0017819
0.0017855
0.0017891
0.0017927
0.0017963
0.0017999
0.0018034
0.001807
0.0018106
0.0018143
0.0018179
0.0018215
0.0018251
0.0018287
0.0018323
0.001836
0.0018396
0.0018432
0.0018469
0.0018505
0.0018542
0.0018578
0.0018615
0.0018651
0.0018688
0.0018725
0.0018761
0.0018798
0.0018835
0.0018871
0.0018908
0.0018945
0.0018982
0.0019019
0.0019056
0.0019093
0.001913
0.0019167
0.0019204
0.0019241
0.0019278
0.0019315
0.0019353
0.001939
0.0019427
0.0019464
0.0019502
0.0019539
0.0019577
0.0019614
0.0019651
0.0019689
0.0019726
0.0019764
0.0019802
0.0019839
0.0019877
0.0019915
0.0019952
0.001999
0.0020028
0.0020066
0.0020103
0.0020141
0.0020179
0.0020217
0.0020255
0.0020293
0.0020331
0.0020369
0.0020407
0.0020445
0.0020483
0.0020521
0.0020559
0.0020597
0.0020636
0.0020674
0.0020712
0.002075
0.0020789
0.0020827
0.0020865
0.0020904
0.0020942
0.002098
0.0021019
0.0021057
0.0021096
0.0021134
0.0021173
0.0021211
0.002125
0.0021288
0.0021327
0.0021366
0.0021404
0.0021443
0.0021481
0.002152
0.0021559
0.0021598
0.0021636
0.0021675
0.0021714
0.0021753
0.0021792
0.002183
0.0021869
0.0021908
0.0021947
0.0021986
0.0022025
0.0022064
0.0022103
0.0022142
0.0022181
0.002222
0.0022259
0.0022298
0.0022337
0.0022376
0.0022415
0.0022454
0.0022493
0.0022532
0.0022571
0.0022611
0.002265
0.0022689
0.0022728
0.0022767
0.0022806
0.0022846
0.0022885
0.0022924
0.0022963
0.0023003
0.0023042
0.0023081
0.002312
0.002316
0.0023199
0.0023238
0.0023278
0.0023317
0.0023356
0.0023395
0.0023435
0.0023474
0.0023513
0.0023553
0.0023592
0.0023632
0.0023671
0.002371
0.002375
0.0023789
0.0023828
0.0023868
0.0023907
0.0023946
0.0023986
0.0024025
0.0024065
0.0024104
0.0024143
0.0024183
0.0024222
0.0024261
0.0024301
0.002434
0.002438
0.0024419
0.0024458
0.0024498
0.0024537
0.0024576
0.0024616
0.0024655
0.0024694
0.0024734
0.0024773
0.0024813
0.0024852
0.0024891
0.002493
0.002497
0.0025009
0.0025048
0.0025088
0.0025127
0.0025166
0.0025205
0.0025245
0.0025284
0.0025323
0.0025362
0.0025402
0.0025441
0.002548
0.0025519
0.0025558
0.0025597
0.0025636
0.0025676
0.0025715
0.0025754
0.0025793
0.0025832
0.0025871
0.002591
0.0025949
0.0025988
0.0026027
0.0026066
0.0026105
0.0026144
0.0026183
0.0026221
0.002626
0.0026299
0.0026338
0.0026377
0.0026416
0.0026454
0.0026493
0.0026532
0.002657
0.0026609
0.0026648
0.0026686
0.0026725
0.0026764
0.0026802
0.0026841
0.0026879
0.0026918
0.0026956
0.0026994
0.0027033
0.0027071
0.0027109
0.0027148
0.0027186
0.0027224
0.0027262
0.0027301
0.0027339
0.0027377
0.0027415
0.0027453
0.0027491
0.0027529
0.0027567
0.0027605
0.0027643
0.0027681
0.0027718
0.0027756
0.0027794
0.0027832
0.0027869
0.0027907
0.0027944
0.0027982
0.0028019
0.0028057
0.0028094
0.0028132
0.0028169
0.0028206
0.0028244
0.0028281
0.0028318
0.0028355
0.0028392
0.0028429
0.0028466
0.0028503
0.002854
0.0028577
0.0028614
0.0028651
0.0028687
0.0028724
0.0028761
0.0028797
0.0028834
0.002887
0.0028907
0.0028943
0.0028979
0.0029015
0.0029052
0.0029088
0.0029124
0.002916
0.0029196
0.0029232
0.0029268
0.0029304
0.0029339
0.0029375
0.0029411
0.0029446
0.0029482
0.0029517
0.0029553
0.0029588
0.0029624
0.0029659
0.0029694
0.0029729
0.0029764
0.0029799
0.0029834
0.0029869
0.0029904
0.0029939
0.0029973
0.0030008
0.0030042
0.0030077
0.0030111
0.0030146
0.003018
0.0030214
0.0030248
0.0030282
0.0030316
0.003035
0.0030384
0.0030418
0.0030452
0.0030485
0.0030519
0.0030552
0.0030586
0.0030619
0.0030652
0.0030686
0.0030719
0.0030752
0.0030785
0.0030818
0.003085
0.0030883
0.0030916
0.0030948
0.0030981
0.0031013
0.0031046
0.0031078
0.003111
0.0031142
0.0031174
0.0031206
0.0031238
0.0031269
0.0031301
0.0031333
0.0031364
0.0031396
0.0031427
0.0031458
0.0031489
0.003152
0.0031551
0.0031582
0.0031613
0.0031643
0.0031674
0.0031705
0.0031735
0.0031765
0.0031795
0.0031826
0.0031856
0.0031885
0.0031915
0.0031945
0.0031975
0.0032004
0.0032034
0.0032063
0.0032092
0.0032121
0.003215
0.0032179
0.0032208
0.0032237
0.0032265
0.0032294
0.0032322
0.0032351
0.0032379
0.0032407
0.0032435
0.0032463
0.003249
0.0032518
0.0032546
0.0032573
0.00326
0.0032628
0.0032655
0.0032682
0.0032709
0.0032735
0.0032762
0.0032789
0.0032815
0.0032841
0.0032868
0.0032894
0.003292
0.0032945
0.0032971
0.0032997
0.0033022
0.0033048
0.0033073
0.0033098
0.0033123
0.0033148
0.0033173
0.0033197
0.0033222
0.0033246
0.0033271
0.0033295
0.0033319
0.0033343
0.0033367
0.003339
0.0033414
0.0033437
0.003346
0.0033483
0.0033507
0.0033529
0.0033552
0.0033575
0.0033597
0.003362
0.0033642
0.0033664
0.0033686
0.0033708
0.0033729
0.0033751
0.0033772
0.0033794
0.0033815
0.0033836
0.0033857
0.0033877
0.0033898
0.0033918
0.0033939
0.0033959
0.0033979
0.0033999
0.0034018
0.0034038
0.0034058
0.0034077
0.0034096
0.0034115
0.0034134
0.0034153
0.0034171
0.003419
0.0034208
0.0034226
0.0034244
0.0034262
0.0034279
0.0034297
0.0034314
0.0034332
0.0034349
0.0034366
0.0034382
0.0034399
0.0034415
0.0034432
0.0034448
0.0034464
0.003448
0.0034495
0.0034511
0.0034526
0.0034542
0.0034557
0.0034572
0.0034586
0.0034601
0.0034615
0.0034629
0.0034644
0.0034657
0.0034671
0.0034685
0.0034698
0.0034712
0.0034725
0.0034738
0.003475
0.0034763
0.0034775
0.0034788
0.00348
0.0034812
0.0034823
0.0034835
0.0034846
0.0034858
0.0034869
0.003488
0.003489
0.0034901
0.0034911
0.0034922
0.0034932
0.0034942
0.0034951
0.0034961
0.003497
0.0034979
0.0034988
0.0034997
0.0035006
0.0035014
0.0035022
0.0035031
0.0035038
0.0035046
0.0035054
0.0035061
0.0035068
0.0035075
0.0035082
0.0035089
0.0035095
0.0035102
0.0035108
0.0035114
0.0035119
0.0035125
0.003513
0.0035135
0.003514
0.0035145
0.003515
0.0035154
0.0035158
0.0035162
0.0035166
0.003517
0.0035173
0.0035177
0.003518
0.0035183
0.0035185
0.0035188
0.003519
0.0035192
0.0035194
0.0035196
0.0035197
0.0035199
0.00352
0.0035201
0.0035202
0.0035202
0.0035203
0.0035203
0.0035203
0.0035202
0.0035202
0.0035201
0.0035201
0.0035199
0.0035198
0.0035197
0.0035195
0.0035193
0.0035191
0.0035189
0.0035187
0.0035184
0.0035181
0.0035178
0.0035175
0.0035171
0.0035168
0.0035164
0.003516
0.0035155
0.0035151
0.0035146
0.0035141
0.0035136
0.0035131
0.0035125
0.003512
0.0035114
0.0035108
0.0035101
0.0035095
0.0035088
0.0035081
0.0035074
0.0035066
0.0035059
0.0035051
0.0035043
0.0035034
0.0035026
0.0035017
0.0035008
0.0034999
0.003499
0.003498
0.0034971
0.0034961
0.003495
0.003494
0.0034929
0.0034919
0.0034908
0.0034896
0.0034885
0.0034873
0.0034861
0.0034849
0.0034837
0.0034824
0.0034811
0.0034798
0.0034785
0.0034772
0.0034758
0.0034744
0.003473
0.0034716
0.0034701
0.0034686
0.0034671
0.0034656
0.0034641
0.0034625
0.0034609
0.0034593
0.0034577
0.003456
0.0034544
0.0034527
0.0034509
0.0034492
0.0034474
0.0034456
0.0034438
0.003442
0.0034401
0.0034383
0.0034364
0.0034344
0.0034325
0.0034305
0.0034286
0.0034265
0.0034245
0.0034224
0.0034204
0.0034183
0.0034161
0.003414
0.0034118
0.0034096
0.0034074
0.0034052
0.0034029
0.0034006
0.0033983
0.003396
0.0033937
0.0033913
0.0033889
0.0033865
0.003384
0.0033816
0.0033791
0.0033766
0.003374
0.0033715
0.0033689
0.0033663
0.0033637
0.003361
0.0033583
0.0033557
0.0033529
0.0033502
0.0033474
0.0033447
0.0033418
0.003339
0.0033362
0.0033333
0.0033304
0.0033275
0.0033245
0.0033216
0.0033186
0.0033155
0.0033125
0.0033095
0.0033064
0.0033033
0.0033001
0.003297
0.0032938
0.0032906
0.0032874
0.0032842
0.0032809
0.0032776
0.0032743
0.003271
0.0032676
0.0032642
0.0032608
0.0032574
0.0032539
0.0032505
0.003247
0.0032435
0.0032399
0.0032363
0.0032328
0.0032292
0.0032255
0.0032219
0.0032182
0.0032145
0.0032108
0.003207
0.0032033
0.0031995
0.0031956
0.0031918
0.0031879
0.0031841
0.0031802
0.0031762
0.0031723
0.0031683
0.0031643
0.0031603
0.0031563
0.0031522
0.0031481
0.003144
0.0031399
0.0031357
0.0031315
0.0031273
0.0031231
0.0031189
0.0031146
0.0031103
0.003106
0.0031017
0.0030973
0.0030929
0.0030885
0.0030841
0.0030797
0.0030752
0.0030707
0.0030662
0.0030616
0.0030571
0.0030525
0.0030479
0.0030433
0.0030386
0.003034
0.0030293
0.0030246
0.0030198
0.0030151
0.0030103
0.0030055
0.0030007
0.0029958
0.002991
0.0029861
0.0029812
0.0029762
0.0029713
0.0029663
0.0029613
0.0029563
0.0029512
0.0029462
0.0029411
0.002936
0.0029309
0.0029257
0.0029205
0.0029153
0.0029101
0.0029049
0.0028996
0.0028944
0.0028891
0.0028837
0.0028784
0.002873
0.0028677
0.0028623
0.0028568
0.0028514
0.0028459
0.0028404
0.0028349
0.0028294
0.0028238
0.0028183
0.0028127
0.0028071
0.0028014
0.0027958
0.0027901
0.0027844
0.0027787
0.002773
0.0027672
0.0027614
0.0027556
0.0027498
0.002744
0.0027381
0.0027322
0.0027263
0.0027204
0.0027145
0.0027085
0.0027025
0.0026965
0.0026905
0.0026845
0.0026784
0.0026723
0.0026662
0.0026601
0.002654
0.0026478
0.0026417
0.0026355
0.0026292
0.002623
0.0026168
0.0026105
0.0026042
0.0025979
0.0025916
0.0025852
0.0025788
0.0025725
0.0025661
0.0025596
0.0025532
0.0025467
0.0025402
0.0025337
0.0025272
0.0025207
0.0025141
0.0025076
0.002501
0.0024944
0.0024877
0.0024811
0.0024744
0.0024678
0.0024611
0.0024543
0.0024476
0.0024408
0.0024341
0.0024273
0.0024205
0.0024137
0.0024068
0.0024
0.0023931
0.0023862
0.0023793
0.0023724
0.0023654
0.0023585
0.0023515
0.0023445
0.0023375
0.0023304
0.0023234
0.0023163
0.0023093
0.0023022
0.0022951
0.0022879
0.0022808
0.0022736
0.0022665
0.0022593
0.0022521
0.0022448
0.0022376
0.0022303
0.0022231
0.0022158
0.0022085
0.0022012
0.0021938
0.0021865
0.0021791
0.0021717
0.0021643
0.0021569
0.0021495
0.0021421
0.0021346
0.0021271
0.0021197
0.0021122
0.0021046
0.0020971
0.0020896
0.002082
0.0020744
0.0020669
0.0020593
0.0020516
0.002044
0.0020364
0.0020287
0.002021
0.0020134
0.0020057
0.001998
0.0019902
0.0019825
0.0019747
0.001967
0.0019592
0.0019514
0.0019436
0.0019358
0.001928
0.0019201
0.0019123
0.0019044
0.0018965
0.0018886
0.0018807
0.0018728
0.0018649
0.001857
0.001849
0.001841
0.0018331
0.0018251
0.0018171
0.0018091
0.001801
0.001793
0.001785
0.0017769
0.0017688
0.0017608
0.0017527
0.0017446
0.0017365
0.0017283
0.0017202
0.0017121
0.0017039
0.0016957
0.0016876
0.0016794
0.0016712
0.001663
0.0016548
0.0016465
0.0016383
0.0016301
0.0016218
0.0016135
0.0016053
0.001597
0.0015887
0.0015804
0.0015721
0.0015638
0.0015554
0.0015471
0.0015388
0.0015304
0.001522
0.0015137
0.0015053
0.0014969
0.0014885
0.0014801
0.0014717
0.0014633
0.0014548
0.0014464
0.0014379
0.0014295
0.001421
0.0014126
0.0014041
0.0013956
0.0013871
0.0013786
0.0013701
0.0013616
0.0013531
0.0013446
0.001336
0.0013275
0.001319
0.0013104
0.0013019
0.0012933
0.0012847
0.0012762
0.0012676
0.001259
0.0012504
0.0012418
0.0012332
0.0012246
0.001216
0.0012074
0.0011988
0.0011901
0.0011815
0.0011729
0.0011642
0.0011556
0.0011469
0.0011383
0.0011296
0.0011209
0.0011123
0.0011036
0.0010949
0.0010862
0.0010776
0.0010689
0.0010602
0.0010515
0.0010428
0.0010341
0.0010254
0.0010167
0.001008
0.00099924
0.00099052
0.0009818
0.00097308
0.00096436
0.00095563
0.0009469
0.00093817
0.00092943
0.0009207
0.00091196
0.00090322
0.00089448
0.00088573
0.00087699
0.00086824
0.00085949
0.00085074
0.00084199
0.00083324
0.00082449
0.00081573
0.00080698
0.00079822
0.00078947
0.00078071
0.00077195
0.0007632
0.00075444
0.00074568
0.00073692
0.00072816
0.0007194
0.00071065
0.00070189
0.00069313
0.00068437
0.00067562
0.00066686
0.00065811
0.00064935
0.0006406
0.00063185
0.0006231
0.00061435
0.0006056
0.00059685
0.00058811
0.00057936
0.00057062
0.00056188
0.00055314
0.00054441
0.00053567
0.00052694
0.00051821
0.00050948
0.00050076
0.00049204
0.00048332
0.0004746
0.00046588
0.00045717
0.00044846
0.00043976
0.00043106
0.00042236
0.00041366
0.00040497
0.00039628
0.0003876
0.00037891
0.00037024
0.00036156
0.00035289
0.00034423
0.00033557
0.00032691
0.00031826
0.00030961
0.00030097
0.00029233
0.0002837
0.00027507
0.00026644
0.00025782
0.00024921
0.0002406
0.000232
0.0002234
0.00021481
0.00020622
0.00019764
0.00018906
0.00018049
0.00017193
0.00016337
0.00015482
0.00014627
0.00013773
0.0001292
0.00012067
0.00011215
0.00010364
9.5133e-05
8.6633e-05
7.814e-05
6.9654e-05
6.1175e-05
5.2704e-05
4.4239e-05
3.5782e-05
2.7332e-05
1.889e-05
1.0455e-05
2.0277e-06
-6.3917e-06
-1.4803e-05
-2.3207e-05
-3.1602e-05
-3.999e-05
-4.8369e-05
-5.674e-05
-6.5103e-05
-7.3457e-05
-8.1803e-05
-9.014e-05
-9.8469e-05
-0.00010679
-0.0001151
-0.0001234
-0.00013169
-0.00013998
-0.00014825
-0.00015652
-0.00016477
-0.00017302
-0.00018126
-0.00018949
-0.0001977
-0.00020591
-0.00021411
-0.0002223
-0.00023048
-0.00023865
-0.0002468
-0.00025495
-0.00026309
-0.00027122
-0.00027933
-0.00028744
-0.00029554
-0.00030362
-0.0003117
-0.00031976
-0.00032781
-0.00033585
-0.00034388
-0.0003519
-0.00035991
-0.00036791
-0.00037589
-0.00038387
-0.00039183
-0.00039978
-0.00040772
-0.00041565
-0.00042356
-0.00043146
-0.00043936
-0.00044724
-0.0004551
-0.00046296
-0.0004708
-0.00047863
-0.00048645
-0.00049425
-0.00050205
-0.00050983
-0.0005176
-0.00052535
-0.00053309
-0.00054082
-0.00054854
-0.00055624
-0.00056393
-0.00057161
-0.00057927
-0.00058692
-0.00059456
-0.00060218
-0.00060979
-0.00061739
-0.00062497
-0.00063254
-0.00064009
-0.00064764
-0.00065516
-0.00066268
-0.00067018
-0.00067766
-0.00068513
-0.00069259
-0.00070003
-0.00070746
-0.00071487
-0.00072227
-0.00072965
-0.00073702
-0.00074438
-0.00075172
-0.00075905
-0.00076636
-0.00077365
-0.00078093
-0.0007882
-0.00079545
-0.00080268
-0.0008099
-0.00081711
-0.0008243
-0.00083147
-0.00083863
-0.00084577
-0.0008529
-0.00086001
-0.00086711
-0.00087419
-0.00088125
-0.0008883
-0.00089533
-0.00090235
-0.00090935
-0.00091633
-0.0009233
-0.00093025
-0.00093719
-0.00094411
-0.00095101
-0.0009579
-0.00096477
-0.00097162
-0.00097846
-0.00098528
-0.00099208
-0.00099887
-0.0010056
-0.0010124
-0.0010191
-0.0010258
-0.0010326
-0.0010392
-0.0010459
-0.0010526
-0.0010592
-0.0010658
-0.0010724
-0.001079
-0.0010856
-0.0010921
-0.0010986
-0.0011051
-0.0011116
-0.0011181
-0.0011246
-0.001131
-0.0011374
-0.0011439
-0.0011502
-0.0011566
-0.001163
-0.0011693
-0.0011756
-0.0011819
-0.0011882
-0.0011945
-0.0012007
-0.0012069
-0.0012131
-0.0012193
-0.0012255
-0.0012317
-0.0012378
-0.0012439
-0.00125
-0.0012561
-0.0012621
-0.0012682
-0.0012742
-0.0012802
-0.0012862
-0.0012922
-0.0012981
-0.0013041
-0.00131
-0.0013159
-0.0013217
-0.0013276
-0.0013334
-0.0013392
-0.001345
-0.0013508
-0.0013566
-0.0013623
-0.001368
-0.0013737
-0.0013794
-0.0013851
-0.0013907
-0.0013964
-0.001402
-0.0014076
-0.0014131
-0.0014187
-0.0014242
-0.0014297
-0.0014352
-0.0014407
-0.0014461
-0.0014516
-0.001457
-0.0014624
-0.0014677
-0.0014731
-0.0014784
-0.0014837
-0.001489
-0.0014943
-0.0014996
-0.0015048
-0.00151
-0.0015152
-0.0015204
-0.0015255
-0.0015307
-0.0015358
-0.0015409
-0.001546
-0.001551
-0.001556
-0.0015611
-0.0015661
-0.001571
-0.001576
-0.0015809
-0.0015858
-0.0015907
-0.0015956
-0.0016005
-0.0016053
-0.0016101
-0.0016149
-0.0016197
-0.0016244
-0.0016292
-0.0016339
-0.0016386
-0.0016433
-0.0016479
-0.0016525
-0.0016571
-0.0016617
-0.0016663
-0.0016709
-0.0016754
-0.0016799
-0.0016844
-0.0016889
-0.0016933
-0.0016977
-0.0017022
-0.0017065
-0.0017109
-0.0017153
-0.0017196
-0.0017239
-0.0017282
-0.0017324
-0.0017367
-0.0017409
-0.0017451
-0.0017493
-0.0017535
-0.0017576
-0.0017617
-0.0017658
-0.0017699
-0.001774
-0.001778
-0.001782
-0.001786
-0.00179
-0.001794
-0.0017979
-0.0018018
-0.0018057
-0.0018096
-0.0018135
-0.0018173
-0.0018211
-0.0018249
-0.0018287
-0.0018324
-0.0018362
-0.0018399
-0.0018436
-0.0018473
-0.0018509
-0.0018545
-0.0018581
-0.0018617
-0.0018653
-0.0018689
-0.0018724
-0.0018759
-0.0018794
-0.0018828
-0.0018863
-0.0018897
-0.0018931
-0.0018965
-0.0018999
-0.0019032
-0.0019066
-0.0019099
-0.0019131
-0.0019164
-0.0019196
-0.0019229
-0.0019261
-0.0019293
-0.0019324
-0.0019356
-0.0019387
-0.0019418
-0.0019449
-0.0019479
-0.001951
-0.001954
-0.001957
-0.00196
-0.0019629
-0.0019659
-0.0019688
-0.0019717
-0.0019746
-0.0019774
-0.0019803
-0.0019831
-0.0019859
-0.0019887
-0.0019914
-0.0019942
-0.0019969
-0.0019996
-0.0020023
-0.0020049
-0.0020076
-0.0020102
-0.0020128
-0.0020154
-0.0020179
-0.0020205
-0.002023
-0.0020255
-0.002028
-0.0020304
-0.0020329
-0.0020353
-0.0020377
-0.0020401
-0.0020424
-0.0020448
-0.0020471
-0.0020494
-0.0020517
-0.0020539
-0.0020562
-0.0020584
-0.0020606
-0.0020628
-0.002065
-0.0020671
-0.0020693
-0.0020714
-0.0020735
-0.0020755
-0.0020776
-0.0020796
-0.0020816
-0.0020836
-0.0020856
-0.0020875
-0.0020895
-0.0020914
-0.0020933
-0.0020952
-0.002097
-0.0020989
-0.0021007
-0.0021025
-0.0021043
-0.0021061
-0.0021078
-0.0021095
-0.0021112
-0.0021129
-0.0021146
-0.0021163
-0.0021179
-0.0021195
-0.0021211
-0.0021227
-0.0021242
-0.0021258
-0.0021273
-0.0021288
-0.0021303
-0.0021318
-0.0021332
-0.0021346
-0.0021361
-0.0021375
-0.0021388
-0.0021402
-0.0021415
-0.0021428
-0.0021442
-0.0021454
-0.0021467
-0.002148
-0.0021492
-0.0021504
-0.0021516
-0.0021528
-0.0021539
-0.0021551
-0.0021562
-0.0021573
-0.0021584
-0.0021595
-0.0021605
-0.0021616
-0.0021626
-0.0021636
-0.0021646
-0.0021655
-0.0021665
-0.0021674
-0.0021683
-0.0021692
-0.0021701
-0.002171
-0.0021718
-0.0021726
-0.0021735
-0.0021742
-0.002175
-0.0021758
-0.0021765
-0.0021773
-0.002178
-0.0021787
-0.0021793
-0.00218
-0.0021806
-0.0021813
-0.0021819
-0.0021825
-0.002183
-0.0021836
-0.0021841
-0.0021847
-0.0021852
-0.0021857
-0.0021862
-0.0021866
-0.0021871
-0.0021875
-0.0021879
-0.0021883
-0.0021887
-0.002189
-0.0021894
-0.0021897
-0.00219
-0.0021903
-0.0021906
-0.0021909
-0.0021911
-0.0021914
-0.0021916
-0.0021918
-0.002192
-0.0021922
-0.0021923
-0.0021925
-0.0021926
-0.0021927
-0.0021928
-0.0021929
-0.002193
-0.002193
-0.0021931
-0.0021931
-0.0021931
-0.0021931
-0.0021931
-0.002193
-0.002193
-0.0021929
-0.0021928
-0.0021927
-0.0021926
-0.0021925
-0.0021924
-0.0021922
-0.002192
-0.0021918
-0.0021917
-0.0021914
-0.0021912
-0.002191
-0.0021907
-0.0021904
-0.0021902
-0.0021899
-0.0021895
-0.0021892
-0.0021889
-0.0021885
-0.0021882
-0.0021878
-0.0021874
-0.002187
-0.0021866
-0.0021861
-0.0021857
-0.0021852
-0.0021847
-0.0021842
-0.0021837
-0.0021832
-0.0021827
-0.0021821
-0.0021816
-0.002181
-0.0021804
-0.0021798
-0.0021792
-0.0021786
-0.002178
-0.0021773
-0.0021766
-0.002176
-0.0021753
-0.0021746
-0.0021739
-0.0021731
-0.0021724
-0.0021717
-0.0021709
-0.0021701
-0.0021693
-0.0021685
-0.0021677
-0.0021669
-0.0021661
-0.0021652
-0.0021643
-0.0021635
-0.0021626
-0.0021617
-0.0021608
-0.0021599
-0.0021589
-0.002158
-0.002157
-0.002156
-0.0021551
-0.0021541
-0.0021531
-0.0021521
-0.002151
-0.00215
-0.0021489
-0.0021479
-0.0021468
-0.0021457
-0.0021446
-0.0021435
-0.0021424
-0.0021413
-0.0021401
-0.002139
-0.0021378
-0.0021367
-0.0021355
-0.0021343
-0.0021331
-0.0021319
-0.0021307
-0.0021294
-0.0021282
-0.0021269
-0.0021256
-0.0021244
-0.0021231
-0.0021218
-0.0021205
-0.0021192
-0.0021178
-0.0021165
-0.0021151
-0.0021138
-0.0021124
-0.002111
-0.0021097
-0.0021083
-0.0021068
-0.0021054
-0.002104
-0.0021026
-0.0021011
-0.0020997
-0.0020982
-0.0020967
-0.0020952
-0.0020937
-0.0020922
-0.0020907
-0.0020892
-0.0020877
-0.0020861
-0.0020846
-0.002083
-0.0020815
-0.0020799
-0.0020783
-0.0020767
-0.0020751
-0.0020735
-0.0020719
-0.0020702
-0.0020686
-0.002067
-0.0020653
-0.0020636
-0.002062
-0.0020603
-0.0020586
-0.0020569
-0.0020552
-0.0020535
-0.0020518
-0.00205
-0.0020483
-0.0020466
-0.0020448
-0.0020431
-0.0020413
-0.0020395
-0.0020377
-0.0020359
-0.0020341
-0.0020323
-0.0020305
-0.0020287
-0.0020269
-0.002025
-0.0020232
-0.0020213
-0.0020195
-0.0020176
-0.0020157
-0.0020138
-0.002012
-0.0020101
-0.0020082
-0.0020062
-0.0020043
-0.0020024
-0.0020005
-0.0019985
-0.0019966
-0.0019946
-0.0019927
-0.0019907
-0.0019887
-0.0019868
-0.0019848
-0.0019828
-0.0019808
-0.0019788
-0.0019768
-0.0019748
-0.0019727
-0.0019707
-0.0019687
-0.0019666
-0.0019646
-0.0019625
-0.0019605
-0.0019584
-0.0019563
-0.0019543
-0.0019522
-0.0019501
-0.001948
-0.0019459
-0.0019438
-0.0019417
-0.0019396
-0.0019374
-0.0019353
-0.0019332
-0.001931
-0.0019289
-0.0019267
-0.0019246
-0.0019224
-0.0019202
-0.0019181
-0.0019159
-0.0019137
-0.0019115
-0.0019093
-0.0019071
-0.0019049
-0.0019027
-0.0019005
-0.0018983
-0.0018961
-0.0018938
-0.0018916
-0.0018894
-0.0018871
-0.0018849
-0.0018826
-0.0018804
-0.0018781
-0.0018759
-0.0018736
-0.0018713
-0.001869
-0.0018668
-0.0018645
-0.0018622
-0.0018599
-0.0018576
-0.0018553
-0.001853
-0.0018507
-0.0018484
-0.001846
-0.0018437
-0.0018414
-0.0018391
-0.0018367
-0.0018344
-0.0018321
-0.0018297
-0.0018274
-0.001825
-0.0018227
-0.0018203
-0.0018179
-0.0018156
-0.0018132
-0.0018108
-0.0018084
-0.0018061
-0.0018037
-0.0018013
-0.0017989
-0.0017965
-0.0017941
-0.0017917
-0.0017893
-0.0017869
-0.0017845
-0.0017821
-0.0017797
-0.0017773
-0.0017748
-0.0017724
-0.00177
-0.0017676
-0.0017651
-0.0017627
-0.0017603
-0.0017578
-0.0017554
-0.0017529
-0.0017505
-0.001748
-0.0017456
-0.0017431
-0.0017407
-0.0017382
-0.0017357
-0.0017333
-0.0017308
-0.0017283
-0.0017259
-0.0017234
-0.0017209
-0.0017185
-0.001716
-0.0017135
-0.001711
-0.0017085
-0.001706
-0.0017035
-0.0017011
-0.0016986
-0.0016961
-0.0016936
-0.0016911
-0.0016886
-0.0016861
-0.0016836
-0.0016811
-0.0016786
-0.001676
-0.0016735
-0.001671
-0.0016685
-0.001666
-0.0016635
-0.001661
-0.0016584
-0.0016559
-0.0016534
-0.0016509
-0.0016484
-0.0016458
-0.0016433
-0.0016408
-0.0016382
-0.0016357
-0.0016332
-0.0016306
-0.0016281
-0.0016256
-0.001623
-0.0016205
-0.001618
-0.0016154
-0.0016129
-0.0016104
-0.0016078
-0.0016053
-0.0016027
-0.0016002
-0.0015976
-0.0015951
-0.0015926
-0.00159
-0.0015875
-0.0015849
-0.0015824
-0.0015798
-0.0015773
-0.0015747
-0.0015722
-0.0015696
-0.0015671
-0.0015645
-0.001562
-0.0015594
-0.0015569
-0.0015543
-0.0015518
-0.0015492
-0.0015467
-0.0015441
-0.0015416
-0.001539
-0.0015365
-0.0015339
-0.0015314
-0.0015288
-0.0015263
-0.0015237
-0.0015211
-0.0015186
-0.001516
-0.0015135
-0.0015109
-0.0015084
-0.0015058
-0.0015033
-0.0015007
-0.0014982
-0.0014956
-0.0014931
-0.0014905
-0.001488
-0.0014854
-0.0014829
-0.0014803
-0.0014778
-0.0014752
-0.0014727
-0.0014701
-0.0014676
-0.0014651
-0.0014625
-0.00146
-0.0014574
-0.0014549
-0.0014523
-0.0014498
-0.0014473
-0.0014447
-0.0014422
-0.0014396
-0.0014371
-0.0014346
-0.001432
-0.0014295
-0.0014269
-0.0014244
-0.0014219
-0.0014194
-0.0014168
-0.0014143
-0.0014118
-0.0014092
-0.0014067
-0.0014042
-0.0014017
-0.0013991
-0.0013966
-0.0013941
-0.0013916
-0.001389
-0.0013865
-0.001384
-0.0013815
-0.001379
-0.0013765
-0.001374
-0.0013714
-0.0013689
-0.0013664
-0.0013639
-0.0013614
-0.0013589
-0.0013564
-0.0013539
-0.0013514
-0.0013489
-0.0013464
-0.0013439
-0.0013414
-0.0013389
-0.0013364
-0.0013339
-0.0013315
-0.001329
-0.0013265
-0.001324
-0.0013215
-0.001319
-0.0013166
-0.0013141
-0.0013116
-0.0013091
-0.0013067
-0.0013042
-0.0013017
-0.0012992
-0.0012968
-0.0012943
-0.0012919
-0.0012894
-0.0012869
-0.0012845
-0.001282
-0.0012796
-0.0012771
-0.0012747
-0.0012722
-0.0012698
-0.0012673
-0.0012649
-0.0012625
-0.00126
-0.0012576
-0.0012552
-0.0012527
-0.0012503
-0.0012479
-0.0012454
-0.001243
-0.0012406
-0.0012382
-0.0012358
-0.0012334
-0.0012309
-0.0012285
-0.0012261
-0.0012237
-0.0012213
-0.0012189
-0.0012165
-0.0012141
-0.0012117
-0.0012093
-0.0012069
-0.0012045
-0.0012022
-0.0011998
-0.0011974
-0.001195
-0.0011926
-0.0011903
-0.0011879
-0.0011855
-0.0011832
-0.0011808
-0.0011784
-0.0011761
-0.0011737
-0.0011714
-0.001169
-0.0011667
-0.0011643
-0.001162
-0.0011596
-0.0011573
-0.0011549
-0.0011526
-0.0011503
-0.0011479
-0.0011456
-0.0011433
-0.001141
-0.0011386
-0.0011363
-0.001134
-0.0011317
-0.0011294
-0.0011271
-0.0011248
-0.0011225
-0.0011202
-0.0011179
-0.0011156
-0.0011133
-0.001111
-0.0011087
-0.0011064
-0.0011041
-0.0011019
-0.0010996
-0.0010973
-0.001095
-0.0010928
-0.0010905
-0.0010883
-0.001086
-0.0010837
-0.0010815
-0.0010792
-0.001077
-0.0010747
-0.0010725
-0.0010703
-0.001068
-0.0010658
-0.0010636
-0.0010613
-0.0010591
-0.0010569
-0.0010547
-0.0010524
-0.0010502
-0.001048
-0.0010458
-0.0010436
-0.0010414
-0.0010392
-0.001037
-0.0010348
-0.0010326
-0.0010304
-0.0010282
-0.0010261
-0.0010239
-0.0010217
-0.0010195
-0.0010174
-0.0010152
-0.001013
-0.0010109
-0.0010087
-0.0010066
-0.0010044
-0.0010023
-0.0010001
-0.00099796
-0.00099582
-0.00099369
-0.00099155
-0.00098942
-0.00098729
-0.00098517
-0.00098305
-0.00098093
-0.00097881
-0.0009767
-0.00097459
-0.00097248
-0.00097038
-0.00096828
-0.00096618
-0.00096409
-0.00096199
-0.00095991
-0.00095782
-0.00095574
-0.00095366
-0.00095159
-0.00094951
-0.00094744
-0.00094538
-0.00094331
-0.00094125
-0.0009392
-0.00093714
-0.00093509
-0.00093305
-0.000931
-0.00092896
-0.00092692
-0.00092489
-0.00092286
-0.00092083
-0.0009188
-0.00091678
-0.00091476
-0.00091275
-0.00091074
-0.00090873
-0.00090672
-0.00090472
-0.00090272
-0.00090072
-0.00089873
-0.00089674
-0.00089475
-0.00089277
-0.00089079
-0.00088882
-0.00088684
-0.00088487
-0.0008829
-0.00088094
-0.00087898
-0.00087702
-0.00087507
-0.00087312
-0.00087117
-0.00086923
-0.00086729
-0.00086535
-0.00086341
-0.00086148
-0.00085956
-0.00085763
-0.00085571
-0.00085379
-0.00085188
-0.00084997
-0.00084806
-0.00084615
-0.00084425
-0.00084235
-0.00084046
-0.00083857
-0.00083668
-0.0008348
-0.00083291
-0.00083104
-0.00082916
-0.00082729
-0.00082542
-0.00082356
-0.00082169
-0.00081984
-0.00081798
-0.00081613
-0.00081428
-0.00081244
-0.0008106
-0.00080876
-0.00080692
-0.00080509
-0.00080326
-0.00080144
-0.00079962
-0.0007978
-0.00079598
-0.00079417
-0.00079236
-0.00079056
-0.00078876
-0.00078696
-0.00078516
-0.00078337
-0.00078158
-0.0007798
-0.00077802
-0.00077624
-0.00077447
-0.0007727
-0.00077093
-0.00076916
-0.0007674
-0.00076564
-0.00076389
-0.00076214
-0.00076039
-0.00075865
-0.00075691
-0.00075517
-0.00075343
-0.0007517
-0.00074998
-0.00074825
-0.00074653
-0.00074481
-0.0007431
-0.00074139
-0.00073968
-0.00073798
-0.00073628
-0.00073458
-0.00073289
-0.0007312
-0.00072951
-0.00072783
-0.00072615
-0.00072447
-0.0007228
-0.00072113
-0.00071946
-0.0007178
-0.00071614
-0.00071448
-0.00071283
-0.00071118
-0.00070953
-0.00070789
-0.00070625
-0.00070461
-0.00070298
-0.00070135
-0.00069973
-0.0006981
-0.00069648
-0.00069487
-0.00069326
-0.00069165
-0.00069004
-0.00068844
-0.00068684
-0.00068524
-0.00068365
-0.00068206
-0.00068048
-0.0006789
-0.00067732
-0.00067574
-0.00067417
-0.0006726
-0.00067104
-0.00066948
-0.00066792
-0.00066636
-0.00066481
-0.00066326
-0.00066172
-0.00066018
-0.00065864
-0.0006571
-0.00065557
-0.00065404
-0.00065252
-0.000651
-0.00064948
-0.00064797
-0.00064646
-0.00064495
-0.00064344
-0.00064194
-0.00064045
-0.00063895
-0.00063746
-0.00063597
-0.00063449
-0.00063301
-0.00063153
-0.00063006
-0.00062859
-0.00062712
-0.00062566
-0.0006242
-0.00062274
-0.00062129
-0.00061984
-0.00061839
-0.00061694
-0.0006155
-0.00061407
-0.00061263
-0.0006112
-0.00060978
-0.00060835
-0.00060693
-0.00060552
-0.0006041
-0.00060269
-0.00060129
-0.00059988
-0.00059848
-0.00059709
-0.00059569
-0.0005943
-0.00059292
-0.00059153
-0.00059015
-0.00058878
-0.0005874
-0.00058603
-0.00058467
-0.0005833
-0.00058195
-0.00058059
-0.00057924
-0.00057789
-0.00057654
-0.0005752
-0.00057386
-0.00057252
-0.00057119
-0.00056986
-0.00056853
-0.00056721
-0.00056589
-0.00056457
-0.00056326
-0.00056195
-0.00056064
-0.00055934
-0.00055804
-0.00055674
-0.00055545
-0.00055416
-0.00055287
-0.00055159
-0.00055031
-0.00054903
-0.00054776
-0.00054649
-0.00054522
-0.00054396
-0.0005427
-0.00054144
-0.00054019
-0.00053894
-0.00053769
-0.00053645
-0.0005352
-0.00053397
-0.00053273
-0.0005315
-0.00053028
-0.00052905
-0.00052783
-0.00052661
-0.0005254
-0.00052419
-0.00052298
-0.00052178
-0.00052058
-0.00051938
-0.00051818
-0.00051699
-0.0005158
-0.00051462
-0.00051344
-0.00051226
-0.00051108
-0.00050991
-0.00050874
-0.00050758
-0.00050642
-0.00050526
-0.0005041
-0.00050295
-0.0005018
-0.00050065
-0.00049951
-0.00049837
-0.00049724
-0.0004961
-0.00049497
-0.00049385
-0.00049273
-0.00049161
-0.00049049
-0.00048937
-0.00048826
-0.00048716
-0.00048605
-0.00048495
-0.00048386
-0.00048276
-0.00048167
-0.00048058
-0.0004795
-0.00047842
-0.00047734
-0.00047626
-0.00047519
-0.00047412
-0.00047306
-0.000472
-0.00047094
-0.00046988
-0.00046883
-0.00046778
-0.00046673
-0.00046569
-0.00046465
-0.00046361
-0.00046258
-0.00046155
-0.00046052
-0.0004595
-0.00045847
-0.00045746
-0.00045644
-0.00045543
-0.00045442
-0.00045342
-0.00045241
-0.00045142
-0.00045042
-0.00044943
-0.00044844
-0.00044745
-0.00044647
-0.00044549
-0.00044451
-0.00044354
-0.00044256
-0.0004416
-0.00044063
-0.00043967
-0.00043871
-0.00043776
-0.0004368
-0.00043585
-0.00043491
-0.00043397
-0.00043303
-0.00043209
-0.00043116
-0.00043022
-0.0004293
-0.00042837
-0.00042745
-0.00042653
-0.00042562
-0.0004247
-0.00042379
-0.00042289
-0.00042199
-0.00042109
-0.00042019
-0.00041929
-0.0004184
-0.00041751
-0.00041663
-0.00041575
-0.00041487
-0.00041399
-0.00041312
-0.00041225
-0.00041138
-0.00041052
-0.00040966
-0.0004088
-0.00040795
-0.00040709
-0.00040624
-0.0004054
-0.00040456
-0.00040372
-0.00040288
-0.00040204
-0.00040121
-0.00040039
-0.00039956
-0.00039874
-0.00039792
-0.0003971
-0.00039629
-0.00039548
-0.00039467
-0.00039387
-0.00039306
-0.00039227
-0.00039147
-0.00039068
-0.00038989
-0.0003891
-0.00038832
-0.00038753
-0.00038676
-0.00038598
-0.00038521
-0.00038444
-0.00038367
-0.00038291
-0.00038215
-0.00038139
-0.00038063
-0.00037988
-0.00037913
-0.00037838
-0.00037764
-0.0003769
-0.00037616
-0.00037542
-0.00037469
-0.00037396
-0.00037323
-0.00037251
-0.00037179
-0.00037107
-0.00037035
-0.00036964
-0.00036893
-0.00036822
-0.00036752
-0.00036681
-0.00036611
-0.00036542
-0.00036472
-0.00036403
-0.00036335
-0.00036266
-0.00036198
-0.0003613
-0.00036062
-0.00035994
-0.00035927
-0.0003586
-0.00035794
-0.00035727
-0.00035661
-0.00035595
-0.0003553
-0.00035464
-0.00035399
-0.00035335
-0.0003527
-0.00035206
-0.00035142
-0.00035078
-0.00035015
-0.00034951
-0.00034889
-0.00034826
-0.00034763
-0.00034701
-0.00034639
-0.00034578
-0.00034516
-0.00034455
-0.00034394
-0.00034334
-0.00034273
-0.00034213
-0.00034154
-0.00034094
-0.00034035
-0.00033976
-0.00033917
-0.00033858
-0.000338
-0.00033742
-0.00033684
-0.00033626
-0.00033569
-0.00033512
-0.00033455
-0.00033399
-0.00033342
-0.00033286
-0.0003323
-0.00033175
-0.00033119
-0.00033064
-0.00033009
-0.00032955
-0.000329
-0.00032846
-0.00032792
-0.00032739
-0.00032685
-0.00032632
-0.00032579
-0.00032526
-0.00032474
-0.00032422
-0.0003237
-0.00032318
-0.00032266
-0.00032215
-0.00032164
-0.00032113
-0.00032062
-0.00032012
-0.00031962
-0.00031912
-0.00031862
-0.00031813
-0.00031763
-0.00031714
-0.00031665
-0.00031617
-0.00031568
-0.0003152
-0.00031472
-0.00031425
-0.00031377
-0.0003133
-0.00031283
-0.00031236
-0.00031189
-0.00031143
-0.00031096
-0.0003105
-0.00031005
-0.00030959
-0.00030914
-0.00030869
-0.00030824
-0.00030779
-0.00030734
-0.0003069
-0.00030646
-0.00030602
-0.00030558
-0.00030515
-0.00030471
-0.00030428
-0.00030385
-0.00030342
-0.000303
-0.00030258
-0.00030215
-0.00030173
-0.00030132
-0.0003009
-0.00030049
-0.00030008
-0.00029967
-0.00029926
-0.00029885
-0.00029845
-0.00029805
-0.00029765
-0.00029725
-0.00029685
-0.00029645
-0.00029606
-0.00029567
-0.00029528
-0.00029489
-0.00029451
-0.00029412
-0.00029374
-0.00029336
-0.00029298
-0.0002926
-0.00029223
-0.00029185
-0.00029148
-0.00029111
-0.00029074
-0.00029038
-0.00029001
-0.00028965
-0.00028929
-0.00028893
-0.00028857
-0.00028821
-0.00028785
-0.0002875
-0.00028715
-0.0002868
-0.00028645
-0.0002861
-0.00028575
-0.00028541
-0.00028507
-0.00028473
-0.00028439
-0.00028405
-0.00028371
-0.00028337
-0.00028304
-0.00028271
-0.00028238
-0.00028205
-0.00028172
-0.00028139
-0.00028107
-0.00028074
-0.00028042
-0.0002801
-0.00027978
-0.00027946
-0.00027914
-0.00027883
-0.00027851
-0.0002782
-0.00027789
-0.00027758
-0.00027727
-0.00027696
-0.00027665
-0.00027635
-0.00027604
-0.00027574
-0.00027544
-0.00027513
-0.00027483
-0.00027454
-0.00027424
-0.00027394
-0.00027365
-0.00027335
-0.00027306
-0.00027277
-0.00027248
-0.00027219
-0.0002719
-0.00027161
-0.00027133
-0.00027104
-0.00027076
-0.00027048
-0.00027019
-0.00026991
-0.00026963
-0.00026935
-0.00026908
-0.0002688
-0.00026852
-0.00026825
-0.00026797
-0.0002677
-0.00026743
-0.00026715
-0.00026688
-0.00026661
-0.00026635
-0.00026608
-0.00026581
-0.00026554
-0.00026528
-0.00026501
-0.00026475
-0.00026449
-0.00026422
-0.00026396
-0.0002637
-0.00026344
-0.00026318
-0.00026292
-0.00026266
-0.00026241
-0.00026215
-0.00026189
-0.00026164
-0.00026138
-0.00026113
-0.00026088
-0.00026062
-0.00026037
-0.00026012
-0.00025987
-0.00025962
-0.00025937
-0.00025912
-0.00025887
-0.00025862
-0.00025838
-0.00025813
-0.00025788
-0.00025764
-0.00025739
-0.00025715
-0.0002569
-0.00025666
-0.00025641
-0.00025617
-0.00025593
-0.00025569
-0.00025544
-0.0002552
-0.00025496
-0.00025472
-0.00025448
-0.00025424
-0.000254
-0.00025376
-0.00025352
-0.00025328
-0.00025304
-0.00025281
-0.00025257
-0.00025233
-0.00025209
-0.00025186
-0.00025162
-0.00025138
-0.00025115
-0.00025091
-0.00025067
-0.00025044
-0.0002502
-0.00024997
-0.00024973
-0.0002495
-0.00024926
-0.00024903
-0.00024879
-0.00024856
-0.00024832
-0.00024809
-0.00024786
-0.00024762
-0.00024739
-0.00024715
-0.00024692
-0.00024669
-0.00024645
-0.00024622
-0.00024598
-0.00024575
-0.00024552
-0.00024528
-0.00024505
-0.00024482
-0.00024458
-0.00024435
-0.00024411
-0.00024388
-0.00024365
-0.00024341
-0.00024318
-0.00024294
-0.00024271
-0.00024248
-0.00024224
-0.00024201
-0.00024177
-0.00024154
-0.0002413
-0.00024107
-0.00024083
-0.0002406
-0.00024036
-0.00024013
-0.00023989
-0.00023965
-0.00023942
-0.00023918
-0.00023895
-0.00023871
-0.00023847
-0.00023823
-0.000238
-0.00023776
-0.00023752
-0.00023728
-0.00023705
-0.00023681
-0.00023657
-0.00023633
-0.00023609
-0.00023585
-0.00023561
-0.00023537
-0.00023513
-0.00023489
-0.00023465
-0.00023441
-0.00023416
-0.00023392
-0.00023368
-0.00023344
-0.00023319
-0.00023295
-0.00023271
-0.00023246
-0.00023222
-0.00023197
-0.00023173
-0.00023148
-0.00023124
-0.00023099
-0.00023074
-0.0002305
-0.00023025
-0.00023
-0.00022975
-0.0002295
-0.00022926
-0.00022901
-0.00022876
-0.00022851
-0.00022826
-0.00022801
-0.00022775
-0.0002275
-0.00022725
-0.000227
-0.00022674
-0.00022649
-0.00022624
-0.00022598
-0.00022573
-0.00022547
-0.00022522
-0.00022496
-0.0002247
-0.00022445
-0.00022419
-0.00022393
-0.00022367
-0.00022342
-0.00022316
-0.0002229
-0.00022264
-0.00022238
-0.00022212
-0.00022185
-0.00022159
-0.00022133
-0.00022107
-0.0002208
-0.00022054
-0.00022028
-0.00022001
-0.00021975
-0.00021948
-0.00021922
-0.00021895
-0.00021868
-0.00021842
-0.00021815
-0.00021788
-0.00021761
-0.00021734
-0.00021707
-0.0002168
-0.00021653
-0.00021626
-0.00021599
-0.00021572
-0.00021545
-0.00021518
-0.0002149
-0.00021463
-0.00021436
-0.00021408
-0.00021381
-0.00021353
-0.00021326
-0.00021298
-0.00021271
-0.00021243
-0.00021215
-0.00021188
-0.0002116
-0.00021132
-0.00021104
-0.00021076
-0.00021048
-0.0002102
-0.00020992
-0.00020964
-0.00020936
-0.00020908
-0.0002088
-0.00020852
-0.00020823
-0.00020795
-0.00020767
-0.00020738
-0.0002071
-0.00020682
-0.00020653
-0.00020625
-0.00020596
-0.00020568
-0.00020539
-0.0002051
-0.00020482
-0.00020453
-0.00020424
-0.00020396
-0.00020367
-0.00020338
-0.00020309
-0.0002028
-0.00020251
-0.00020222
-0.00020194
-0.00020165
-0.00020136
-0.00020106
-0.00020077
-0.00020048
-0.00020019
-0.0001999
-0.00019961
-0.00019932
-0.00019903
-0.00019873
-0.00019844
-0.00019815
-0.00019785
-0.00019756
-0.00019727
-0.00019697
-0.00019668
-0.00019639
-0.00019609
-0.0001958
-0.0001955
-0.00019521
-0.00019491
-0.00019462
-0.00019432
-0.00019403
-0.00019373
-0.00019343
-0.00019314
-0.00019284
-0.00019255
-0.00019225
-0.00019195
-0.00019166
-0.00019136
-0.00019106
-0.00019076
-0.00019047
-0.00019017
-0.00018987
-0.00018957
-0.00018928
-0.00018898
-0.00018868
-0.00018838
-0.00018808
-0.00018779
-0.00018749
-0.00018719
-0.00018689
-0.00018659
-0.00018629
-0.000186
-0.0001857
-0.0001854
-0.0001851
-0.0001848
-0.0001845
-0.0001842
-0.0001839
-0.0001836
-0.00018331
-0.00018301
-0.00018271
-0.00018241
-0.00018211
-0.00018181
-0.00018151
-0.00018121
-0.00018091
-0.00018061
-0.00018031
-0.00018001
-0.00017971
-0.00017941
-0.00017912
-0.00017882
-0.00017852
-0.00017822
-0.00017792
-0.00017762
-0.00017732
-0.00017702
-0.00017672
-0.00017642
-0.00017612
-0.00017582
-0.00017552
