0.00084438
0.00084582
0.00084725
0.00084868
0.00085012
0.00085155
0.00085298
0.00085442
0.00085585
0.00085728
0.00085872
0.00086015
0.00086158
0.00086302
0.00086445
0.00086588
0.00086731
0.00086875
0.00087018
0.00087161
0.00087305
0.00087448
0.00087591
0.00087734
0.00087878
0.00088021
0.00088164
0.00088307
0.0008845
0.00088593
0.00088736
0.0008888
0.00089023
0.00089166
0.00089309
0.00089452
0.00089595
0.00089737
0.0008988
0.00090023
0.00090166
0.00090309
0.00090452
0.00090594
0.00090737
0.0009088
0.00091022
0.00091165
0.00091307
0.00091449
0.00091592
0.00091734
0.00091876
0.00092019
0.00092161
0.00092303
0.00092445
0.00092587
0.00092728
0.0009287
0.00093012
0.00093154
0.00093295
0.00093437
0.00093578
0.00093719
0.00093861
0.00094002
0.00094143
0.00094284
0.00094425
0.00094565
0.00094706
0.00094847
0.00094987
0.00095127
0.00095268
0.00095408
0.00095548
0.00095688
0.00095828
0.00095967
0.00096107
0.00096246
0.00096386
0.00096525
0.00096664
0.00096803
0.00096942
0.0009708
0.00097219
0.00097357
0.00097496
0.00097634
0.00097772
0.00097909
0.00098047
0.00098185
0.00098322
0.00098459
0.00098596
0.00098733
0.0009887
0.00099007
0.00099143
0.00099279
0.00099415
0.00099551
0.00099687
0.00099823
0.00099958
0.0010009
0.0010023
0.0010036
0.001005
0.0010063
0.0010077
0.001009
0.0010104
0.0010117
0.001013
0.0010144
0.0010157
0.001017
0.0010184
0.0010197
0.001021
0.0010223
0.0010236
0.001025
0.0010263
0.0010276
0.0010289
0.0010302
0.0010315
0.0010328
0.0010341
0.0010354
0.0010367
0.001038
0.0010393
0.0010406
0.0010419
0.0010432
0.0010445
0.0010458
0.0010471
0.0010483
0.0010496
0.0010509
0.0010522
0.0010534
0.0010547
0.001056
0.0010572
0.0010585
0.0010598
0.001061
0.0010623
0.0010635
0.0010648
0.001066
0.0010673
0.0010685
0.0010698
0.001071
0.0010723
0.0010735
0.0010747
0.001076
0.0010772
0.0010784
0.0010797
0.0010809
0.0010821
0.0010833
0.0010845
0.0010858
0.001087
0.0010882
0.0010894
0.0010906
0.0010918
0.001093
0.0010942
0.0010954
0.0010966
0.0010978
0.001099
0.0011002
0.0011014
0.0011026
0.0011037
0.0011049
0.0011061
0.0011073
0.0011085
0.0011096
0.0011108
0.001112
0.0011132
0.0011143
0.0011155
0.0011167
0.0011178
0.001119
0.0011201
0.0011213
0.0011225
0.0011236
0.0011248
0.0011259
0.0011271
0.0011282
0.0011294
0.0011305
0.0011317
0.0011328
0.0011339
0.0011351
0.0011362
0.0011374
0.0011385
0.0011396
0.0011408
0.0011419
0.001143
0.0011442
0.0011453
0.0011464
0.0011475
0.0011487
0.0011498
0.0011509
0.001152
0.0011532
0.0011543
0.0011554
0.0011565
0.0011576
0.0011588
0.0011599
0.001161
0.0011621
0.0011632
0.0011643
0.0011655
0.0011666
0.0011677
0.0011688
0.0011699
0.001171
0.0011721
0.0011732
0.0011744
0.0011755
0.0011766
0.0011777
0.0011788
0.0011799
0.001181
0.0011821
0.0011832
0.0011843
0.0011855
0.0011866
0.0011877
0.0011888
0.0011899
0.001191
0.0011921
0.0011932
0.0011943
0.0011955
0.0011966
0.0011977
0.0011988
0.0011999
0.001201
0.0012022
0.0012033
0.0012044
0.0012055
0.0012066
0.0012078
0.0012089
0.00121
0.0012111
0.0012123
0.0012134
0.0012145
0.0012156
0.0012168
0.0012179
0.001219
0.0012202
0.0012213
0.0012225
0.0012236
0.0012247
0.0012259
0.001227
0.0012282
0.0012293
0.0012305
0.0012316
0.0012328
0.001234
0.0012351
0.0012363
0.0012374
0.0012386
0.0012398
0.001241
0.0012421
0.0012433
0.0012445
0.0012457
0.0012468
0.001248
0.0012492
0.0012504
0.0012516
0.0012528
0.001254
0.0012552
0.0012564
0.0012576
0.0012588
0.0012601
0.0012613
0.0012625
0.0012637
0.001265
0.0012662
0.0012674
0.0012687
0.0012699
0.0012712
0.0012724
0.0012737
0.0012749
0.0012762
0.0012775
0.0012787
0.00128
0.0012813
0.0012826
0.0012839
0.0012851
0.0012864
0.0012877
0.001289
0.0012904
0.0012917
0.001293
0.0012943
0.0012956
0.001297
0.0012983
0.0012996
0.001301
0.0013023
0.0013037
0.0013051
0.0013064
0.0013078
0.0013092
0.0013106
0.0013119
0.0013133
0.0013147
0.0013161
0.0013175
0.0013189
0.0013204
0.0013218
0.0013232
0.0013247
0.0013261
0.0013275
0.001329
0.0013305
0.0013319
0.0013334
0.0013349
0.0013364
0.0013378
0.0013393
0.0013408
0.0013423
0.0013439
0.0013454
0.0013469
0.0013484
0.00135
0.0013515
0.0013531
0.0013546
0.0013562
0.0013578
0.0013594
0.001361
0.0013625
0.0013641
0.0013658
0.0013674
0.001369
0.0013706
0.0013723
0.0013739
0.0013756
0.0013772
0.0013789
0.0013805
0.0013822
0.0013839
0.0013856
0.0013873
0.001389
0.0013907
0.0013925
0.0013942
0.0013959
0.0013977
0.0013995
0.0014012
0.001403
0.0014048
0.0014066
0.0014084
0.0014102
0.001412
0.0014138
0.0014156
0.0014175
0.0014193
0.0014212
0.0014231
0.0014249
0.0014268
0.0014287
0.0014306
0.0014325
0.0014344
0.0014364
0.0014383
0.0014402
0.0014422
0.0014441
0.0014461
0.0014481
0.0014501
0.0014521
0.0014541
0.0014561
0.0014581
0.0014602
0.0014622
0.0014643
0.0014663
0.0014684
0.0014705
0.0014726
0.0014747
0.0014768
0.0014789
0.001481
0.0014832
0.0014853
0.0014875
0.0014897
0.0014918
0.001494
0.0014962
0.0014984
0.0015006
0.0015029
0.0015051
0.0015074
0.0015096
0.0015119
0.0015142
0.0015165
0.0015188
0.0015211
0.0015234
0.0015257
0.0015281
0.0015304
0.0015328
0.0015352
0.0015375
0.0015399
0.0015423
0.0015448
0.0015472
0.0015496
0.0015521
0.0015545
0.001557
0.0015595
0.001562
0.0015645
0.001567
0.0015695
0.001572
0.0015746
0.0015771
0.0015797
0.0015823
0.0015849
0.0015875
0.0015901
0.0015927
0.0015954
0.001598
0.0016007
0.0016033
0.001606
0.0016087
0.0016114
0.0016141
0.0016169
0.0016196
0.0016223
0.0016251
0.0016279
0.0016307
0.0016335
0.0016363
0.0016391
0.0016419
0.0016448
0.0016476
0.0016505
0.0016534
0.0016563
0.0016592
0.0016621
0.001665
0.0016679
0.0016709
0.0016739
0.0016768
0.0016798
0.0016828
0.0016858
0.0016889
0.0016919
0.0016949
0.001698
0.0017011
0.0017042
0.0017073
0.0017104
0.0017135
0.0017166
0.0017198
0.0017229
0.0017261
0.0017293
0.0017325
0.0017357
0.0017389
0.0017422
0.0017454
0.0017487
0.0017519
0.0017552
0.0017585
0.0017618
0.0017651
0.0017685
0.0017718
0.0017752
0.0017786
0.001782
0.0017854
0.0017888
0.0017922
0.0017956
0.0017991
0.0018025
0.001806
0.0018095
0.001813
0.0018165
0.00182
0.0018236
0.0018271
0.0018307
0.0018343
0.0018379
0.0018415
0.0018451
0.0018487
0.0018524
0.001856
0.0018597
0.0018634
0.0018671
0.0018708
0.0018745
0.0018783
0.001882
0.0018858
0.0018896
0.0018934
0.0018972
0.001901
0.0019048
0.0019086
0.0019125
0.0019164
0.0019203
0.0019242
0.0019281
0.001932
0.0019359
0.0019399
0.0019438
0.0019478
0.0019518
0.0019558
0.0019598
0.0019639
0.0019679
0.001972
0.001976
0.0019801
0.0019842
0.0019883
0.0019925
0.0019966
0.0020008
0.0020049
0.0020091
0.0020133
0.0020175
0.0020217
0.002026
0.0020302
0.0020345
0.0020388
0.002043
0.0020473
0.0020517
0.002056
0.0020603
0.0020647
0.0020691
0.0020735
0.0020779
0.0020823
0.0020867
0.0020911
0.0020956
0.0021001
0.0021045
0.002109
0.0021135
0.0021181
0.0021226
0.0021272
0.0021317
0.0021363
0.0021409
0.0021455
0.0021501
0.0021548
0.0021594
0.0021641
0.0021687
0.0021734
0.0021781
0.0021829
0.0021876
0.0021923
0.0021971
0.0022019
0.0022067
0.0022115
0.0022163
0.0022211
0.0022259
0.0022308
0.0022357
0.0022406
0.0022455
0.0022504
0.0022553
0.0022602
0.0022652
0.0022702
0.0022751
0.0022801
0.0022851
0.0022902
0.0022952
0.0023003
0.0023053
0.0023104
0.0023155
0.0023206
0.0023257
0.0023309
0.002336
0.0023412
0.0023464
0.0023516
0.0023568
0.002362
0.0023672
0.0023725
0.0023777
0.002383
0.0023883
0.0023936
0.0023989
0.0024042
0.0024096
0.002415
0.0024203
0.0024257
0.0024311
0.0024365
0.002442
0.0024474
0.0024529
0.0024583
0.0024638
0.0024693
0.0024748
0.0024804
0.0024859
0.0024915
0.002497
0.0025026
0.0025082
0.0025138
0.0025195
0.0025251
0.0025308
0.0025364
0.0025421
0.0025478
0.0025535
0.0025592
0.002565
0.0025707
0.0025765
0.0025823
0.0025881
0.0025939
0.0025997
0.0026056
0.0026114
0.0026173
0.0026231
0.002629
0.0026349
0.0026409
0.0026468
0.0026528
0.0026587
0.0026647
0.0026707
0.0026767
0.0026827
0.0026887
0.0026948
0.0027008
0.0027069
0.002713
0.0027191
0.0027252
0.0027313
0.0027375
0.0027437
0.0027498
0.002756
0.0027622
0.0027684
0.0027746
0.0027809
0.0027871
0.0027934
0.0027997
0.002806
0.0028123
0.0028186
0.002825
0.0028313
0.0028377
0.0028441
0.0028504
0.0028569
0.0028633
0.0028697
0.0028762
0.0028826
0.0028891
0.0028956
0.0029021
0.0029086
0.0029151
0.0029217
0.0029282
0.0029348
0.0029414
0.002948
0.0029546
0.0029612
0.0029679
0.0029745
0.0029812
0.0029879
0.0029946
0.0030013
0.003008
0.0030147
0.0030215
0.0030282
0.003035
0.0030418
0.0030486
0.0030554
0.0030622
0.0030691
0.0030759
0.0030828
0.0030897
0.0030966
0.0031035
0.0031104
0.0031174
0.0031243
0.0031313
0.0031383
0.0031452
0.0031522
0.0031593
0.0031663
0.0031733
0.0031804
0.0031875
0.0031946
0.0032016
0.0032088
0.0032159
0.003223
0.0032302
0.0032373
0.0032445
0.0032517
0.0032589
0.0032661
0.0032734
0.0032806
0.0032879
0.0032951
0.0033024
0.0033097
0.003317
0.0033243
0.0033317
0.003339
0.0033464
0.0033537
0.0033611
0.0033685
0.0033759
0.0033834
0.0033908
0.0033983
0.0034057
0.0034132
0.0034207
0.0034282
0.0034357
0.0034432
0.0034508
0.0034583
0.0034659
0.0034735
0.0034811
0.0034887
0.0034963
0.0035039
0.0035116
0.0035192
0.0035269
0.0035346
0.0035422
0.00355
0.0035577
0.0035654
0.0035731
0.0035809
0.0035887
0.0035964
0.0036042
0.003612
0.0036199
0.0036277
0.0036355
0.0036434
0.0036513
0.0036591
0.003667
0.0036749
0.0036828
0.0036908
0.0036987
0.0037067
0.0037146
0.0037226
0.0037306
0.0037386
0.0037466
0.0037546
0.0037627
0.0037707
0.0037788
0.0037868
0.0037949
0.003803
0.0038111
0.0038192
0.0038274
0.0038355
0.0038437
0.0038518
0.00386
0.0038682
0.0038764
0.0038846
0.0038928
0.0039011
0.0039093
0.0039176
0.0039258
0.0039341
0.0039424
0.0039507
0.003959
0.0039674
0.0039757
0.0039841
0.0039924
0.0040008
0.0040092
0.0040176
0.004026
0.0040344
0.0040428
0.0040513
0.0040597
0.0040682
0.0040766
0.0040851
0.0040936
0.0041021
0.0041106
0.0041191
0.0041277
0.0041362
0.0041448
0.0041534
0.0041619
0.0041705
0.0041791
0.0041877
0.0041964
0.004205
0.0042136
0.0042223
0.0042309
0.0042396
0.0042483
0.004257
0.0042657
0.0042744
0.0042831
0.0042919
0.0043006
0.0043093
0.0043181
0.0043269
0.0043357
0.0043445
0.0043533
0.0043621
0.0043709
0.0043797
0.0043886
0.0043974
0.0044063
0.0044151
0.004424
0.0044329
0.0044418
0.0044507
0.0044596
0.0044686
0.0044775
0.0044864
0.0044954
0.0045044
0.0045133
0.0045223
0.0045313
0.0045403
0.0045493
0.0045583
0.0045673
0.0045764
0.0045854
0.0045945
0.0046035
0.0046126
0.0046217
0.0046308
0.0046399
0.004649
0.0046581
0.0046672
0.0046763
0.0046854
0.0046946
0.0047037
0.0047129
0.0047221
0.0047312
0.0047404
0.0047496
0.0047588
0.004768
0.0047772
0.0047865
0.0047957
0.0048049
0.0048142
0.0048234
0.0048327
0.0048419
0.0048512
0.0048605
0.0048698
0.0048791
0.0048884
0.0048977
0.004907
0.0049163
0.0049256
0.004935
0.0049443
0.0049537
0.004963
0.0049724
0.0049818
0.0049911
0.0050005
0.0050099
0.0050193
0.0050287
0.0050381
0.0050475
0.0050569
0.0050664
0.0050758
0.0050852
0.0050947
0.0051041
0.0051136
0.005123
0.0051325
0.005142
0.0051514
0.0051609
0.0051704
0.0051799
0.0051894
0.0051989
0.0052084
0.0052179
0.0052274
0.0052369
0.0052465
0.005256
0.0052655
0.0052751
0.0052846
0.0052942
0.0053037
0.0053133
0.0053228
0.0053324
0.005342
0.0053515
0.0053611
0.0053707
0.0053803
0.0053899
0.0053994
0.005409
0.0054186
0.0054282
0.0054378
0.0054474
0.0054571
0.0054667
0.0054763
0.0054859
0.0054955
0.0055052
0.0055148
0.0055244
0.005534
0.0055437
0.0055533
0.005563
0.0055726
0.0055822
0.0055919
0.0056015
0.0056112
0.0056208
0.0056305
0.0056402
0.0056498
0.0056595
0.0056691
0.0056788
0.0056884
0.0056981
0.0057078
0.0057174
0.0057271
0.0057368
0.0057464
0.0057561
0.0057658
0.0057755
0.0057851
0.0057948
0.0058045
0.0058141
0.0058238
0.0058335
0.0058431
0.0058528
0.0058625
0.0058722
0.0058818
0.0058915
0.0059012
0.0059108
0.0059205
0.0059302
0.0059398
0.0059495
0.0059591
0.0059688
0.0059785
0.0059881
0.0059978
0.0060074
0.0060171
0.0060267
0.0060364
0.006046
0.0060557
0.0060653
0.006075
0.0060846
0.0060942
0.0061039
0.0061135
0.0061231
0.0061327
0.0061424
0.006152
0.0061616
0.0061712
0.0061808
0.0061904
0.0062
0.0062096
0.0062192
0.0062288
0.0062384
0.0062479
0.0062575
0.0062671
0.0062766
0.0062862
0.0062958
0.0063053
0.0063149
0.0063244
0.0063339
0.0063435
0.006353
0.0063625
0.006372
0.0063815
0.006391
0.0064005
0.00641
0.0064195
0.006429
0.0064385
0.0064479
0.0064574
0.0064668
0.0064763
0.0064857
0.0064951
0.0065046
0.006514
0.0065234
0.0065328
0.0065422
0.0065516
0.006561
0.0065703
0.0065797
0.006589
0.0065984
0.0066077
0.0066171
0.0066264
0.0066357
0.006645
0.0066543
0.0066636
0.0066728
0.0066821
0.0066914
0.0067006
0.0067098
0.0067191
0.0067283
0.0067375
0.0067467
0.0067559
0.006765
0.0067742
0.0067834
0.0067925
0.0068016
0.0068108
0.0068199
0.006829
0.006838
0.0068471
0.0068562
0.0068652
0.0068743
0.0068833
0.0068923
0.0069013
0.0069103
0.0069193
0.0069282
0.0069372
0.0069461
0.006955
0.006964
0.0069729
0.0069817
0.0069906
0.0069995
0.0070083
0.0070171
0.0070259
0.0070347
0.0070435
0.0070523
0.007061
0.0070698
0.0070785
0.0070872
0.0070959
0.0071046
0.0071133
0.0071219
0.0071305
0.0071391
0.0071477
0.0071563
0.0071649
0.0071734
0.007182
0.0071905
0.007199
0.0072075
0.0072159
0.0072244
0.0072328
0.0072412
0.0072496
0.007258
0.0072663
0.0072747
0.007283
0.0072913
0.0072996
0.0073079
0.0073161
0.0073243
0.0073325
0.0073407
0.0073489
0.007357
0.0073652
0.0073733
0.0073814
0.0073894
0.0073975
0.0074055
0.0074135
0.0074215
0.0074294
0.0074374
0.0074453
0.0074532
0.0074611
0.0074689
0.0074768
0.0074846
0.0074924
0.0075001
0.0075079
0.0075156
0.0075233
0.007531
0.0075386
0.0075462
0.0075539
0.0075614
0.007569
0.0075765
0.007584
0.0075915
0.007599
0.0076064
0.0076138
0.0076212
0.0076286
0.0076359
0.0076432
0.0076505
0.0076578
0.007665
0.0076722
0.0076794
0.0076866
0.0076937
0.0077008
0.0077079
0.0077149
0.0077219
0.0077289
0.0077359
0.0077428
0.0077497
0.0077566
0.0077635
0.0077703
0.0077771
0.0077839
0.0077906
0.0077973
0.007804
0.0078107
0.0078173
0.0078239
0.0078305
0.007837
0.0078435
0.00785
0.0078565
0.0078629
0.0078693
0.0078756
0.007882
0.0078882
0.0078945
0.0079007
0.0079069
0.0079131
0.0079193
0.0079254
0.0079314
0.0079375
0.0079435
0.0079495
0.0079554
0.0079613
0.0079672
0.007973
0.0079789
0.0079846
0.0079904
0.0079961
0.0080018
0.0080074
0.008013
0.0080186
0.0080241
0.0080296
0.0080351
0.0080405
0.0080459
0.0080513
0.0080566
0.0080619
0.0080672
0.0080724
0.0080776
0.0080827
0.0080878
0.0080929
0.008098
0.008103
0.0081079
0.0081128
0.0081177
0.0081226
0.0081274
0.0081322
0.0081369
0.0081416
0.0081463
0.0081509
0.0081555
0.00816
0.0081645
0.008169
0.0081734
0.0081778
0.0081821
0.0081864
0.0081907
0.0081949
0.0081991
0.0082033
0.0082074
0.0082114
0.0082154
0.0082194
0.0082234
0.0082273
0.0082311
0.0082349
0.0082387
0.0082424
0.0082461
0.0082498
0.0082534
0.0082569
0.0082604
0.0082639
0.0082673
0.0082707
0.0082741
0.0082774
0.0082806
0.0082838
0.008287
0.0082901
0.0082932
0.0082962
0.0082992
0.0083022
0.0083051
0.0083079
0.0083107
0.0083135
0.0083162
0.0083189
0.0083215
0.0083241
0.0083266
0.0083291
0.0083315
0.0083339
0.0083363
0.0083386
0.0083408
0.008343
0.0083452
0.0083473
0.0083494
0.0083514
0.0083533
0.0083552
0.0083571
0.0083589
0.0083607
0.0083624
0.0083641
0.0083657
0.0083673
0.0083688
0.0083703
0.0083717
0.0083731
0.0083744
0.0083757
0.0083769
0.0083781
0.0083792
0.0083803
0.0083813
0.0083823
0.0083832
0.008384
0.0083848
0.0083856
0.0083863
0.008387
0.0083876
0.0083881
0.0083886
0.0083891
0.0083895
0.0083898
0.0083901
0.0083904
0.0083905
0.0083907
0.0083908
0.0083908
0.0083907
0.0083907
0.0083905
0.0083903
0.0083901
0.0083898
0.0083894
0.008389
0.0083886
0.008388
0.0083875
0.0083868
0.0083861
0.0083854
0.0083846
0.0083838
0.0083828
0.0083819
0.0083809
0.0083798
0.0083786
0.0083775
0.0083762
0.0083749
0.0083735
0.0083721
0.0083706
0.0083691
0.0083675
0.0083659
0.0083642
0.0083624
0.0083606
0.0083587
0.0083568
0.0083548
0.0083527
0.0083506
0.0083484
0.0083462
0.0083439
0.0083416
0.0083392
0.0083367
0.0083342
0.0083316
0.008329
0.0083263
0.0083235
0.0083207
0.0083178
0.0083148
0.0083118
0.0083088
0.0083057
0.0083025
0.0082992
0.0082959
0.0082926
0.0082891
0.0082856
0.0082821
0.0082785
0.0082748
0.0082711
0.0082673
0.0082634
0.0082595
0.0082555
0.0082515
0.0082474
0.0082432
0.008239
0.0082347
0.0082303
0.0082259
0.0082214
0.0082169
0.0082123
0.0082076
0.0082029
0.0081981
0.0081933
0.0081883
0.0081834
0.0081783
0.0081732
0.008168
0.0081628
0.0081575
0.0081521
0.0081467
0.0081412
0.0081357
0.0081301
0.0081244
0.0081186
0.0081128
0.0081069
0.008101
0.008095
0.0080889
0.0080828
0.0080766
0.0080703
0.008064
0.0080576
0.0080512
0.0080446
0.008038
0.0080314
0.0080247
0.0080179
0.008011
0.0080041
0.0079971
0.0079901
0.007983
0.0079758
0.0079686
0.0079613
0.0079539
0.0079465
0.0079389
0.0079314
0.0079237
0.007916
0.0079083
0.0079004
0.0078925
0.0078846
0.0078765
0.0078684
0.0078603
0.007852
0.0078437
0.0078354
0.0078269
0.0078184
0.0078099
0.0078012
0.0077925
0.0077838
0.0077749
0.007766
0.0077571
0.007748
0.0077389
0.0077298
0.0077205
0.0077112
0.0077019
0.0076924
0.0076829
0.0076734
0.0076637
0.007654
0.0076443
0.0076344
0.0076245
0.0076145
0.0076045
0.0075944
0.0075842
0.007574
0.0075637
0.0075533
0.0075429
0.0075324
0.0075218
0.0075111
0.0075004
0.0074897
0.0074788
0.0074679
0.0074569
0.0074459
0.0074348
0.0074236
0.0074123
0.007401
0.0073896
0.0073782
0.0073667
0.0073551
0.0073434
0.0073317
0.0073199
0.0073081
0.0072962
0.0072842
0.0072721
0.00726
0.0072478
0.0072356
0.0072233
0.0072109
0.0071984
0.0071859
0.0071733
0.0071607
0.0071479
0.0071351
0.0071223
0.0071094
0.0070964
0.0070833
0.0070702
0.007057
0.0070438
0.0070304
0.007017
0.0070036
0.0069901
0.0069765
0.0069628
0.0069491
0.0069353
0.0069215
0.0069076
0.0068936
0.0068795
0.0068654
0.0068512
0.006837
0.0068227
0.0068083
0.0067939
0.0067793
0.0067648
0.0067501
0.0067354
0.0067206
0.0067058
0.0066909
0.0066759
0.0066609
0.0066458
0.0066307
0.0066154
0.0066001
0.0065848
0.0065694
0.0065539
0.0065383
0.0065227
0.006507
0.0064913
0.0064755
0.0064596
0.0064437
0.0064277
0.0064116
0.0063955
0.0063793
0.0063631
0.0063468
0.0063304
0.0063139
0.0062974
0.0062809
0.0062642
0.0062475
0.0062308
0.006214
0.0061971
0.0061801
0.0061631
0.0061461
0.0061289
0.0061117
0.0060945
0.0060772
0.0060598
0.0060424
0.0060249
0.0060073
0.0059897
0.005972
0.0059543
0.0059364
0.0059186
0.0059007
0.0058827
0.0058646
0.0058465
0.0058284
0.0058101
0.0057918
0.0057735
0.0057551
0.0057366
0.0057181
0.0056995
0.0056809
0.0056622
0.0056434
0.0056246
0.0056057
0.0055868
0.0055678
0.0055487
0.0055296
0.0055105
0.0054912
0.005472
0.0054526
0.0054332
0.0054138
0.0053943
0.0053747
0.0053551
0.0053354
0.0053157
0.0052959
0.005276
0.0052561
0.0052362
0.0052162
0.0051961
0.005176
0.0051558
0.0051356
0.0051153
0.005095
0.0050746
0.0050541
0.0050336
0.0050131
0.0049924
0.0049718
0.0049511
0.0049303
0.0049095
0.0048886
0.0048677
0.0048467
0.0048257
0.0048046
0.0047835
0.0047623
0.004741
0.0047198
0.0046984
0.004677
0.0046556
0.0046341
0.0046126
0.004591
0.0045694
0.0045477
0.0045259
0.0045041
0.0044823
0.0044604
0.0044385
0.0044165
0.0043945
0.0043724
0.0043503
0.0043281
0.0043059
0.0042836
0.0042613
0.004239
0.0042166
0.0041941
0.0041716
0.0041491
0.0041265
0.0041039
0.0040812
0.0040585
0.0040357
0.0040129
0.0039901
0.0039672
0.0039442
0.0039212
0.0038982
0.0038751
0.003852
0.0038289
0.0038057
0.0037824
0.0037591
0.0037358
0.0037124
0.003689
0.0036656
0.0036421
0.0036186
0.003595
0.0035714
0.0035478
0.0035241
0.0035003
0.0034766
0.0034528
0.0034289
0.003405
0.0033811
0.0033572
0.0033332
0.0033091
0.0032851
0.003261
0.0032368
0.0032127
0.0031884
0.0031642
0.0031399
0.0031156
0.0030912
0.0030668
0.0030424
0.003018
0.0029935
0.0029689
0.0029444
0.0029198
0.0028952
0.0028705
0.0028458
0.0028211
0.0027964
0.0027716
0.0027468
0.0027219
0.002697
0.0026721
0.0026472
0.0026222
0.0025972
0.0025722
0.0025471
0.002522
0.0024969
0.0024718
0.0024466
0.0024214
0.0023962
0.0023709
0.0023457
0.0023204
0.002295
0.0022697
0.0022443
0.0022189
0.0021934
0.002168
0.0021425
0.002117
0.0020914
0.0020659
0.0020403
0.0020147
0.0019891
0.0019634
0.0019378
0.0019121
0.0018863
0.0018606
0.0018349
0.0018091
0.0017833
0.0017575
0.0017316
0.0017058
0.0016799
0.001654
0.0016281
0.0016021
0.0015762
0.0015502
0.0015242
0.0014982
0.0014722
0.0014461
0.0014201
0.001394
0.0013679
0.0013418
0.0013157
0.0012895
0.0012634
0.0012372
0.001211
0.0011848
0.0011586
0.0011324
0.0011062
0.0010799
0.0010537
0.0010274
0.0010011
0.00097481
0.0009485
0.00092219
0.00089586
0.00086952
0.00084317
0.00081681
0.00079044
0.00076407
0.00073768
0.00071129
0.00068488
0.00065847
0.00063206
0.00060563
0.0005792
0.00055276
0.00052631
0.00049986
0.0004734
0.00044694
0.00042047
0.000394
0.00036752
0.00034104
0.00031456
0.00028807
0.00026157
0.00023508
0.00020858
0.00018208
0.00015557
0.00012907
0.00010256
7.6055e-05
4.9547e-05
2.3037e-05
-3.4722e-06
-2.9982e-05
-5.6491e-05
-8.3e-05
-0.00010951
-0.00013601
-0.00016252
-0.00018902
-0.00021552
-0.00024202
-0.00026852
-0.00029501
-0.0003215
-0.00034799
-0.00037447
-0.00040095
-0.00042742
-0.00045389
-0.00048035
-0.00050681
-0.00053326
-0.0005597
-0.00058614
-0.00061258
-0.000639
-0.00066542
-0.00069183
-0.00071823
-0.00074463
-0.00077101
-0.00079739
-0.00082376
-0.00085012
-0.00087647
-0.00090281
-0.00092914
-0.00095545
-0.00098176
-0.0010081
-0.0010343
-0.0010606
-0.0010869
-0.0011131
-0.0011394
-0.0011656
-0.0011918
-0.001218
-0.0012442
-0.0012703
-0.0012965
-0.0013226
-0.0013487
-0.0013749
-0.0014009
-0.001427
-0.0014531
-0.0014791
-0.0015051
-0.0015312
-0.0015571
-0.0015831
-0.0016091
-0.001635
-0.0016609
-0.0016868
-0.0017127
-0.0017386
-0.0017644
-0.0017902
-0.001816
-0.0018418
-0.0018676
-0.0018933
-0.001919
-0.0019447
-0.0019704
-0.001996
-0.0020217
-0.0020473
-0.0020729
-0.0020984
-0.0021239
-0.0021495
-0.0021749
-0.0022004
-0.0022258
-0.0022512
-0.0022766
-0.002302
-0.0023273
-0.0023526
-0.0023779
-0.0024032
-0.0024284
-0.0024536
-0.0024788
-0.0025039
-0.002529
-0.0025541
-0.0025792
-0.0026042
-0.0026292
-0.0026541
-0.0026791
-0.002704
-0.0027289
-0.0027537
-0.0027785
-0.0028033
-0.0028281
-0.0028528
-0.0028775
-0.0029021
-0.0029268
-0.0029514
-0.0029759
-0.0030004
-0.0030249
-0.0030494
-0.0030738
-0.0030982
-0.0031226
-0.0031469
-0.0031712
-0.0031954
-0.0032196
-0.0032438
-0.0032679
-0.003292
-0.0033161
-0.0033401
-0.0033641
-0.0033881
-0.003412
-0.0034359
-0.0034597
-0.0034835
-0.0035073
-0.003531
-0.0035547
-0.0035784
-0.003602
-0.0036255
-0.0036491
-0.0036726
-0.003696
-0.0037194
-0.0037428
-0.0037661
-0.0037894
-0.0038126
-0.0038358
-0.003859
-0.0038821
-0.0039051
-0.0039282
-0.0039512
-0.0039741
-0.003997
-0.0040198
-0.0040427
-0.0040654
-0.0040881
-0.0041108
-0.0041334
-0.004156
-0.0041786
-0.0042011
-0.0042235
-0.0042459
-0.0042683
-0.0042906
-0.0043128
-0.0043351
-0.0043572
-0.0043793
-0.0044014
-0.0044234
-0.0044454
-0.0044673
-0.0044892
-0.0045111
-0.0045328
-0.0045546
-0.0045763
-0.0045979
-0.0046195
-0.004641
-0.0046625
-0.0046839
-0.0047053
-0.0047266
-0.0047479
-0.0047692
-0.0047903
-0.0048115
-0.0048325
-0.0048536
-0.0048745
-0.0048955
-0.0049163
-0.0049372
-0.0049579
-0.0049786
-0.0049993
-0.0050199
-0.0050404
-0.0050609
-0.0050814
-0.0051018
-0.0051221
-0.0051424
-0.0051626
-0.0051828
-0.0052029
-0.005223
-0.005243
-0.0052629
-0.0052828
-0.0053027
-0.0053225
-0.0053422
-0.0053619
-0.0053815
-0.005401
-0.0054205
-0.00544
-0.0054594
-0.0054787
-0.005498
-0.0055172
-0.0055364
-0.0055555
-0.0055745
-0.0055935
-0.0056124
-0.0056313
-0.0056501
-0.0056689
-0.0056876
-0.0057062
-0.0057248
-0.0057433
-0.0057618
-0.0057802
-0.0057985
-0.0058168
-0.005835
-0.0058532
-0.0058713
-0.0058893
-0.0059073
-0.0059252
-0.0059431
-0.0059609
-0.0059786
-0.0059963
-0.0060139
-0.0060315
-0.0060489
-0.0060664
-0.0060837
-0.0061011
-0.0061183
-0.0061355
-0.0061526
-0.0061697
-0.0061867
-0.0062036
-0.0062205
-0.0062373
-0.006254
-0.0062707
-0.0062874
-0.0063039
-0.0063204
-0.0063368
-0.0063532
-0.0063695
-0.0063858
-0.006402
-0.0064181
-0.0064341
-0.0064501
-0.006466
-0.0064819
-0.0064977
-0.0065134
-0.0065291
-0.0065447
-0.0065602
-0.0065757
-0.0065911
-0.0066065
-0.0066218
-0.006637
-0.0066521
-0.0066672
-0.0066822
-0.0066972
-0.0067121
-0.0067269
-0.0067417
-0.0067564
-0.006771
-0.0067856
-0.0068001
-0.0068145
-0.0068289
-0.0068432
-0.0068574
-0.0068716
-0.0068857
-0.0068997
-0.0069137
-0.0069276
-0.0069415
-0.0069552
-0.006969
-0.0069826
-0.0069962
-0.0070097
-0.0070231
-0.0070365
-0.0070498
-0.0070631
-0.0070762
-0.0070894
-0.0071024
-0.0071154
-0.0071283
-0.0071411
-0.0071539
-0.0071666
-0.0071793
-0.0071919
-0.0072044
-0.0072168
-0.0072292
-0.0072415
-0.0072537
-0.0072659
-0.007278
-0.0072901
-0.007302
-0.007314
-0.0073258
-0.0073376
-0.0073493
-0.0073609
-0.0073725
-0.007384
-0.0073954
-0.0074068
-0.0074181
-0.0074293
-0.0074405
-0.0074516
-0.0074626
-0.0074736
-0.0074845
-0.0074953
-0.0075061
-0.0075168
-0.0075274
-0.007538
-0.0075485
-0.0075589
-0.0075693
-0.0075796
-0.0075898
-0.0076
-0.0076101
-0.0076201
-0.0076301
-0.00764
-0.0076498
-0.0076595
-0.0076692
-0.0076789
-0.0076884
-0.0076979
-0.0077073
-0.0077167
-0.007726
-0.0077352
-0.0077444
-0.0077534
-0.0077625
-0.0077714
-0.0077803
-0.0077891
-0.0077979
-0.0078066
-0.0078152
-0.0078237
-0.0078322
-0.0078407
-0.007849
-0.0078573
-0.0078655
-0.0078737
-0.0078818
-0.0078898
-0.0078977
-0.0079056
-0.0079135
-0.0079212
-0.0079289
-0.0079365
-0.0079441
-0.0079516
-0.007959
-0.0079664
-0.0079737
-0.0079809
-0.0079881
-0.0079952
-0.0080022
-0.0080092
-0.0080161
-0.0080229
-0.0080297
-0.0080364
-0.008043
-0.0080496
-0.0080561
-0.0080626
-0.008069
-0.0080753
-0.0080815
-0.0080877
-0.0080938
-0.0080999
-0.0081059
-0.0081118
-0.0081177
-0.0081235
-0.0081292
-0.0081349
-0.0081405
-0.0081461
-0.0081515
-0.0081569
-0.0081623
-0.0081676
-0.0081728
-0.008178
-0.0081831
-0.0081881
-0.0081931
-0.008198
-0.0082028
-0.0082076
-0.0082123
-0.008217
-0.0082216
-0.0082261
-0.0082306
-0.008235
-0.0082393
-0.0082436
-0.0082478
-0.008252
-0.0082561
-0.0082601
-0.0082641
-0.008268
-0.0082718
-0.0082756
-0.0082794
-0.008283
-0.0082866
-0.0082902
-0.0082936
-0.0082971
-0.0083004
-0.0083037
-0.0083069
-0.0083101
-0.0083132
-0.0083163
-0.0083193
-0.0083222
-0.0083251
-0.0083279
-0.0083307
-0.0083334
-0.008336
-0.0083386
-0.0083411
-0.0083436
-0.008346
-0.0083483
-0.0083506
-0.0083528
-0.008355
-0.0083571
-0.0083591
-0.0083611
-0.008363
-0.0083649
-0.0083667
-0.0083685
-0.0083702
-0.0083718
-0.0083734
-0.0083749
-0.0083764
-0.0083778
-0.0083792
-0.0083805
-0.0083817
-0.0083829
-0.008384
-0.0083851
-0.0083861
-0.0083871
-0.008388
-0.0083888
-0.0083896
-0.0083903
-0.008391
-0.0083916
-0.0083922
-0.0083927
-0.0083932
-0.0083936
-0.008394
-0.0083943
-0.0083945
-0.0083947
-0.0083948
-0.0083949
-0.0083949
-0.0083949
-0.0083948
-0.0083947
-0.0083945
-0.0083943
-0.008394
-0.0083936
-0.0083932
-0.0083928
-0.0083923
-0.0083917
-0.0083911
-0.0083904
-0.0083897
-0.008389
-0.0083881
-0.0083873
-0.0083864
-0.0083854
-0.0083844
-0.0083833
-0.0083822
-0.008381
-0.0083798
-0.0083785
-0.0083772
-0.0083758
-0.0083744
-0.0083729
-0.0083714
-0.0083698
-0.0083682
-0.0083665
-0.0083648
-0.008363
-0.0083612
-0.0083594
-0.0083574
-0.0083555
-0.0083535
-0.0083514
-0.0083493
-0.0083471
-0.0083449
-0.0083427
-0.0083404
-0.0083381
-0.0083357
-0.0083332
-0.0083308
-0.0083282
-0.0083256
-0.008323
-0.0083204
-0.0083176
-0.0083149
-0.0083121
-0.0083092
-0.0083063
-0.0083034
-0.0083004
-0.0082974
-0.0082943
-0.0082912
-0.008288
-0.0082848
-0.0082816
-0.0082783
-0.0082749
-0.0082716
-0.0082681
-0.0082647
-0.0082612
-0.0082576
-0.008254
-0.0082504
-0.0082467
-0.008243
-0.0082392
-0.0082354
-0.0082315
-0.0082277
-0.0082237
-0.0082197
-0.0082157
-0.0082117
-0.0082076
-0.0082034
-0.0081993
-0.0081951
-0.0081908
-0.0081865
-0.0081822
-0.0081778
-0.0081734
-0.0081689
-0.0081644
-0.0081599
-0.0081553
-0.0081507
-0.0081461
-0.0081414
-0.0081366
-0.0081319
-0.0081271
-0.0081222
-0.0081174
-0.0081124
-0.0081075
-0.0081025
-0.0080975
-0.0080924
-0.0080873
-0.0080822
-0.008077
-0.0080718
-0.0080666
-0.0080613
-0.008056
-0.0080506
-0.0080452
-0.0080398
-0.0080343
-0.0080289
-0.0080233
-0.0080178
-0.0080122
-0.0080065
-0.0080009
-0.0079952
-0.0079895
-0.0079837
-0.0079779
-0.0079721
-0.0079662
-0.0079603
-0.0079544
-0.0079484
-0.0079424
-0.0079364
-0.0079303
-0.0079242
-0.0079181
-0.007912
-0.0079058
-0.0078996
-0.0078933
-0.007887
-0.0078807
-0.0078744
-0.007868
-0.0078616
-0.0078552
-0.0078487
-0.0078422
-0.0078357
-0.0078292
-0.0078226
-0.007816
-0.0078093
-0.0078027
-0.007796
-0.0077893
-0.0077825
-0.0077757
-0.0077689
-0.0077621
-0.0077552
-0.0077483
-0.0077414
-0.0077345
-0.0077275
-0.0077205
-0.0077135
-0.0077064
-0.0076993
-0.0076922
-0.0076851
-0.0076779
-0.0076707
-0.0076635
-0.0076563
-0.007649
-0.0076417
-0.0076344
-0.0076271
-0.0076197
-0.0076123
-0.0076049
-0.0075975
-0.00759
-0.0075825
-0.007575
-0.0075675
-0.0075599
-0.0075523
-0.0075447
-0.0075371
-0.0075295
-0.0075218
-0.0075141
-0.0075064
-0.0074986
-0.0074909
-0.0074831
-0.0074753
-0.0074674
-0.0074596
-0.0074517
-0.0074438
-0.0074359
-0.007428
-0.00742
-0.007412
-0.007404
-0.007396
-0.007388
-0.0073799
-0.0073718
-0.0073637
-0.0073556
-0.0073475
-0.0073393
-0.0073311
-0.007323
-0.0073147
-0.0073065
-0.0072982
-0.00729
-0.0072817
-0.0072734
-0.007265
-0.0072567
-0.0072483
-0.00724
-0.0072316
-0.0072231
-0.0072147
-0.0072063
-0.0071978
-0.0071893
-0.0071808
-0.0071723
-0.0071637
-0.0071552
-0.0071466
-0.007138
-0.0071294
-0.0071208
-0.0071122
-0.0071036
-0.0070949
-0.0070862
-0.0070775
-0.0070688
-0.0070601
-0.0070514
-0.0070426
-0.0070338
-0.0070251
-0.0070163
-0.0070075
-0.0069986
-0.0069898
-0.0069809
-0.0069721
-0.0069632
-0.0069543
-0.0069454
-0.0069365
-0.0069276
-0.0069186
-0.0069097
-0.0069007
-0.0068917
-0.0068827
-0.0068737
-0.0068647
-0.0068557
-0.0068467
-0.0068376
-0.0068285
-0.0068195
-0.0068104
-0.0068013
-0.0067922
-0.0067831
-0.0067739
-0.0067648
-0.0067556
-0.0067465
-0.0067373
-0.0067281
-0.006719
-0.0067098
-0.0067005
-0.0066913
-0.0066821
-0.0066729
-0.0066636
-0.0066544
-0.0066451
-0.0066358
-0.0066265
-0.0066172
-0.0066079
-0.0065986
-0.0065893
-0.00658
-0.0065707
-0.0065613
-0.006552
-0.0065426
-0.0065333
-0.0065239
-0.0065145
-0.0065051
-0.0064957
-0.0064863
-0.0064769
-0.0064675
-0.0064581
-0.0064487
-0.0064392
-0.0064298
-0.0064204
-0.0064109
-0.0064014
-0.006392
-0.0063825
-0.006373
-0.0063636
-0.0063541
-0.0063446
-0.0063351
-0.0063256
-0.0063161
-0.0063066
-0.0062971
-0.0062875
-0.006278
-0.0062685
-0.006259
-0.0062494
-0.0062399
-0.0062303
-0.0062208
-0.0062112
-0.0062017
-0.0061921
-0.0061825
-0.006173
-0.0061634
-0.0061538
-0.0061442
-0.0061347
-0.0061251
-0.0061155
-0.0061059
-0.0060963
-0.0060867
-0.0060771
-0.0060675
-0.0060579
-0.0060483
-0.0060387
-0.0060291
-0.0060195
-0.0060099
-0.0060003
-0.0059906
-0.005981
-0.0059714
-0.0059618
-0.0059522
-0.0059425
-0.0059329
-0.0059233
-0.0059137
-0.005904
-0.0058944
-0.0058848
-0.0058752
-0.0058655
-0.0058559
-0.0058463
-0.0058367
-0.005827
-0.0058174
-0.0058078
-0.0057981
-0.0057885
-0.0057789
-0.0057693
-0.0057596
-0.00575
-0.0057404
-0.0057308
-0.0057211
-0.0057115
-0.0057019
-0.0056923
-0.0056827
-0.005673
-0.0056634
-0.0056538
-0.0056442
-0.0056346
-0.005625
-0.0056154
-0.0056058
-0.0055962
-0.0055866
-0.005577
-0.0055674
-0.0055578
-0.0055482
-0.0055386
-0.005529
-0.0055194
-0.0055098
-0.0055002
-0.0054907
-0.0054811
-0.0054715
-0.005462
-0.0054524
-0.0054428
-0.0054333
-0.0054237
-0.0054142
-0.0054046
-0.0053951
-0.0053855
-0.005376
-0.0053664
-0.0053569
-0.0053474
-0.0053379
-0.0053283
-0.0053188
-0.0053093
-0.0052998
-0.0052903
-0.0052808
-0.0052713
-0.0052618
-0.0052523
-0.0052429
-0.0052334
-0.0052239
-0.0052145
-0.005205
-0.0051955
-0.0051861
-0.0051766
-0.0051672
-0.0051578
-0.0051483
-0.0051389
-0.0051295
-0.0051201
-0.0051107
-0.0051013
-0.0050919
-0.0050825
-0.0050731
-0.0050637
-0.0050543
-0.005045
-0.0050356
-0.0050262
-0.0050169
-0.0050075
-0.0049982
-0.0049889
-0.0049796
-0.0049702
-0.0049609
-0.0049516
-0.0049423
-0.004933
-0.0049237
-0.0049144
-0.0049052
-0.0048959
-0.0048866
-0.0048774
-0.0048682
-0.0048589
-0.0048497
-0.0048405
-0.0048312
-0.004822
-0.0048128
-0.0048036
-0.0047944
-0.0047853
-0.0047761
-0.0047669
-0.0047578
-0.0047486
-0.0047395
-0.0047303
-0.0047212
-0.0047121
-0.004703
-0.0046939
-0.0046848
-0.0046757
-0.0046666
-0.0046575
-0.0046485
-0.0046394
-0.0046303
-0.0046213
-0.0046123
-0.0046033
-0.0045942
-0.0045852
-0.0045762
-0.0045672
-0.0045583
-0.0045493
-0.0045403
-0.0045314
-0.0045224
-0.0045135
-0.0045045
-0.0044956
-0.0044867
-0.0044778
-0.0044689
-0.00446
-0.0044512
-0.0044423
-0.0044334
-0.0044246
-0.0044157
-0.0044069
-0.0043981
-0.0043893
-0.0043805
-0.0043717
-0.0043629
-0.0043541
-0.0043454
-0.0043366
-0.0043279
-0.0043191
-0.0043104
-0.0043017
-0.004293
-0.0042843
-0.0042756
-0.0042669
-0.0042582
-0.0042496
-0.0042409
-0.0042323
-0.0042236
-0.004215
-0.0042064
-0.0041978
-0.0041892
-0.0041806
-0.0041721
-0.0041635
-0.004155
-0.0041464
-0.0041379
-0.0041294
-0.0041209
-0.0041124
-0.0041039
-0.0040954
-0.0040869
-0.0040785
-0.00407
-0.0040616
-0.0040532
-0.0040447
-0.0040363
-0.0040279
-0.0040196
-0.0040112
-0.0040028
-0.0039945
-0.0039861
-0.0039778
-0.0039695
-0.0039612
-0.0039529
-0.0039446
-0.0039363
-0.003928
-0.0039198
-0.0039115
-0.0039033
-0.0038951
-0.0038869
-0.0038787
-0.0038705
-0.0038623
-0.0038541
-0.003846
-0.0038378
-0.0038297
-0.0038215
-0.0038134
-0.0038053
-0.0037972
-0.0037892
-0.0037811
-0.003773
-0.003765
-0.003757
-0.0037489
-0.0037409
-0.0037329
-0.0037249
-0.0037169
-0.003709
-0.003701
-0.0036931
-0.0036851
-0.0036772
-0.0036693
-0.0036614
-0.0036535
-0.0036456
-0.0036378
-0.0036299
-0.0036221
-0.0036143
-0.0036064
-0.0035986
-0.0035908
-0.003583
-0.0035753
-0.0035675
-0.0035598
-0.003552
-0.0035443
-0.0035366
-0.0035289
-0.0035212
-0.0035135
-0.0035058
-0.0034982
-0.0034905
-0.0034829
-0.0034753
-0.0034677
-0.0034601
-0.0034525
-0.0034449
-0.0034374
-0.0034298
-0.0034223
-0.0034147
-0.0034072
-0.0033997
-0.0033922
-0.0033848
-0.0033773
-0.0033698
-0.0033624
-0.003355
-0.0033475
-0.0033401
-0.0033327
-0.0033254
-0.003318
-0.0033106
-0.0033033
-0.0032959
-0.0032886
-0.0032813
-0.003274
-0.0032667
-0.0032594
-0.0032522
-0.0032449
-0.0032377
-0.0032305
-0.0032232
-0.003216
-0.0032088
-0.0032017
-0.0031945
-0.0031873
-0.0031802
-0.0031731
-0.0031659
-0.0031588
-0.0031517
-0.0031447
-0.0031376
-0.0031305
-0.0031235
-0.0031164
-0.0031094
-0.0031024
-0.0030954
-0.0030884
-0.0030814
-0.0030745
-0.0030675
-0.0030606
-0.0030537
-0.0030468
-0.0030399
-0.003033
-0.0030261
-0.0030192
-0.0030124
-0.0030055
-0.0029987
-0.0029919
-0.0029851
-0.0029783
-0.0029715
-0.0029647
-0.002958
-0.0029512
-0.0029445
-0.0029378
-0.0029311
-0.0029244
-0.0029177
-0.002911
-0.0029044
-0.0028977
-0.0028911
-0.0028845
-0.0028779
-0.0028713
-0.0028647
-0.0028581
-0.0028516
-0.002845
-0.0028385
-0.002832
-0.0028254
-0.0028189
-0.0028125
-0.002806
-0.0027995
-0.0027931
-0.0027866
-0.0027802
-0.0027738
-0.0027674
-0.002761
-0.0027546
-0.0027483
-0.0027419
-0.0027356
-0.0027292
-0.0027229
-0.0027166
-0.0027103
-0.002704
-0.0026978
-0.0026915
-0.0026853
-0.002679
-0.0026728
-0.0026666
-0.0026604
-0.0026542
-0.0026481
-0.0026419
-0.0026358
-0.0026296
-0.0026235
-0.0026174
-0.0026113
-0.0026052
-0.0025991
-0.0025931
-0.002587
-0.002581
-0.002575
-0.002569
-0.002563
-0.002557
-0.002551
-0.002545
-0.0025391
-0.0025331
-0.0025272
-0.0025213
-0.0025154
-0.0025095
-0.0025036
-0.0024977
-0.0024919
-0.0024861
-0.0024802
-0.0024744
-0.0024686
-0.0024628
-0.002457
-0.0024512
-0.0024455
-0.0024397
-0.002434
-0.0024283
-0.0024226
-0.0024169
-0.0024112
-0.0024055
-0.0023998
-0.0023942
-0.0023886
-0.0023829
-0.0023773
-0.0023717
-0.0023661
-0.0023605
-0.002355
-0.0023494
-0.0023439
-0.0023383
-0.0023328
-0.0023273
-0.0023218
-0.0023163
-0.0023109
-0.0023054
-0.0023
-0.0022945
-0.0022891
-0.0022837
-0.0022783
-0.0022729
-0.0022675
-0.0022622
-0.0022568
-0.0022515
-0.0022461
-0.0022408
-0.0022355
-0.0022302
-0.0022249
-0.0022197
-0.0022144
-0.0022092
-0.0022039
-0.0021987
-0.0021935
-0.0021883
-0.0021831
-0.0021779
-0.0021728
-0.0021676
-0.0021625
-0.0021573
-0.0021522
-0.0021471
-0.002142
-0.0021369
-0.0021319
-0.0021268
-0.0021218
-0.0021167
-0.0021117
-0.0021067
-0.0021017
-0.0020967
-0.0020917
-0.0020868
-0.0020818
-0.0020769
-0.002072
-0.002067
-0.0020621
-0.0020572
-0.0020523
-0.0020475
-0.0020426
-0.0020378
-0.0020329
-0.0020281
-0.0020233
-0.0020185
-0.0020137
-0.0020089
-0.0020042
-0.0019994
-0.0019947
-0.0019899
-0.0019852
-0.0019805
-0.0019758
-0.0019711
-0.0019664
-0.0019618
-0.0019571
-0.0019525
-0.0019478
-0.0019432
-0.0019386
-0.001934
-0.0019294
-0.0019249
-0.0019203
-0.0019157
-0.0019112
-0.0019067
-0.0019022
-0.0018977
-0.0018932
-0.0018887
-0.0018842
-0.0018798
-0.0018753
-0.0018709
-0.0018665
-0.001862
-0.0018576
-0.0018532
-0.0018489
-0.0018445
-0.0018401
-0.0018358
-0.0018315
-0.0018271
-0.0018228
-0.0018185
-0.0018142
-0.00181
-0.0018057
-0.0018014
-0.0017972
-0.001793
-0.0017887
-0.0017845
-0.0017803
-0.0017761
-0.001772
-0.0017678
-0.0017636
-0.0017595
-0.0017554
-0.0017512
-0.0017471
-0.001743
-0.0017389
-0.0017348
-0.0017308
-0.0017267
-0.0017227
-0.0017186
-0.0017146
-0.0017106
-0.0017066
-0.0017026
-0.0016986
-0.0016947
-0.0016907
-0.0016868
-0.0016828
-0.0016789
-0.001675
-0.0016711
-0.0016672
-0.0016633
-0.0016595
-0.0016556
-0.0016518
-0.0016479
-0.0016441
-0.0016403
-0.0016365
-0.0016327
-0.0016289
-0.0016251
-0.0016214
-0.0016176
-0.0016139
-0.0016101
-0.0016064
-0.0016027
-0.001599
-0.0015953
-0.0015917
-0.001588
-0.0015844
-0.0015807
-0.0015771
-0.0015735
-0.0015698
-0.0015662
-0.0015627
-0.0015591
-0.0015555
-0.001552
-0.0015484
-0.0015449
-0.0015413
-0.0015378
-0.0015343
-0.0015308
-0.0015274
-0.0015239
-0.0015204
-0.001517
-0.0015135
-0.0015101
-0.0015067
-0.0015033
-0.0014999
-0.0014965
-0.0014931
-0.0014897
-0.0014864
-0.001483
-0.0014797
-0.0014764
-0.0014731
-0.0014698
-0.0014665
-0.0014632
-0.0014599
-0.0014566
-0.0014534
-0.0014502
-0.0014469
-0.0014437
-0.0014405
-0.0014373
-0.0014341
-0.0014309
-0.0014277
-0.0014246
-0.0014214
-0.0014183
-0.0014152
-0.001412
-0.0014089
-0.0014058
-0.0014028
-0.0013997
-0.0013966
-0.0013935
-0.0013905
-0.0013875
-0.0013844
-0.0013814
-0.0013784
-0.0013754
-0.0013724
-0.0013694
-0.0013665
-0.0013635
-0.0013606
-0.0013576
-0.0013547
-0.0013518
-0.0013489
-0.001346
-0.0013431
-0.0013402
-0.0013374
-0.0013345
-0.0013317
-0.0013288
-0.001326
-0.0013232
-0.0013204
-0.0013176
-0.0013148
-0.001312
-0.0013092
-0.0013065
-0.0013037
-0.001301
-0.0012982
-0.0012955
-0.0012928
-0.0012901
-0.0012874
-0.0012847
-0.0012821
-0.0012794
-0.0012768
-0.0012741
-0.0012715
-0.0012689
-0.0012662
-0.0012636
-0.001261
-0.0012585
-0.0012559
-0.0012533
-0.0012508
-0.0012482
-0.0012457
-0.0012431
-0.0012406
-0.0012381
-0.0012356
-0.0012331
-0.0012306
-0.0012282
-0.0012257
-0.0012233
-0.0012208
-0.0012184
-0.0012159
-0.0012135
-0.0012111
-0.0012087
-0.0012063
-0.001204
-0.0012016
-0.0011992
-0.0011969
-0.0011945
-0.0011922
-0.0011899
-0.0011876
-0.0011852
-0.0011829
-0.0011807
-0.0011784
-0.0011761
-0.0011738
-0.0011716
-0.0011693
-0.0011671
-0.0011649
-0.0011627
-0.0011605
-0.0011583
-0.0011561
-0.0011539
-0.0011517
-0.0011495
-0.0011474
-0.0011452
-0.0011431
-0.001141
-0.0011389
-0.0011367
-0.0011346
-0.0011325
-0.0011305
-0.0011284
-0.0011263
-0.0011243
-0.0011222
-0.0011202
-0.0011181
-0.0011161
-0.0011141
-0.0011121
-0.0011101
-0.0011081
-0.0011061
-0.0011041
-0.0011021
-0.0011002
-0.0010982
-0.0010963
-0.0010944
-0.0010924
-0.0010905
-0.0010886
-0.0010867
-0.0010848
-0.0010829
-0.001081
-0.0010792
-0.0010773
-0.0010755
-0.0010736
-0.0010718
-0.0010699
-0.0010681
-0.0010663
-0.0010645
-0.0010627
-0.0010609
-0.0010591
-0.0010574
-0.0010556
-0.0010538
-0.0010521
-0.0010503
-0.0010486
-0.0010469
-0.0010451
-0.0010434
-0.0010417
-0.00104
-0.0010383
-0.0010367
-0.001035
-0.0010333
-0.0010317
-0.00103
-0.0010284
-0.0010267
-0.0010251
-0.0010235
-0.0010219
-0.0010202
-0.0010186
-0.001017
-0.0010155
-0.0010139
-0.0010123
-0.0010107
-0.0010092
-0.0010076
-0.0010061
-0.0010045
-0.001003
-0.0010015
-0.00099998
-0.00099847
-0.00099696
-0.00099547
-0.00099398
-0.00099249
-0.00099102
-0.00098955
-0.00098809
-0.00098663
-0.00098518
-0.00098374
-0.00098231
-0.00098088
-0.00097945
-0.00097804
-0.00097663
-0.00097523
-0.00097383
-0.00097244
-0.00097105
-0.00096968
-0.00096831
-0.00096694
-0.00096558
-0.00096423
-0.00096288
-0.00096154
-0.00096021
-0.00095888
-0.00095756
-0.00095624
-0.00095494
-0.00095363
-0.00095233
-0.00095104
-0.00094976
-0.00094848
-0.0009472
-0.00094593
-0.00094467
-0.00094341
-0.00094216
-0.00094092
-0.00093968
-0.00093844
-0.00093722
-0.00093599
-0.00093478
-0.00093356
-0.00093236
-0.00093116
-0.00092996
-0.00092877
-0.00092759
-0.00092641
-0.00092523
-0.00092406
-0.0009229
-0.00092174
-0.00092059
-0.00091944
-0.0009183
-0.00091716
-0.00091602
-0.0009149
-0.00091377
-0.00091265
-0.00091154
-0.00091043
-0.00090933
-0.00090823
-0.00090714
-0.00090605
-0.00090496
-0.00090388
-0.00090281
-0.00090173
-0.00090067
-0.00089961
-0.00089855
-0.0008975
-0.00089645
-0.0008954
-0.00089436
-0.00089333
-0.0008923
-0.00089127
-0.00089025
-0.00088923
-0.00088821
-0.0008872
-0.0008862
-0.0008852
-0.0008842
-0.0008832
-0.00088221
-0.00088123
-0.00088024
-0.00087927
-0.00087829
-0.00087732
-0.00087635
-0.00087539
-0.00087443
-0.00087347
-0.00087252
-0.00087157
-0.00087062
-0.00086968
-0.00086874
-0.00086781
-0.00086688
-0.00086595
-0.00086502
-0.0008641
-0.00086318
-0.00086227
-0.00086135
-0.00086045
-0.00085954
-0.00085864
-0.00085774
-0.00085684
-0.00085594
-0.00085505
-0.00085417
-0.00085328
-0.0008524
-0.00085152
-0.00085064
-0.00084977
-0.0008489
-0.00084803
-0.00084716
-0.0008463
-0.00084544
-0.00084458
-0.00084372
-0.00084287
-0.00084202
-0.00084117
-0.00084032
-0.00083948
-0.00083863
-0.00083779
-0.00083696
-0.00083612
-0.00083529
-0.00083446
-0.00083363
-0.0008328
-0.00083197
-0.00083115
-0.00083033
-0.00082951
-0.00082869
-0.00082788
-0.00082706
-0.00082625
-0.00082544
-0.00082463
-0.00082383
-0.00082302
-0.00082222
-0.00082141
-0.00082061
-0.00081981
-0.00081902
-0.00081822
-0.00081743
-0.00081663
-0.00081584
-0.00081505
-0.00081426
-0.00081347
-0.00081268
-0.0008119
-0.00081111
-0.00081033
-0.00080954
-0.00080876
-0.00080798
-0.0008072
-0.00080642
-0.00080564
-0.00080487
-0.00080409
-0.00080332
-0.00080254
-0.00080177
-0.00080099
-0.00080022
-0.00079945
-0.00079868
-0.00079791
-0.00079714
-0.00079637
-0.0007956
-0.00079483
-0.00079406
-0.00079329
-0.00079253
-0.00079176
-0.00079099
-0.00079023
-0.00078946
-0.0007887
-0.00078793
-0.00078717
-0.0007864
-0.00078564
-0.00078487
-0.00078411
-0.00078334
-0.00078258
-0.00078181
-0.00078105
-0.00078028
-0.00077952
-0.00077875
-0.00077799
-0.00077722
-0.00077646
-0.00077569
-0.00077493
-0.00077416
-0.00077339
-0.00077263
-0.00077186
-0.00077109
-0.00077033
-0.00076956
-0.00076879
-0.00076802
-0.00076725
-0.00076648
-0.00076571
-0.00076494
-0.00076417
-0.0007634
-0.00076263
-0.00076185
-0.00076108
-0.00076031
-0.00075953
-0.00075876
-0.00075798
-0.0007572
-0.00075643
-0.00075565
-0.00075487
-0.00075409
-0.00075331
-0.00075252
-0.00075174
-0.00075096
-0.00075017
-0.00074939
-0.0007486
-0.00074782
-0.00074703
-0.00074624
-0.00074545
-0.00074466
-0.00074387
-0.00074307
-0.00074228
-0.00074148
-0.00074069
-0.00073989
-0.00073909
-0.00073829
-0.00073749
-0.00073669
-0.00073589
-0.00073508
-0.00073428
-0.00073347
-0.00073266
-0.00073186
-0.00073105
-0.00073023
-0.00072942
-0.00072861
-0.00072779
-0.00072698
-0.00072616
-0.00072534
-0.00072452
-0.0007237
-0.00072288
-0.00072205
-0.00072123
-0.0007204
-0.00071957
-0.00071874
-0.00071791
-0.00071708
-0.00071625
-0.00071541
-0.00071458
-0.00071374
-0.0007129
-0.00071206
-0.00071122
-0.00071038
-0.00070953
-0.00070869
-0.00070784
-0.00070699
-0.00070614
-0.00070529
-0.00070444
-0.00070358
-0.00070273
-0.00070187
-0.00070101
-0.00070015
-0.00069929
-0.00069843
-0.00069757
-0.0006967
-0.00069584
-0.00069497
-0.0006941
-0.00069323
-0.00069236
-0.00069148
-0.00069061
-0.00068973
-0.00068885
-0.00068798
-0.0006871
-0.00068621
-0.00068533
-0.00068445
-0.00068356
-0.00068267
-0.00068179
-0.0006809
-0.00068001
-0.00067911
-0.00067822
-0.00067733
-0.00067643
-0.00067553
-0.00067463
-0.00067373
-0.00067283
-0.00067193
-0.00067103
-0.00067012
-0.00066922
-0.00066831
-0.0006674
-0.00066649
-0.00066558
-0.00066467
-0.00066376
-0.00066284
-0.00066193
-0.00066101
-0.00066009
-0.00065918
-0.00065826
-0.00065733
-0.00065641
-0.00065549
-0.00065457
-0.00065364
-0.00065272
-0.00065179
-0.00065086
-0.00064993
-0.000649
-0.00064807
-0.00064714
-0.00064621
-0.00064527
-0.00064434
-0.0006434
-0.00064246
-0.00064153
-0.00064059
-0.00063965
-0.00063871
-0.00063777
-0.00063683
-0.00063589
-0.00063494
-0.000634
-0.00063305
-0.00063211
-0.00063116
-0.00063022
-0.00062927
-0.00062832
-0.00062737
-0.00062642
-0.00062547
-0.00062452
-0.00062357
-0.00062262
-0.00062166
-0.00062071
-0.00061976
-0.0006188
-0.00061785
-0.00061689
-0.00061594
-0.00061498
-0.00061402
-0.00061306
-0.00061211
-0.00061115
-0.00061019
-0.00060923
-0.00060827
-0.00060731
-0.00060635
-0.00060539
-0.00060443
-0.00060347
-0.0006025
-0.00060154
-0.00060058
-0.00059962
-0.00059865
-0.00059769
-0.00059673
-0.00059576
-0.0005948
-0.00059383
-0.00059287
-0.00059191
-0.00059094
-0.00058998
-0.00058901
-0.00058804
-0.00058708
-0.00058611
-0.00058515
-0.00058418
-0.00058321
-0.00058225
-0.00058128
-0.00058031
-0.00057935
-0.00057838
-0.00057741
-0.00057645
-0.00057548
-0.00057451
-0.00057355
-0.00057258
-0.00057161
-0.00057064
-0.00056968
-0.00056871
-0.00056774
-0.00056677
-0.00056581
-0.00056484
-0.00056387
-0.0005629
-0.00056194
-0.00056097
-0.00056
-0.00055903
-0.00055807
-0.0005571
