5.375e-05
5.3841e-05
5.3932e-05
5.4024e-05
5.4115e-05
5.4206e-05
5.4298e-05
5.4389e-05
5.448e-05
5.4571e-05
5.4663e-05
5.4754e-05
5.4845e-05
5.4937e-05
5.5028e-05
5.5119e-05
5.5211e-05
5.5302e-05
5.5393e-05
5.5485e-05
5.5576e-05
5.5667e-05
5.5758e-05
5.585e-05
5.5941e-05
5.6032e-05
5.6123e-05
5.6214e-05
5.6306e-05
5.6397e-05
5.6488e-05
5.6579e-05
5.667e-05
5.6762e-05
5.6853e-05
5.6944e-05
5.7035e-05
5.7126e-05
5.7217e-05
5.7308e-05
5.7399e-05
5.749e-05
5.7581e-05
5.7672e-05
5.7763e-05
5.7853e-05
5.7944e-05
5.8035e-05
5.8126e-05
5.8217e-05
5.8307e-05
5.8398e-05
5.8489e-05
5.8579e-05
5.867e-05
5.876e-05
5.8851e-05
5.8941e-05
5.9031e-05
5.9122e-05
5.9212e-05
5.9302e-05
5.9392e-05
5.9483e-05
5.9573e-05
5.9663e-05
5.9753e-05
5.9843e-05
5.9933e-05
6.0022e-05
6.0112e-05
6.0202e-05
6.0291e-05
6.0381e-05
6.047e-05
6.056e-05
6.0649e-05
6.0739e-05
6.0828e-05
6.0917e-05
6.1006e-05
6.1095e-05
6.1184e-05
6.1273e-05
6.1362e-05
6.145e-05
6.1539e-05
6.1627e-05
6.1716e-05
6.1804e-05
6.1892e-05
6.1981e-05
6.2069e-05
6.2157e-05
6.2245e-05
6.2332e-05
6.242e-05
6.2508e-05
6.2595e-05
6.2683e-05
6.277e-05
6.2857e-05
6.2944e-05
6.3032e-05
6.3118e-05
6.3205e-05
6.3292e-05
6.3379e-05
6.3465e-05
6.3552e-05
6.3638e-05
6.3724e-05
6.381e-05
6.3896e-05
6.3982e-05
6.4068e-05
6.4153e-05
6.4239e-05
6.4324e-05
6.4409e-05
6.4494e-05
6.4579e-05
6.4664e-05
6.4749e-05
6.4834e-05
6.4918e-05
6.5003e-05
6.5087e-05
6.5171e-05
6.5255e-05
6.5339e-05
6.5423e-05
6.5506e-05
6.559e-05
6.5673e-05
6.5756e-05
6.5839e-05
6.5922e-05
6.6005e-05
6.6088e-05
6.6171e-05
6.6253e-05
6.6335e-05
6.6417e-05
6.6499e-05
6.6581e-05
6.6663e-05
6.6745e-05
6.6826e-05
6.6908e-05
6.6989e-05
6.707e-05
6.7151e-05
6.7232e-05
6.7312e-05
6.7393e-05
6.7473e-05
6.7553e-05
6.7633e-05
6.7713e-05
6.7793e-05
6.7873e-05
6.7952e-05
6.8032e-05
6.8111e-05
6.819e-05
6.8269e-05
6.8348e-05
6.8427e-05
6.8505e-05
6.8584e-05
6.8662e-05
6.874e-05
6.8818e-05
6.8896e-05
6.8974e-05
6.9052e-05
6.9129e-05
6.9206e-05
6.9284e-05
6.9361e-05
6.9438e-05
6.9515e-05
6.9591e-05
6.9668e-05
6.9744e-05
6.9821e-05
6.9897e-05
6.9973e-05
7.0049e-05
7.0125e-05
7.02e-05
7.0276e-05
7.0351e-05
7.0427e-05
7.0502e-05
7.0577e-05
7.0652e-05
7.0727e-05
7.0801e-05
7.0876e-05
7.095e-05
7.1025e-05
7.1099e-05
7.1173e-05
7.1247e-05
7.1321e-05
7.1395e-05
7.1469e-05
7.1543e-05
7.1616e-05
7.169e-05
7.1763e-05
7.1836e-05
7.1909e-05
7.1982e-05
7.2055e-05
7.2128e-05
7.2201e-05
7.2274e-05
7.2346e-05
7.2419e-05
7.2491e-05
7.2563e-05
7.2636e-05
7.2708e-05
7.278e-05
7.2852e-05
7.2924e-05
7.2996e-05
7.3068e-05
7.314e-05
7.3211e-05
7.3283e-05
7.3354e-05
7.3426e-05
7.3497e-05
7.3569e-05
7.364e-05
7.3712e-05
7.3783e-05
7.3854e-05
7.3925e-05
7.3996e-05
7.4067e-05
7.4138e-05
7.421e-05
7.4281e-05
7.4351e-05
7.4422e-05
7.4493e-05
7.4564e-05
7.4635e-05
7.4706e-05
7.4777e-05
7.4848e-05
7.4918e-05
7.4989e-05
7.506e-05
7.5131e-05
7.5201e-05
7.5272e-05
7.5343e-05
7.5414e-05
7.5485e-05
7.5555e-05
7.5626e-05
7.5697e-05
7.5768e-05
7.5839e-05
7.591e-05
7.5981e-05
7.6052e-05
7.6123e-05
7.6194e-05
7.6265e-05
7.6336e-05
7.6407e-05
7.6478e-05
7.655e-05
7.6621e-05
7.6692e-05
7.6764e-05
7.6835e-05
7.6907e-05
7.6978e-05
7.705e-05
7.7122e-05
7.7194e-05
7.7266e-05
7.7338e-05
7.741e-05
7.7482e-05
7.7554e-05
7.7626e-05
7.7699e-05
7.7771e-05
7.7844e-05
7.7917e-05
7.799e-05
7.8063e-05
7.8136e-05
7.8209e-05
7.8282e-05
7.8356e-05
7.8429e-05
7.8503e-05
7.8577e-05
7.8651e-05
7.8725e-05
7.8799e-05
7.8874e-05
7.8948e-05
7.9023e-05
7.9098e-05
7.9173e-05
7.9248e-05
7.9323e-05
7.9399e-05
7.9475e-05
7.9551e-05
7.9627e-05
7.9703e-05
7.9779e-05
7.9856e-05
7.9933e-05
8.001e-05
8.0087e-05
8.0164e-05
8.0242e-05
8.032e-05
8.0398e-05
8.0476e-05
8.0554e-05
8.0633e-05
8.0712e-05
8.0791e-05
8.087e-05
8.095e-05
8.1029e-05
8.1109e-05
8.119e-05
8.127e-05
8.1351e-05
8.1432e-05
8.1513e-05
8.1595e-05
8.1677e-05
8.1759e-05
8.1841e-05
8.1924e-05
8.2006e-05
8.209e-05
8.2173e-05
8.2257e-05
8.2341e-05
8.2425e-05
8.251e-05
8.2595e-05
8.268e-05
8.2765e-05
8.2851e-05
8.2937e-05
8.3024e-05
8.311e-05
8.3197e-05
8.3285e-05
8.3372e-05
8.346e-05
8.3549e-05
8.3638e-05
8.3727e-05
8.3816e-05
8.3906e-05
8.3996e-05
8.4086e-05
8.4177e-05
8.4268e-05
8.436e-05
8.4452e-05
8.4544e-05
8.4637e-05
8.473e-05
8.4823e-05
8.4917e-05
8.5011e-05
8.5105e-05
8.52e-05
8.5296e-05
8.5391e-05
8.5487e-05
8.5584e-05
8.5681e-05
8.5778e-05
8.5876e-05
8.5974e-05
8.6073e-05
8.6172e-05
8.6271e-05
8.6371e-05
8.6471e-05
8.6572e-05
8.6673e-05
8.6775e-05
8.6877e-05
8.6979e-05
8.7082e-05
8.7185e-05
8.7289e-05
8.7393e-05
8.7498e-05
8.7603e-05
8.7709e-05
8.7815e-05
8.7922e-05
8.8029e-05
8.8137e-05
8.8245e-05
8.8353e-05
8.8462e-05
8.8572e-05
8.8682e-05
8.8792e-05
8.8903e-05
8.9015e-05
8.9127e-05
8.9239e-05
8.9352e-05
8.9466e-05
8.958e-05
8.9695e-05
8.981e-05
8.9925e-05
9.0041e-05
9.0158e-05
9.0275e-05
9.0393e-05
9.0511e-05
9.063e-05
9.075e-05
9.087e-05
9.099e-05
9.1111e-05
9.1233e-05
9.1355e-05
9.1477e-05
9.1601e-05
9.1725e-05
9.1849e-05
9.1974e-05
9.2099e-05
9.2226e-05
9.2352e-05
9.248e-05
9.2607e-05
9.2736e-05
9.2865e-05
9.2994e-05
9.3125e-05
9.3255e-05
9.3387e-05
9.3519e-05
9.3651e-05
9.3785e-05
9.3919e-05
9.4053e-05
9.4188e-05
9.4324e-05
9.446e-05
9.4597e-05
9.4734e-05
9.4873e-05
9.5011e-05
9.5151e-05
9.5291e-05
9.5431e-05
9.5573e-05
9.5715e-05
9.5857e-05
9.6e-05
9.6144e-05
9.6289e-05
9.6434e-05
9.658e-05
9.6726e-05
9.6874e-05
9.7021e-05
9.717e-05
9.7319e-05
9.7469e-05
9.7619e-05
9.777e-05
9.7922e-05
9.8075e-05
9.8228e-05
9.8382e-05
9.8536e-05
9.8691e-05
9.8847e-05
9.9004e-05
9.9161e-05
9.9319e-05
9.9477e-05
9.9637e-05
9.9797e-05
9.9958e-05
0.00010012
0.00010028
0.00010044
0.00010061
0.00010077
0.00010094
0.0001011
0.00010127
0.00010144
0.0001016
0.00010177
0.00010194
0.00010211
0.00010228
0.00010245
0.00010263
0.0001028
0.00010297
0.00010315
0.00010332
0.0001035
0.00010367
0.00010385
0.00010403
0.00010421
0.00010439
0.00010457
0.00010475
0.00010493
0.00010511
0.0001053
0.00010548
0.00010567
0.00010585
0.00010604
0.00010622
0.00010641
0.0001066
0.00010679
0.00010698
0.00010717
0.00010736
0.00010756
0.00010775
0.00010794
0.00010814
0.00010833
0.00010853
0.00010873
0.00010892
0.00010912
0.00010932
0.00010952
0.00010972
0.00010993
0.00011013
0.00011033
0.00011054
0.00011074
0.00011095
0.00011115
0.00011136
0.00011157
0.00011178
0.00011199
0.0001122
0.00011241
0.00011262
0.00011284
0.00011305
0.00011326
0.00011348
0.0001137
0.00011391
0.00011413
0.00011435
0.00011457
0.00011479
0.00011501
0.00011523
0.00011546
0.00011568
0.0001159
0.00011613
0.00011636
0.00011658
0.00011681
0.00011704
0.00011727
0.0001175
0.00011773
0.00011796
0.00011819
0.00011843
0.00011866
0.0001189
0.00011913
0.00011937
0.00011961
0.00011985
0.00012009
0.00012033
0.00012057
0.00012081
0.00012105
0.0001213
0.00012154
0.00012179
0.00012203
0.00012228
0.00012253
0.00012278
0.00012303
0.00012328
0.00012353
0.00012378
0.00012403
0.00012429
0.00012454
0.0001248
0.00012505
0.00012531
0.00012557
0.00012583
0.00012609
0.00012635
0.00012661
0.00012687
0.00012713
0.0001274
0.00012766
0.00012793
0.0001282
0.00012846
0.00012873
0.000129
0.00012927
0.00012954
0.00012982
0.00013009
0.00013036
0.00013064
0.00013091
0.00013119
0.00013147
0.00013174
0.00013202
0.0001323
0.00013258
0.00013286
0.00013315
0.00013343
0.00013371
0.000134
0.00013429
0.00013457
0.00013486
0.00013515
0.00013544
0.00013573
0.00013602
0.00013631
0.0001366
0.0001369
0.00013719
0.00013749
0.00013778
0.00013808
0.00013838
0.00013868
0.00013898
0.00013928
0.00013958
0.00013988
0.00014019
0.00014049
0.0001408
0.0001411
0.00014141
0.00014172
0.00014203
0.00014234
0.00014265
0.00014296
0.00014327
0.00014359
0.0001439
0.00014421
0.00014453
0.00014485
0.00014516
0.00014548
0.0001458
0.00014612
0.00014644
0.00014677
0.00014709
0.00014741
0.00014774
0.00014806
0.00014839
0.00014872
0.00014905
0.00014938
0.00014971
0.00015004
0.00015037
0.0001507
0.00015104
0.00015137
0.00015171
0.00015204
0.00015238
0.00015272
0.00015306
0.0001534
0.00015374
0.00015408
0.00015442
0.00015476
0.00015511
0.00015545
0.0001558
0.00015615
0.0001565
0.00015684
0.00015719
0.00015755
0.0001579
0.00015825
0.0001586
0.00015896
0.00015931
0.00015967
0.00016002
0.00016038
0.00016074
0.0001611
0.00016146
0.00016182
0.00016218
0.00016255
0.00016291
0.00016328
0.00016364
0.00016401
0.00016438
0.00016475
0.00016511
0.00016549
0.00016586
0.00016623
0.0001666
0.00016698
0.00016735
0.00016773
0.0001681
0.00016848
0.00016886
0.00016924
0.00016962
0.00017
0.00017038
0.00017076
0.00017115
0.00017153
0.00017192
0.0001723
0.00017269
0.00017308
0.00017347
0.00017386
0.00017425
0.00017464
0.00017503
0.00017542
0.00017582
0.00017621
0.00017661
0.00017701
0.0001774
0.0001778
0.0001782
0.0001786
0.000179
0.00017941
0.00017981
0.00018021
0.00018062
0.00018102
0.00018143
0.00018184
0.00018225
0.00018266
0.00018307
0.00018348
0.00018389
0.0001843
0.00018472
0.00018513
0.00018555
0.00018596
0.00018638
0.0001868
0.00018722
0.00018764
0.00018806
0.00018848
0.0001889
0.00018932
0.00018975
0.00019017
0.0001906
0.00019103
0.00019145
0.00019188
0.00019231
0.00019274
0.00019317
0.00019361
0.00019404
0.00019447
0.00019491
0.00019534
0.00019578
0.00019622
0.00019665
0.00019709
0.00019753
0.00019797
0.00019842
0.00019886
0.0001993
0.00019975
0.00020019
0.00020064
0.00020108
0.00020153
0.00020198
0.00020243
0.00020288
0.00020333
0.00020378
0.00020424
0.00020469
0.00020514
0.0002056
0.00020606
0.00020651
0.00020697
0.00020743
0.00020789
0.00020835
0.00020881
0.00020927
0.00020974
0.0002102
0.00021066
0.00021113
0.0002116
0.00021206
0.00021253
0.000213
0.00021347
0.00021394
0.00021441
0.00021489
0.00021536
0.00021583
0.00021631
0.00021678
0.00021726
0.00021774
0.00021822
0.0002187
0.00021917
0.00021966
0.00022014
0.00022062
0.0002211
0.00022159
0.00022207
0.00022256
0.00022304
0.00022353
0.00022402
0.00022451
0.000225
0.00022549
0.00022598
0.00022647
0.00022697
0.00022746
0.00022796
0.00022845
0.00022895
0.00022944
0.00022994
0.00023044
0.00023094
0.00023144
0.00023194
0.00023245
0.00023295
0.00023345
0.00023396
0.00023446
0.00023497
0.00023548
0.00023598
0.00023649
0.000237
0.00023751
0.00023802
0.00023853
0.00023905
0.00023956
0.00024007
0.00024059
0.0002411
0.00024162
0.00024214
0.00024266
0.00024318
0.0002437
0.00024422
0.00024474
0.00024526
0.00024578
0.00024631
0.00024683
0.00024736
0.00024788
0.00024841
0.00024894
0.00024946
0.00024999
0.00025052
0.00025105
0.00025158
0.00025212
0.00025265
0.00025318
0.00025372
0.00025425
0.00025479
0.00025533
0.00025586
0.0002564
0.00025694
0.00025748
0.00025802
0.00025856
0.0002591
0.00025965
0.00026019
0.00026073
0.00026128
0.00026182
0.00026237
0.00026292
0.00026347
0.00026401
0.00026456
0.00026511
0.00026566
0.00026622
0.00026677
0.00026732
0.00026787
0.00026843
0.00026898
0.00026954
0.0002701
0.00027065
0.00027121
0.00027177
0.00027233
0.00027289
0.00027345
0.00027401
0.00027457
0.00027514
0.0002757
0.00027627
0.00027683
0.0002774
0.00027796
0.00027853
0.0002791
0.00027967
0.00028024
0.0002808
0.00028138
0.00028195
0.00028252
0.00028309
0.00028366
0.00028424
0.00028481
0.00028539
0.00028596
0.00028654
0.00028712
0.0002877
0.00028827
0.00028885
0.00028943
0.00029001
0.00029059
0.00029118
0.00029176
0.00029234
0.00029293
0.00029351
0.00029409
0.00029468
0.00029527
0.00029585
0.00029644
0.00029703
0.00029762
0.00029821
0.0002988
0.00029939
0.00029998
0.00030057
0.00030116
0.00030176
0.00030235
0.00030294
0.00030354
0.00030413
0.00030473
0.00030533
0.00030592
0.00030652
0.00030712
0.00030772
0.00030832
0.00030892
0.00030952
0.00031012
0.00031072
0.00031133
0.00031193
0.00031253
0.00031314
0.00031374
0.00031435
0.00031495
0.00031556
0.00031616
0.00031677
0.00031738
0.00031799
0.0003186
0.00031921
0.00031982
0.00032043
0.00032104
0.00032165
0.00032226
0.00032287
0.00032349
0.0003241
0.00032472
0.00032533
0.00032595
0.00032656
0.00032718
0.00032779
0.00032841
0.00032903
0.00032965
0.00033027
0.00033088
0.0003315
0.00033212
0.00033274
0.00033337
0.00033399
0.00033461
0.00033523
0.00033585
0.00033648
0.0003371
0.00033773
0.00033835
0.00033897
0.0003396
0.00034023
0.00034085
0.00034148
0.00034211
0.00034273
0.00034336
0.00034399
0.00034462
0.00034525
0.00034588
0.00034651
0.00034714
0.00034777
0.0003484
0.00034903
0.00034966
0.0003503
0.00035093
0.00035156
0.00035219
0.00035283
0.00035346
0.0003541
0.00035473
0.00035537
0.000356
0.00035664
0.00035727
0.00035791
0.00035855
0.00035918
0.00035982
0.00036046
0.0003611
0.00036174
0.00036237
0.00036301
0.00036365
0.00036429
0.00036493
0.00036557
0.00036621
0.00036685
0.0003675
0.00036814
0.00036878
0.00036942
0.00037006
0.0003707
0.00037135
0.00037199
0.00037263
0.00037328
0.00037392
0.00037456
0.00037521
0.00037585
0.0003765
0.00037714
0.00037779
0.00037843
0.00037908
0.00037972
0.00038037
0.00038101
0.00038166
0.00038231
0.00038295
0.0003836
0.00038424
0.00038489
0.00038554
0.00038619
0.00038683
0.00038748
0.00038813
0.00038878
0.00038942
0.00039007
0.00039072
0.00039137
0.00039202
0.00039267
0.00039331
0.00039396
0.00039461
0.00039526
0.00039591
0.00039656
0.00039721
0.00039786
0.00039851
0.00039916
0.0003998
0.00040045
0.0004011
0.00040175
0.0004024
0.00040305
0.0004037
0.00040435
0.000405
0.00040565
0.0004063
0.00040695
0.0004076
0.00040825
0.0004089
0.00040955
0.0004102
0.00041085
0.0004115
0.00041215
0.0004128
0.00041345
0.0004141
0.00041474
0.00041539
0.00041604
0.00041669
0.00041734
0.00041799
0.00041864
0.00041929
0.00041994
0.00042058
0.00042123
0.00042188
0.00042253
0.00042318
0.00042383
0.00042447
0.00042512
0.00042577
0.00042642
0.00042706
0.00042771
0.00042836
0.000429
0.00042965
0.0004303
0.00043094
0.00043159
0.00043224
0.00043288
0.00043353
0.00043417
0.00043482
0.00043546
0.00043611
0.00043675
0.00043739
0.00043804
0.00043868
0.00043932
0.00043997
0.00044061
0.00044125
0.00044189
0.00044254
0.00044318
0.00044382
0.00044446
0.0004451
0.00044574
0.00044638
0.00044702
0.00044766
0.0004483
0.00044894
0.00044957
0.00045021
0.00045085
0.00045149
0.00045212
0.00045276
0.00045339
0.00045403
0.00045467
0.0004553
0.00045593
0.00045657
0.0004572
0.00045783
0.00045847
0.0004591
0.00045973
0.00046036
0.00046099
0.00046162
0.00046225
0.00046288
0.00046351
0.00046414
0.00046477
0.00046539
0.00046602
0.00046665
0.00046727
0.0004679
0.00046852
0.00046915
0.00046977
0.00047039
0.00047101
0.00047164
0.00047226
0.00047288
0.0004735
0.00047412
0.00047474
0.00047535
0.00047597
0.00047659
0.0004772
0.00047782
0.00047844
0.00047905
0.00047966
0.00048028
0.00048089
0.0004815
0.00048211
0.00048272
0.00048333
0.00048394
0.00048455
0.00048516
0.00048576
0.00048637
0.00048697
0.00048758
0.00048818
0.00048878
0.00048939
0.00048999
0.00049059
0.00049119
0.00049179
0.00049239
0.00049298
0.00049358
0.00049418
0.00049477
0.00049536
0.00049596
0.00049655
0.00049714
0.00049773
0.00049832
0.00049891
0.0004995
0.00050009
0.00050067
0.00050126
0.00050184
0.00050243
0.00050301
0.00050359
0.00050417
0.00050475
0.00050533
0.00050591
0.00050649
0.00050706
0.00050764
0.00050821
0.00050878
0.00050936
0.00050993
0.0005105
0.00051107
0.00051163
0.0005122
0.00051277
0.00051333
0.00051389
0.00051446
0.00051502
0.00051558
0.00051614
0.0005167
0.00051725
0.00051781
0.00051836
0.00051892
0.00051947
0.00052002
0.00052057
0.00052112
0.00052167
0.00052222
0.00052276
0.00052331
0.00052385
0.00052439
0.00052493
0.00052547
0.00052601
0.00052655
0.00052709
0.00052762
0.00052816
0.00052869
0.00052922
0.00052975
0.00053028
0.0005308
0.00053133
0.00053186
0.00053238
0.0005329
0.00053342
0.00053394
0.00053446
0.00053498
0.00053549
0.00053601
0.00053652
0.00053703
0.00053754
0.00053805
0.00053855
0.00053906
0.00053956
0.00054007
0.00054057
0.00054107
0.00054157
0.00054207
0.00054256
0.00054306
0.00054355
0.00054404
0.00054453
0.00054502
0.0005455
0.00054599
0.00054647
0.00054696
0.00054744
0.00054792
0.00054839
0.00054887
0.00054935
0.00054982
0.00055029
0.00055076
0.00055123
0.0005517
0.00055216
0.00055262
0.00055309
0.00055355
0.00055401
0.00055446
0.00055492
0.00055537
0.00055582
0.00055627
0.00055672
0.00055717
0.00055762
0.00055806
0.0005585
0.00055894
0.00055938
0.00055982
0.00056025
0.00056069
0.00056112
0.00056155
0.00056198
0.0005624
0.00056283
0.00056325
0.00056367
0.00056409
0.00056451
0.00056492
0.00056534
0.00056575
0.00056616
0.00056657
0.00056698
0.00056738
0.00056778
0.00056818
0.00056858
0.00056898
0.00056938
0.00056977
0.00057016
0.00057055
0.00057094
0.00057133
0.00057171
0.00057209
0.00057247
0.00057285
0.00057323
0.0005736
0.00057397
0.00057434
0.00057471
0.00057508
0.00057544
0.0005758
0.00057616
0.00057652
0.00057688
0.00057723
0.00057759
0.00057794
0.00057828
0.00057863
0.00057897
0.00057932
0.00057966
0.00057999
0.00058033
0.00058066
0.00058099
0.00058132
0.00058165
0.00058198
0.0005823
0.00058262
0.00058294
0.00058326
0.00058357
0.00058388
0.00058419
0.0005845
0.00058481
0.00058511
0.00058541
0.00058571
0.00058601
0.0005863
0.00058659
0.00058688
0.00058717
0.00058746
0.00058774
0.00058802
0.0005883
0.00058858
0.00058885
0.00058913
0.00058939
0.00058966
0.00058993
0.00059019
0.00059045
0.00059071
0.00059097
0.00059122
0.00059147
0.00059172
0.00059197
0.00059221
0.00059245
0.00059269
0.00059293
0.00059316
0.0005934
0.00059363
0.00059385
0.00059408
0.0005943
0.00059452
0.00059474
0.00059496
0.00059517
0.00059538
0.00059559
0.0005958
0.000596
0.0005962
0.0005964
0.00059659
0.00059679
0.00059698
0.00059717
0.00059735
0.00059754
0.00059772
0.0005979
0.00059807
0.00059825
0.00059842
0.00059858
0.00059875
0.00059891
0.00059907
0.00059923
0.00059939
0.00059954
0.00059969
0.00059984
0.00059999
0.00060013
0.00060027
0.00060041
0.00060054
0.00060067
0.0006008
0.00060093
0.00060105
0.00060118
0.0006013
0.00060141
0.00060153
0.00060164
0.00060175
0.00060185
0.00060196
0.00060206
0.00060215
0.00060225
0.00060234
0.00060243
0.00060252
0.0006026
0.00060269
0.00060277
0.00060284
0.00060292
0.00060299
0.00060305
0.00060312
0.00060318
0.00060324
0.0006033
0.00060336
0.00060341
0.00060346
0.0006035
0.00060355
0.00060359
0.00060362
0.00060366
0.00060369
0.00060372
0.00060375
0.00060377
0.00060379
0.00060381
0.00060383
0.00060384
0.00060385
0.00060386
0.00060386
0.00060387
0.00060386
0.00060386
0.00060385
0.00060384
0.00060383
0.00060382
0.0006038
0.00060378
0.00060375
0.00060373
0.0006037
0.00060366
0.00060363
0.00060359
0.00060355
0.00060351
0.00060346
0.00060341
0.00060336
0.0006033
0.00060324
0.00060318
0.00060312
0.00060305
0.00060298
0.00060291
0.00060283
0.00060275
0.00060267
0.00060259
0.0006025
0.00060241
0.00060231
0.00060222
0.00060212
0.00060202
0.00060191
0.0006018
0.00060169
0.00060158
0.00060146
0.00060134
0.00060122
0.00060109
0.00060096
0.00060083
0.0006007
0.00060056
0.00060042
0.00060028
0.00060013
0.00059998
0.00059983
0.00059967
0.00059951
0.00059935
0.00059919
0.00059902
0.00059885
0.00059868
0.0005985
0.00059832
0.00059814
0.00059795
0.00059777
0.00059757
0.00059738
0.00059718
0.00059698
0.00059678
0.00059657
0.00059636
0.00059615
0.00059594
0.00059572
0.0005955
0.00059527
0.00059504
0.00059481
0.00059458
0.00059434
0.0005941
0.00059386
0.00059362
0.00059337
0.00059312
0.00059286
0.0005926
0.00059234
0.00059208
0.00059181
0.00059154
0.00059127
0.000591
0.00059072
0.00059044
0.00059015
0.00058986
0.00058957
0.00058928
0.00058898
0.00058868
0.00058838
0.00058807
0.00058776
0.00058745
0.00058714
0.00058682
0.0005865
0.00058617
0.00058585
0.00058552
0.00058518
0.00058485
0.00058451
0.00058417
0.00058382
0.00058347
0.00058312
0.00058277
0.00058241
0.00058205
0.00058169
0.00058132
0.00058095
0.00058058
0.0005802
0.00057982
0.00057944
0.00057906
0.00057867
0.00057828
0.00057789
0.00057749
0.00057709
0.00057669
0.00057628
0.00057588
0.00057546
0.00057505
0.00057463
0.00057421
0.00057379
0.00057336
0.00057293
0.0005725
0.00057206
0.00057163
0.00057118
0.00057074
0.00057029
0.00056984
0.00056939
0.00056893
0.00056847
0.00056801
0.00056755
0.00056708
0.00056661
0.00056613
0.00056566
0.00056518
0.00056469
0.00056421
0.00056372
0.00056323
0.00056273
0.00056223
0.00056173
0.00056123
0.00056072
0.00056021
0.0005597
0.00055919
0.00055867
0.00055815
0.00055762
0.0005571
0.00055657
0.00055603
0.0005555
0.00055496
0.00055442
0.00055387
0.00055333
0.00055278
0.00055222
0.00055167
0.00055111
0.00055055
0.00054998
0.00054942
0.00054885
0.00054827
0.0005477
0.00054712
0.00054654
0.00054595
0.00054537
0.00054478
0.00054418
0.00054359
0.00054299
0.00054239
0.00054178
0.00054118
0.00054057
0.00053995
0.00053934
0.00053872
0.0005381
0.00053747
0.00053685
0.00053622
0.00053559
0.00053495
0.00053431
0.00053367
0.00053303
0.00053238
0.00053174
0.00053108
0.00053043
0.00052977
0.00052911
0.00052845
0.00052779
0.00052712
0.00052645
0.00052578
0.0005251
0.00052442
0.00052374
0.00052306
0.00052237
0.00052168
0.00052099
0.00052029
0.0005196
0.0005189
0.00051819
0.00051749
0.00051678
0.00051607
0.00051536
0.00051464
0.00051392
0.0005132
0.00051248
0.00051175
0.00051102
0.00051029
0.00050956
0.00050882
0.00050808
0.00050734
0.0005066
0.00050585
0.0005051
0.00050435
0.0005036
0.00050284
0.00050208
0.00050132
0.00050056
0.00049979
0.00049902
0.00049825
0.00049748
0.0004967
0.00049592
0.00049514
0.00049435
0.00049357
0.00049278
0.00049199
0.0004912
0.0004904
0.0004896
0.0004888
0.000488
0.00048719
0.00048638
0.00048557
0.00048476
0.00048395
0.00048313
0.00048231
0.00048149
0.00048066
0.00047984
0.00047901
0.00047817
0.00047734
0.00047651
0.00047567
0.00047483
0.00047398
0.00047314
0.00047229
0.00047144
0.00047059
0.00046974
0.00046888
0.00046802
0.00046716
0.0004663
0.00046543
0.00046457
0.0004637
0.00046283
0.00046195
0.00046108
0.0004602
0.00045932
0.00045844
0.00045755
0.00045667
0.00045578
0.00045489
0.00045399
0.0004531
0.0004522
0.0004513
0.0004504
0.0004495
0.00044859
0.00044769
0.00044678
0.00044587
0.00044495
0.00044404
0.00044312
0.0004422
0.00044128
0.00044036
0.00043943
0.00043851
0.00043758
0.00043665
0.00043572
0.00043478
0.00043384
0.00043291
0.00043197
0.00043102
0.00043008
0.00042913
0.00042819
0.00042724
0.00042629
0.00042533
0.00042438
0.00042342
0.00042246
0.0004215
0.00042054
0.00041958
0.00041861
0.00041764
0.00041667
0.0004157
0.00041473
0.00041376
0.00041278
0.0004118
0.00041082
0.00040984
0.00040886
0.00040788
0.00040689
0.0004059
0.00040491
0.00040392
0.00040293
0.00040194
0.00040094
0.00039994
0.00039895
0.00039795
0.00039694
0.00039594
0.00039494
0.00039393
0.00039292
0.00039191
0.0003909
0.00038989
0.00038887
0.00038786
0.00038684
0.00038582
0.00038481
0.00038378
0.00038276
0.00038174
0.00038071
0.00037969
0.00037866
0.00037763
0.0003766
0.00037557
0.00037453
0.0003735
0.00037246
0.00037143
0.00037039
0.00036935
0.00036831
0.00036726
0.00036622
0.00036518
0.00036413
0.00036308
0.00036203
0.00036098
0.00035993
0.00035888
0.00035783
0.00035677
0.00035572
0.00035466
0.0003536
0.00035255
0.00035149
0.00035043
0.00034936
0.0003483
0.00034724
0.00034617
0.0003451
0.00034404
0.00034297
0.0003419
0.00034083
0.00033976
0.00033868
0.00033761
0.00033654
0.00033546
0.00033439
0.00033331
0.00033223
0.00033115
0.00033007
0.00032899
0.00032791
0.00032683
0.00032574
0.00032466
0.00032358
0.00032249
0.0003214
0.00032032
0.00031923
0.00031814
0.00031705
0.00031596
0.00031487
0.00031378
0.00031268
0.00031159
0.0003105
0.0003094
0.0003083
0.00030721
0.00030611
0.00030501
0.00030392
0.00030282
0.00030172
0.00030062
0.00029952
0.00029842
0.00029732
0.00029621
0.00029511
0.00029401
0.0002929
0.0002918
0.00029069
0.00028959
0.00028848
0.00028738
0.00028627
0.00028516
0.00028405
0.00028295
0.00028184
0.00028073
0.00027962
0.00027851
0.0002774
0.00027629
0.00027518
0.00027407
0.00027295
0.00027184
0.00027073
0.00026962
0.0002685
0.00026739
0.00026628
0.00026516
0.00026405
0.00026294
0.00026182
0.00026071
0.00025959
0.00025848
0.00025736
0.00025625
0.00025513
0.00025402
0.0002529
0.00025178
0.00025067
0.00024955
0.00024843
0.00024732
0.0002462
0.00024508
0.00024397
0.00024285
0.00024173
0.00024062
0.0002395
0.00023838
0.00023727
0.00023615
0.00023503
0.00023392
0.0002328
0.00023168
0.00023057
0.00022945
0.00022833
0.00022722
0.0002261
0.00022498
0.00022387
0.00022275
0.00022164
0.00022052
0.00021941
0.00021829
0.00021718
0.00021606
0.00021495
0.00021383
0.00021272
0.0002116
0.00021049
0.00020938
0.00020826
0.00020715
0.00020604
0.00020493
0.00020381
0.0002027
0.00020159
0.00020048
0.00019937
0.00019826
0.00019715
0.00019604
0.00019493
0.00019382
0.00019271
0.0001916
0.0001905
0.00018939
0.00018828
0.00018718
0.00018607
0.00018497
0.00018386
0.00018276
0.00018165
0.00018055
0.00017945
0.00017835
0.00017724
0.00017614
0.00017504
0.00017394
0.00017284
0.00017175
0.00017065
0.00016955
0.00016845
0.00016736
0.00016626
0.00016517
0.00016407
0.00016298
0.00016189
0.0001608
0.0001597
0.00015861
0.00015752
0.00015643
0.00015535
0.00015426
0.00015317
0.00015209
0.000151
0.00014992
0.00014883
0.00014775
0.00014667
0.00014559
0.0001445
0.00014343
0.00014235
0.00014127
0.00014019
0.00013912
0.00013804
0.00013697
0.00013589
0.00013482
0.00013375
0.00013268
0.00013161
0.00013054
0.00012947
0.00012841
0.00012734
0.00012627
0.00012521
0.00012415
0.00012309
0.00012203
0.00012097
0.00011991
0.00011885
0.00011779
0.00011674
0.00011568
0.00011463
0.00011358
0.00011253
0.00011148
0.00011043
0.00010938
0.00010833
0.00010729
0.00010624
0.0001052
0.00010416
0.00010312
0.00010208
0.00010104
0.0001
9.8968e-05
9.7933e-05
9.69e-05
9.5868e-05
9.4837e-05
9.3807e-05
9.2779e-05
9.1751e-05
9.0726e-05
8.9701e-05
8.8678e-05
8.7656e-05
8.6635e-05
8.5616e-05
8.4598e-05
8.3581e-05
8.2565e-05
8.1551e-05
8.0539e-05
7.9528e-05
7.8518e-05
7.7509e-05
7.6502e-05
7.5496e-05
7.4492e-05
7.3489e-05
7.2488e-05
7.1487e-05
7.0489e-05
6.9492e-05
6.8496e-05
6.7502e-05
6.6509e-05
6.5517e-05
6.4528e-05
6.3539e-05
6.2552e-05
6.1567e-05
6.0583e-05
5.9601e-05
5.862e-05
5.7641e-05
5.6663e-05
5.5687e-05
5.4712e-05
5.3739e-05
5.2767e-05
5.1797e-05
5.0829e-05
4.9862e-05
4.8897e-05
4.7933e-05
4.6971e-05
4.6011e-05
4.5052e-05
4.4095e-05
4.3139e-05
4.2185e-05
4.1233e-05
4.0282e-05
3.9333e-05
3.8386e-05
3.744e-05
3.6496e-05
3.5554e-05
3.4613e-05
3.3674e-05
3.2737e-05
3.1802e-05
3.0868e-05
2.9936e-05
2.9006e-05
2.8077e-05
2.715e-05
2.6225e-05
2.5302e-05
2.438e-05
2.346e-05
2.2542e-05
2.1626e-05
2.0711e-05
1.9798e-05
1.8887e-05
1.7978e-05
1.7071e-05
1.6165e-05
1.5262e-05
1.436e-05
1.346e-05
1.2561e-05
1.1665e-05
1.077e-05
9.8775e-06
8.9866e-06
8.0975e-06
7.2104e-06
6.325e-06
5.4416e-06
4.56e-06
3.6803e-06
2.8025e-06
1.9266e-06
1.0526e-06
1.8047e-07
-6.8974e-07
-1.558e-06
-2.4244e-06
-3.2889e-06
-4.1514e-06
-5.012e-06
-5.8706e-06
-6.7274e-06
-7.5821e-06
-8.435e-06
-9.2858e-06
-1.0135e-05
-1.0982e-05
-1.1827e-05
-1.267e-05
-1.3511e-05
-1.435e-05
-1.5187e-05
-1.6022e-05
-1.6855e-05
-1.7686e-05
-1.8515e-05
-1.9342e-05
-2.0167e-05
-2.099e-05
-2.1811e-05
-2.263e-05
-2.3447e-05
-2.4262e-05
-2.5075e-05
-2.5886e-05
-2.6695e-05
-2.7501e-05
-2.8306e-05
-2.9109e-05
-2.9909e-05
-3.0708e-05
-3.1504e-05
-3.2299e-05
-3.3091e-05
-3.3881e-05
-3.4669e-05
-3.5455e-05
-3.6239e-05
-3.7021e-05
-3.7801e-05
-3.8579e-05
-3.9354e-05
-4.0128e-05
-4.0899e-05
-4.1668e-05
-4.2436e-05
-4.3201e-05
-4.3964e-05
-4.4724e-05
-4.5483e-05
-4.624e-05
-4.6994e-05
-4.7746e-05
-4.8496e-05
-4.9244e-05
-4.999e-05
-5.0734e-05
-5.1475e-05
-5.2215e-05
-5.2952e-05
-5.3687e-05
-5.442e-05
-5.5151e-05
-5.5879e-05
-5.6606e-05
-5.733e-05
-5.8052e-05
-5.8772e-05
-5.949e-05
-6.0205e-05
-6.0918e-05
-6.163e-05
-6.2339e-05
-6.3045e-05
-6.375e-05
-6.4452e-05
-6.5152e-05
-6.585e-05
-6.6546e-05
-6.724e-05
-6.7931e-05
-6.862e-05
-6.9307e-05
-6.9992e-05
-7.0675e-05
-7.1355e-05
-7.2033e-05
-7.2709e-05
-7.3383e-05
-7.4054e-05
-7.4723e-05
-7.539e-05
-7.6055e-05
-7.6718e-05
-7.7378e-05
-7.8036e-05
-7.8692e-05
-7.9346e-05
-7.9997e-05
-8.0646e-05
-8.1293e-05
-8.1938e-05
-8.258e-05
-8.322e-05
-8.3858e-05
-8.4494e-05
-8.5127e-05
-8.5759e-05
-8.6388e-05
-8.7014e-05
-8.7639e-05
-8.8261e-05
-8.8881e-05
-8.9499e-05
-9.0114e-05
-9.0727e-05
-9.1338e-05
-9.1947e-05
-9.2553e-05
-9.3158e-05
-9.3759e-05
-9.4359e-05
-9.4957e-05
-9.5552e-05
-9.6145e-05
-9.6735e-05
-9.7324e-05
-9.791e-05
-9.8494e-05
-9.9075e-05
-9.9654e-05
-0.00010023
-0.00010081
-0.00010138
-0.00010195
-0.00010252
-0.00010308
-0.00010365
-0.00010421
-0.00010477
-0.00010532
-0.00010588
-0.00010643
-0.00010698
-0.00010753
-0.00010807
-0.00010862
-0.00010916
-0.0001097
-0.00011023
-0.00011077
-0.0001113
-0.00011183
-0.00011235
-0.00011288
-0.0001134
-0.00011392
-0.00011444
-0.00011496
-0.00011547
-0.00011598
-0.00011649
-0.000117
-0.0001175
-0.00011801
-0.00011851
-0.000119
-0.0001195
-0.00011999
-0.00012048
-0.00012097
-0.00012146
-0.00012194
-0.00012243
-0.00012291
-0.00012338
-0.00012386
-0.00012433
-0.0001248
-0.00012527
-0.00012574
-0.0001262
-0.00012666
-0.00012712
-0.00012758
-0.00012804
-0.00012849
-0.00012894
-0.00012939
-0.00012984
-0.00013028
-0.00013072
-0.00013116
-0.0001316
-0.00013203
-0.00013247
-0.0001329
-0.00013333
-0.00013375
-0.00013418
-0.0001346
-0.00013502
-0.00013544
-0.00013585
-0.00013626
-0.00013667
-0.00013708
-0.00013749
-0.00013789
-0.0001383
-0.0001387
-0.00013909
-0.00013949
-0.00013988
-0.00014027
-0.00014066
-0.00014105
-0.00014143
-0.00014182
-0.0001422
-0.00014257
-0.00014295
-0.00014332
-0.0001437
-0.00014407
-0.00014443
-0.0001448
-0.00014516
-0.00014552
-0.00014588
-0.00014624
-0.00014659
-0.00014694
-0.00014729
-0.00014764
-0.00014799
-0.00014833
-0.00014867
-0.00014901
-0.00014935
-0.00014968
-0.00015002
-0.00015035
-0.00015068
-0.000151
-0.00015133
-0.00015165
-0.00015197
-0.00015229
-0.0001526
-0.00015292
-0.00015323
-0.00015354
-0.00015385
-0.00015415
-0.00015446
-0.00015476
-0.00015506
-0.00015535
-0.00015565
-0.00015594
-0.00015623
-0.00015652
-0.00015681
-0.00015709
-0.00015738
-0.00015766
-0.00015794
-0.00015821
-0.00015849
-0.00015876
-0.00015903
-0.0001593
-0.00015957
-0.00015983
-0.00016009
-0.00016035
-0.00016061
-0.00016087
-0.00016112
-0.00016138
-0.00016163
-0.00016188
-0.00016212
-0.00016237
-0.00016261
-0.00016285
-0.00016309
-0.00016333
-0.00016356
-0.00016379
-0.00016402
-0.00016425
-0.00016448
-0.0001647
-0.00016493
-0.00016515
-0.00016537
-0.00016558
-0.0001658
-0.00016601
-0.00016622
-0.00016643
-0.00016664
-0.00016684
-0.00016705
-0.00016725
-0.00016745
-0.00016765
-0.00016784
-0.00016804
-0.00016823
-0.00016842
-0.00016861
-0.00016879
-0.00016898
-0.00016916
-0.00016934
-0.00016952
-0.0001697
-0.00016987
-0.00017005
-0.00017022
-0.00017039
-0.00017056
-0.00017072
-0.00017089
-0.00017105
-0.00017121
-0.00017137
-0.00017153
-0.00017168
-0.00017184
-0.00017199
-0.00017214
-0.00017229
-0.00017243
-0.00017258
-0.00017272
-0.00017286
-0.000173
-0.00017314
-0.00017327
-0.00017341
-0.00017354
-0.00017367
-0.0001738
-0.00017392
-0.00017405
-0.00017417
-0.00017429
-0.00017441
-0.00017453
-0.00017465
-0.00017476
-0.00017488
-0.00017499
-0.0001751
-0.00017521
-0.00017531
-0.00017542
-0.00017552
-0.00017562
-0.00017572
-0.00017582
-0.00017592
-0.00017601
-0.0001761
-0.00017619
-0.00017628
-0.00017637
-0.00017646
-0.00017654
-0.00017663
-0.00017671
-0.00017679
-0.00017687
-0.00017694
-0.00017702
-0.00017709
-0.00017716
-0.00017723
-0.0001773
-0.00017737
-0.00017744
-0.0001775
-0.00017756
-0.00017762
-0.00017768
-0.00017774
-0.0001778
-0.00017785
-0.0001779
-0.00017796
-0.00017801
-0.00017805
-0.0001781
-0.00017815
-0.00017819
-0.00017823
-0.00017828
-0.00017831
-0.00017835
-0.00017839
-0.00017842
-0.00017846
-0.00017849
-0.00017852
-0.00017855
-0.00017858
-0.0001786
-0.00017863
-0.00017865
-0.00017867
-0.0001787
-0.00017871
-0.00017873
-0.00017875
-0.00017876
-0.00017878
-0.00017879
-0.0001788
-0.00017881
-0.00017882
-0.00017882
-0.00017883
-0.00017883
-0.00017884
-0.00017884
-0.00017884
-0.00017883
-0.00017883
-0.00017883
-0.00017882
-0.00017881
-0.00017881
-0.0001788
-0.00017878
-0.00017877
-0.00017876
-0.00017874
-0.00017873
-0.00017871
-0.00017869
-0.00017867
-0.00017865
-0.00017863
-0.0001786
-0.00017858
-0.00017855
-0.00017852
-0.00017849
-0.00017846
-0.00017843
-0.0001784
-0.00017837
-0.00017833
-0.00017829
-0.00017826
-0.00017822
-0.00017818
-0.00017814
-0.00017809
-0.00017805
-0.000178
-0.00017796
-0.00017791
-0.00017786
-0.00017781
-0.00017776
-0.00017771
-0.00017766
-0.0001776
-0.00017755
-0.00017749
-0.00017743
-0.00017737
-0.00017731
-0.00017725
-0.00017719
-0.00017713
-0.00017706
-0.000177
-0.00017693
-0.00017686
-0.00017679
-0.00017672
-0.00017665
-0.00017658
-0.00017651
-0.00017643
-0.00017636
-0.00017628
-0.00017621
-0.00017613
-0.00017605
-0.00017597
-0.00017589
-0.0001758
-0.00017572
-0.00017563
-0.00017555
-0.00017546
-0.00017537
-0.00017529
-0.0001752
-0.00017511
-0.00017501
-0.00017492
-0.00017483
-0.00017473
-0.00017464
-0.00017454
-0.00017444
-0.00017434
-0.00017425
-0.00017415
-0.00017404
-0.00017394
-0.00017384
-0.00017373
-0.00017363
-0.00017352
-0.00017342
-0.00017331
-0.0001732
-0.00017309
-0.00017298
-0.00017287
-0.00017276
-0.00017264
-0.00017253
-0.00017241
-0.0001723
-0.00017218
-0.00017207
-0.00017195
-0.00017183
-0.00017171
-0.00017159
-0.00017147
-0.00017134
-0.00017122
-0.0001711
-0.00017097
-0.00017084
-0.00017072
-0.00017059
-0.00017046
-0.00017033
-0.0001702
-0.00017007
-0.00016994
-0.00016981
-0.00016968
-0.00016954
-0.00016941
-0.00016927
-0.00016914
-0.000169
-0.00016886
-0.00016872
-0.00016859
-0.00016845
-0.00016831
-0.00016816
-0.00016802
-0.00016788
-0.00016774
-0.00016759
-0.00016745
-0.0001673
-0.00016716
-0.00016701
-0.00016686
-0.00016671
-0.00016657
-0.00016642
-0.00016627
-0.00016611
-0.00016596
-0.00016581
-0.00016566
-0.0001655
-0.00016535
-0.0001652
-0.00016504
-0.00016488
-0.00016473
-0.00016457
-0.00016441
-0.00016425
-0.00016409
-0.00016393
-0.00016377
-0.00016361
-0.00016345
-0.00016329
-0.00016313
-0.00016296
-0.0001628
-0.00016264
-0.00016247
-0.0001623
-0.00016214
-0.00016197
-0.0001618
-0.00016164
-0.00016147
-0.0001613
-0.00016113
-0.00016096
-0.00016079
-0.00016062
-0.00016045
-0.00016027
-0.0001601
-0.00015993
-0.00015975
-0.00015958
-0.00015941
-0.00015923
-0.00015906
-0.00015888
-0.0001587
-0.00015853
-0.00015835
-0.00015817
-0.00015799
-0.00015781
-0.00015763
-0.00015745
-0.00015727
-0.00015709
-0.00015691
-0.00015673
-0.00015655
-0.00015636
-0.00015618
-0.000156
-0.00015581
-0.00015563
-0.00015544
-0.00015526
-0.00015507
-0.00015489
-0.0001547
-0.00015451
-0.00015433
-0.00015414
-0.00015395
-0.00015376
-0.00015357
-0.00015338
-0.0001532
-0.00015301
-0.00015281
-0.00015262
-0.00015243
-0.00015224
-0.00015205
-0.00015186
-0.00015167
-0.00015147
-0.00015128
-0.00015109
-0.00015089
-0.0001507
-0.0001505
-0.00015031
-0.00015011
-0.00014992
-0.00014972
-0.00014953
-0.00014933
-0.00014913
-0.00014894
-0.00014874
-0.00014854
-0.00014834
-0.00014815
-0.00014795
-0.00014775
-0.00014755
-0.00014735
-0.00014715
-0.00014695
-0.00014675
-0.00014655
-0.00014635
-0.00014615
-0.00014595
-0.00014575
-0.00014555
-0.00014534
-0.00014514
-0.00014494
-0.00014474
-0.00014453
-0.00014433
-0.00014413
-0.00014392
-0.00014372
-0.00014352
-0.00014331
-0.00014311
-0.0001429
-0.0001427
-0.00014249
-0.00014229
-0.00014208
-0.00014188
-0.00014167
-0.00014147
-0.00014126
-0.00014105
-0.00014085
-0.00014064
-0.00014043
-0.00014023
-0.00014002
-0.00013981
-0.0001396
-0.0001394
-0.00013919
-0.00013898
-0.00013877
-0.00013856
-0.00013836
-0.00013815
-0.00013794
-0.00013773
-0.00013752
-0.00013731
-0.0001371
-0.00013689
-0.00013668
-0.00013647
-0.00013626
-0.00013605
-0.00013584
-0.00013563
-0.00013542
-0.00013521
-0.000135
-0.00013479
-0.00013458
-0.00013437
-0.00013416
-0.00013395
-0.00013374
-0.00013353
-0.00013332
-0.00013311
-0.00013289
-0.00013268
-0.00013247
-0.00013226
-0.00013205
-0.00013184
-0.00013163
-0.00013141
-0.0001312
-0.00013099
-0.00013078
-0.00013057
-0.00013035
-0.00013014
-0.00012993
-0.00012972
-0.00012951
-0.00012929
-0.00012908
-0.00012887
-0.00012866
-0.00012844
-0.00012823
-0.00012802
-0.00012781
-0.00012759
-0.00012738
-0.00012717
-0.00012696
-0.00012674
-0.00012653
-0.00012632
-0.00012611
-0.00012589
-0.00012568
-0.00012547
-0.00012526
-0.00012504
-0.00012483
-0.00012462
-0.00012441
-0.00012419
-0.00012398
-0.00012377
-0.00012356
-0.00012334
-0.00012313
-0.00012292
-0.00012271
-0.00012249
-0.00012228
-0.00012207
-0.00012186
-0.00012164
-0.00012143
-0.00012122
-0.00012101
-0.0001208
-0.00012058
-0.00012037
-0.00012016
-0.00011995
-0.00011974
-0.00011952
-0.00011931
-0.0001191
-0.00011889
-0.00011868
-0.00011847
-0.00011826
-0.00011804
-0.00011783
-0.00011762
-0.00011741
-0.0001172
-0.00011699
-0.00011678
-0.00011657
-0.00011636
-0.00011615
-0.00011594
-0.00011573
-0.00011552
-0.00011531
-0.0001151
-0.00011489
-0.00011468
-0.00011447
-0.00011426
-0.00011405
-0.00011384
-0.00011363
-0.00011342
-0.00011321
-0.000113
-0.00011279
-0.00011258
-0.00011237
-0.00011216
-0.00011196
-0.00011175
-0.00011154
-0.00011133
-0.00011112
-0.00011092
-0.00011071
-0.0001105
-0.00011029
-0.00011009
-0.00010988
-0.00010967
-0.00010946
-0.00010926
-0.00010905
-0.00010884
-0.00010864
-0.00010843
-0.00010823
-0.00010802
-0.00010781
-0.00010761
-0.0001074
-0.0001072
-0.00010699
-0.00010679
-0.00010658
-0.00010638
-0.00010617
-0.00010597
-0.00010576
-0.00010556
-0.00010536
-0.00010515
-0.00010495
-0.00010475
-0.00010454
-0.00010434
-0.00010414
-0.00010393
-0.00010373
-0.00010353
-0.00010333
-0.00010312
-0.00010292
-0.00010272
-0.00010252
-0.00010232
-0.00010212
-0.00010192
-0.00010172
-0.00010152
-0.00010132
-0.00010111
-0.00010091
-0.00010072
-0.00010052
-0.00010032
-0.00010012
-9.9918e-05
-9.9719e-05
-9.9521e-05
-9.9322e-05
-9.9124e-05
-9.8926e-05
-9.8728e-05
-9.8531e-05
-9.8333e-05
-9.8136e-05
-9.7939e-05
-9.7742e-05
-9.7546e-05
-9.735e-05
-9.7153e-05
-9.6958e-05
-9.6762e-05
-9.6566e-05
-9.6371e-05
-9.6176e-05
-9.5981e-05
-9.5787e-05
-9.5592e-05
-9.5398e-05
-9.5204e-05
-9.5011e-05
-9.4817e-05
-9.4624e-05
-9.4431e-05
-9.4238e-05
-9.4045e-05
-9.3853e-05
-9.3661e-05
-9.3469e-05
-9.3277e-05
-9.3086e-05
-9.2895e-05
-9.2704e-05
-9.2513e-05
-9.2323e-05
-9.2132e-05
-9.1942e-05
-9.1753e-05
-9.1563e-05
-9.1374e-05
-9.1185e-05
-9.0996e-05
-9.0807e-05
-9.0619e-05
-9.0431e-05
-9.0243e-05
-9.0055e-05
-8.9868e-05
-8.9681e-05
-8.9494e-05
-8.9308e-05
-8.9121e-05
-8.8935e-05
-8.8749e-05
-8.8564e-05
-8.8378e-05
-8.8193e-05
-8.8009e-05
-8.7824e-05
-8.764e-05
-8.7456e-05
-8.7272e-05
-8.7088e-05
-8.6905e-05
-8.6722e-05
-8.6539e-05
-8.6357e-05
-8.6175e-05
-8.5993e-05
-8.5811e-05
-8.5629e-05
-8.5448e-05
-8.5267e-05
-8.5087e-05
-8.4906e-05
-8.4726e-05
-8.4546e-05
-8.4367e-05
-8.4188e-05
-8.4009e-05
-8.383e-05
-8.3651e-05
-8.3473e-05
-8.3295e-05
-8.3118e-05
-8.294e-05
-8.2763e-05
-8.2586e-05
-8.241e-05
-8.2233e-05
-8.2057e-05
-8.1882e-05
-8.1706e-05
-8.1531e-05
-8.1356e-05
-8.1182e-05
-8.1007e-05
-8.0833e-05
-8.0659e-05
-8.0486e-05
-8.0313e-05
-8.014e-05
-7.9967e-05
-7.9795e-05
-7.9623e-05
-7.9451e-05
-7.928e-05
-7.9108e-05
-7.8938e-05
-7.8767e-05
-7.8597e-05
-7.8427e-05
-7.8257e-05
-7.8087e-05
-7.7918e-05
-7.7749e-05
-7.7581e-05
-7.7412e-05
-7.7244e-05
-7.7077e-05
-7.6909e-05
-7.6742e-05
-7.6575e-05
-7.6409e-05
-7.6243e-05
-7.6077e-05
-7.5911e-05
-7.5746e-05
-7.5581e-05
-7.5416e-05
-7.5252e-05
-7.5087e-05
-7.4924e-05
-7.476e-05
-7.4597e-05
-7.4434e-05
-7.4271e-05
-7.4109e-05
-7.3947e-05
-7.3785e-05
-7.3624e-05
-7.3463e-05
-7.3302e-05
-7.3141e-05
-7.2981e-05
-7.2821e-05
-7.2662e-05
-7.2502e-05
-7.2343e-05
-7.2185e-05
-7.2026e-05
-7.1868e-05
-7.171e-05
-7.1553e-05
-7.1396e-05
-7.1239e-05
-7.1083e-05
-7.0926e-05
-7.077e-05
-7.0615e-05
-7.046e-05
-7.0305e-05
-7.015e-05
-6.9996e-05
-6.9842e-05
-6.9688e-05
-6.9534e-05
-6.9381e-05
-6.9229e-05
-6.9076e-05
-6.8924e-05
-6.8772e-05
-6.8621e-05
-6.8469e-05
-6.8318e-05
-6.8168e-05
-6.8018e-05
-6.7868e-05
-6.7718e-05
-6.7569e-05
-6.742e-05
-6.7271e-05
-6.7123e-05
-6.6975e-05
-6.6827e-05
-6.668e-05
-6.6532e-05
-6.6386e-05
-6.6239e-05
-6.6093e-05
-6.5947e-05
-6.5802e-05
-6.5657e-05
-6.5512e-05
-6.5367e-05
-6.5223e-05
-6.5079e-05
-6.4936e-05
-6.4792e-05
-6.4649e-05
-6.4507e-05
-6.4365e-05
-6.4223e-05
-6.4081e-05
-6.394e-05
-6.3799e-05
-6.3658e-05
-6.3518e-05
-6.3378e-05
-6.3238e-05
-6.3099e-05
-6.296e-05
-6.2821e-05
-6.2682e-05
-6.2544e-05
-6.2407e-05
-6.2269e-05
-6.2132e-05
-6.1995e-05
-6.1859e-05
-6.1723e-05
-6.1587e-05
-6.1452e-05
-6.1316e-05
-6.1182e-05
-6.1047e-05
-6.0913e-05
-6.0779e-05
-6.0646e-05
-6.0513e-05
-6.038e-05
-6.0247e-05
-6.0115e-05
-5.9983e-05
-5.9852e-05
-5.972e-05
-5.959e-05
-5.9459e-05
-5.9329e-05
-5.9199e-05
-5.9069e-05
-5.894e-05
-5.8811e-05
-5.8683e-05
-5.8554e-05
-5.8426e-05
-5.8299e-05
-5.8172e-05
-5.8045e-05
-5.7918e-05
-5.7792e-05
-5.7666e-05
-5.754e-05
-5.7415e-05
-5.729e-05
-5.7165e-05
-5.7041e-05
-5.6917e-05
-5.6794e-05
-5.667e-05
-5.6547e-05
-5.6425e-05
-5.6302e-05
-5.618e-05
-5.6059e-05
-5.5937e-05
-5.5816e-05
-5.5696e-05
-5.5575e-05
-5.5456e-05
-5.5336e-05
-5.5217e-05
-5.5098e-05
-5.4979e-05
-5.4861e-05
-5.4743e-05
-5.4625e-05
-5.4508e-05
-5.439e-05
-5.4274e-05
-5.4157e-05
-5.4041e-05
-5.3926e-05
-5.381e-05
-5.3695e-05
-5.3581e-05
-5.3466e-05
-5.3352e-05
-5.3239e-05
-5.3125e-05
-5.3012e-05
-5.2899e-05
-5.2787e-05
-5.2675e-05
-5.2563e-05
-5.2452e-05
-5.2341e-05
-5.223e-05
-5.212e-05
-5.201e-05
-5.19e-05
-5.1791e-05
-5.1681e-05
-5.1573e-05
-5.1464e-05
-5.1356e-05
-5.1248e-05
-5.1141e-05
-5.1034e-05
-5.0927e-05
-5.0821e-05
-5.0715e-05
-5.0609e-05
-5.0503e-05
-5.0398e-05
-5.0293e-05
-5.0189e-05
-5.0085e-05
-4.9981e-05
-4.9877e-05
-4.9774e-05
-4.9671e-05
-4.9569e-05
-4.9467e-05
-4.9365e-05
-4.9263e-05
-4.9162e-05
-4.9061e-05
-4.8961e-05
-4.8861e-05
-4.8761e-05
-4.8661e-05
-4.8562e-05
-4.8463e-05
-4.8364e-05
-4.8266e-05
-4.8168e-05
-4.8071e-05
-4.7973e-05
-4.7876e-05
-4.778e-05
-4.7683e-05
-4.7587e-05
-4.7492e-05
-4.7396e-05
-4.7301e-05
-4.7207e-05
-4.7112e-05
-4.7018e-05
-4.6925e-05
-4.6831e-05
-4.6738e-05
-4.6645e-05
-4.6553e-05
-4.6461e-05
-4.6369e-05
-4.6278e-05
-4.6186e-05
-4.6096e-05
-4.6005e-05
-4.5915e-05
-4.5825e-05
-4.5735e-05
-4.5646e-05
-4.5557e-05
-4.5469e-05
-4.538e-05
-4.5292e-05
-4.5205e-05
-4.5117e-05
-4.503e-05
-4.4944e-05
-4.4857e-05
-4.4771e-05
-4.4685e-05
-4.46e-05
-4.4515e-05
-4.443e-05
-4.4346e-05
-4.4261e-05
-4.4177e-05
-4.4094e-05
-4.4011e-05
-4.3928e-05
-4.3845e-05
-4.3763e-05
-4.3681e-05
-4.3599e-05
-4.3518e-05
-4.3437e-05
-4.3356e-05
-4.3275e-05
-4.3195e-05
-4.3115e-05
-4.3036e-05
-4.2957e-05
-4.2878e-05
-4.2799e-05
-4.2721e-05
-4.2643e-05
-4.2565e-05
-4.2488e-05
-4.241e-05
-4.2334e-05
-4.2257e-05
-4.2181e-05
-4.2105e-05
-4.203e-05
-4.1954e-05
-4.1879e-05
-4.1805e-05
-4.173e-05
-4.1656e-05
-4.1582e-05
-4.1509e-05
-4.1436e-05
-4.1363e-05
-4.129e-05
-4.1218e-05
-4.1146e-05
-4.1074e-05
-4.1003e-05
-4.0932e-05
-4.0861e-05
-4.079e-05
-4.072e-05
-4.065e-05
-4.058e-05
-4.0511e-05
-4.0442e-05
-4.0373e-05
-4.0304e-05
-4.0236e-05
-4.0168e-05
-4.0101e-05
-4.0033e-05
-3.9966e-05
-3.9899e-05
-3.9833e-05
-3.9767e-05
-3.9701e-05
-3.9635e-05
-3.957e-05
-3.9505e-05
-3.944e-05
-3.9375e-05
-3.9311e-05
-3.9247e-05
-3.9183e-05
-3.912e-05
-3.9057e-05
-3.8994e-05
-3.8931e-05
-3.8869e-05
-3.8807e-05
-3.8745e-05
-3.8683e-05
-3.8622e-05
-3.8561e-05
-3.8501e-05
-3.844e-05
-3.838e-05
-3.832e-05
-3.826e-05
-3.8201e-05
-3.8142e-05
-3.8083e-05
-3.8024e-05
-3.7966e-05
-3.7908e-05
-3.785e-05
-3.7793e-05
-3.7736e-05
-3.7679e-05
-3.7622e-05
-3.7565e-05
-3.7509e-05
-3.7453e-05
-3.7397e-05
-3.7342e-05
-3.7287e-05
-3.7232e-05
-3.7177e-05
-3.7122e-05
-3.7068e-05
-3.7014e-05
-3.6961e-05
-3.6907e-05
-3.6854e-05
-3.6801e-05
-3.6748e-05
-3.6696e-05
-3.6643e-05
-3.6591e-05
-3.654e-05
-3.6488e-05
-3.6437e-05
-3.6386e-05
-3.6335e-05
-3.6284e-05
-3.6234e-05
-3.6184e-05
-3.6134e-05
-3.6084e-05
-3.6035e-05
-3.5986e-05
-3.5937e-05
-3.5888e-05
-3.584e-05
-3.5791e-05
-3.5743e-05
-3.5695e-05
-3.5648e-05
-3.5601e-05
-3.5553e-05
-3.5506e-05
-3.546e-05
-3.5413e-05
-3.5367e-05
-3.5321e-05
-3.5275e-05
-3.5229e-05
-3.5184e-05
-3.5139e-05
-3.5094e-05
-3.5049e-05
-3.5005e-05
-3.496e-05
-3.4916e-05
-3.4872e-05
-3.4828e-05
-3.4785e-05
-3.4742e-05
-3.4698e-05
-3.4655e-05
-3.4613e-05
-3.457e-05
-3.4528e-05
-3.4486e-05
-3.4444e-05
-3.4402e-05
-3.4361e-05
-3.4319e-05
-3.4278e-05
-3.4237e-05
-3.4196e-05
-3.4156e-05
-3.4115e-05
-3.4075e-05
-3.4035e-05
-3.3995e-05
-3.3956e-05
-3.3916e-05
-3.3877e-05
-3.3838e-05
-3.3799e-05
-3.376e-05
-3.3721e-05
-3.3683e-05
-3.3645e-05
-3.3607e-05
-3.3569e-05
-3.3531e-05
-3.3493e-05
-3.3456e-05
-3.3419e-05
-3.3382e-05
-3.3345e-05
-3.3308e-05
-3.3271e-05
-3.3235e-05
-3.3199e-05
-3.3163e-05
-3.3127e-05
-3.3091e-05
-3.3055e-05
-3.302e-05
-3.2985e-05
-3.2949e-05
-3.2914e-05
-3.2879e-05
-3.2845e-05
-3.281e-05
-3.2776e-05
-3.2741e-05
-3.2707e-05
-3.2673e-05
-3.2639e-05
-3.2606e-05
-3.2572e-05
-3.2538e-05
-3.2505e-05
-3.2472e-05
-3.2439e-05
-3.2406e-05
-3.2373e-05
-3.234e-05
-3.2308e-05
-3.2275e-05
-3.2243e-05
-3.2211e-05
-3.2179e-05
-3.2147e-05
-3.2115e-05
-3.2084e-05
-3.2052e-05
-3.202e-05
-3.1989e-05
-3.1958e-05
-3.1927e-05
-3.1896e-05
-3.1865e-05
-3.1834e-05
-3.1803e-05
-3.1773e-05
-3.1742e-05
-3.1712e-05
-3.1682e-05
-3.1651e-05
-3.1621e-05
-3.1591e-05
-3.1562e-05
-3.1532e-05
-3.1502e-05
-3.1472e-05
-3.1443e-05
-3.1414e-05
-3.1384e-05
-3.1355e-05
-3.1326e-05
-3.1297e-05
-3.1268e-05
-3.1239e-05
-3.121e-05
-3.1181e-05
-3.1153e-05
-3.1124e-05
-3.1096e-05
-3.1067e-05
-3.1039e-05
-3.101e-05
-3.0982e-05
-3.0954e-05
-3.0926e-05
-3.0898e-05
-3.087e-05
-3.0842e-05
-3.0814e-05
-3.0787e-05
-3.0759e-05
-3.0731e-05
-3.0704e-05
-3.0676e-05
-3.0649e-05
-3.0621e-05
-3.0594e-05
-3.0567e-05
-3.054e-05
-3.0512e-05
-3.0485e-05
-3.0458e-05
-3.0431e-05
-3.0404e-05
-3.0377e-05
-3.035e-05
-3.0323e-05
-3.0297e-05
-3.027e-05
-3.0243e-05
-3.0216e-05
-3.019e-05
-3.0163e-05
-3.0136e-05
-3.011e-05
-3.0083e-05
-3.0057e-05
-3.003e-05
-3.0004e-05
-2.9977e-05
-2.9951e-05
-2.9925e-05
-2.9898e-05
-2.9872e-05
-2.9846e-05
-2.9819e-05
-2.9793e-05
-2.9767e-05
-2.974e-05
-2.9714e-05
-2.9688e-05
-2.9662e-05
-2.9636e-05
-2.9609e-05
-2.9583e-05
-2.9557e-05
-2.9531e-05
-2.9505e-05
-2.9479e-05
-2.9453e-05
-2.9426e-05
-2.94e-05
-2.9374e-05
-2.9348e-05
-2.9322e-05
-2.9296e-05
-2.927e-05
-2.9244e-05
-2.9217e-05
-2.9191e-05
-2.9165e-05
-2.9139e-05
-2.9113e-05
-2.9087e-05
-2.9061e-05
-2.9034e-05
-2.9008e-05
-2.8982e-05
-2.8956e-05
-2.8929e-05
-2.8903e-05
-2.8877e-05
-2.8851e-05
-2.8824e-05
-2.8798e-05
-2.8772e-05
-2.8745e-05
-2.8719e-05
-2.8692e-05
-2.8666e-05
-2.864e-05
-2.8613e-05
-2.8587e-05
-2.856e-05
-2.8533e-05
-2.8507e-05
-2.848e-05
-2.8454e-05
-2.8427e-05
-2.84e-05
-2.8373e-05
-2.8347e-05
-2.832e-05
-2.8293e-05
-2.8266e-05
-2.8239e-05
-2.8212e-05
-2.8185e-05
-2.8158e-05
-2.8131e-05
-2.8104e-05
-2.8077e-05
-2.805e-05
-2.8023e-05
-2.7995e-05
-2.7968e-05
-2.7941e-05
-2.7913e-05
-2.7886e-05
-2.7858e-05
-2.7831e-05
-2.7803e-05
-2.7776e-05
-2.7748e-05
-2.772e-05
-2.7693e-05
-2.7665e-05
-2.7637e-05
-2.7609e-05
-2.7581e-05
-2.7553e-05
-2.7525e-05
-2.7497e-05
-2.7469e-05
-2.7441e-05
-2.7412e-05
-2.7384e-05
-2.7356e-05
-2.7327e-05
-2.7299e-05
-2.7271e-05
-2.7242e-05
-2.7213e-05
-2.7185e-05
-2.7156e-05
-2.7127e-05
-2.7098e-05
-2.707e-05
-2.7041e-05
-2.7012e-05
-2.6983e-05
-2.6954e-05
-2.6924e-05
-2.6895e-05
-2.6866e-05
-2.6837e-05
-2.6807e-05
-2.6778e-05
-2.6748e-05
-2.6719e-05
-2.6689e-05
-2.666e-05
-2.663e-05
-2.66e-05
-2.657e-05
-2.654e-05
-2.6511e-05
-2.6481e-05
-2.645e-05
-2.642e-05
-2.639e-05
-2.636e-05
-2.633e-05
-2.6299e-05
-2.6269e-05
-2.6239e-05
-2.6208e-05
-2.6178e-05
-2.6147e-05
-2.6116e-05
-2.6086e-05
-2.6055e-05
-2.6024e-05
-2.5993e-05
-2.5962e-05
-2.5931e-05
-2.59e-05
-2.5869e-05
-2.5838e-05
-2.5807e-05
-2.5775e-05
-2.5744e-05
-2.5713e-05
-2.5681e-05
-2.565e-05
-2.5618e-05
-2.5587e-05
-2.5555e-05
-2.5523e-05
-2.5491e-05
-2.546e-05
-2.5428e-05
-2.5396e-05
-2.5364e-05
-2.5332e-05
-2.53e-05
-2.5268e-05
-2.5236e-05
-2.5203e-05
-2.5171e-05
-2.5139e-05
-2.5107e-05
-2.5074e-05
-2.5042e-05
-2.5009e-05
-2.4977e-05
-2.4944e-05
-2.4912e-05
-2.4879e-05
-2.4846e-05
-2.4813e-05
-2.4781e-05
-2.4748e-05
-2.4715e-05
-2.4682e-05
-2.4649e-05
-2.4616e-05
-2.4583e-05
-2.455e-05
-2.4517e-05
-2.4484e-05
-2.445e-05
-2.4417e-05
-2.4384e-05
-2.4351e-05
-2.4317e-05
-2.4284e-05
-2.425e-05
-2.4217e-05
-2.4183e-05
-2.415e-05
-2.4116e-05
-2.4083e-05
-2.4049e-05
-2.4016e-05
-2.3982e-05
-2.3948e-05
-2.3914e-05
-2.3881e-05
-2.3847e-05
-2.3813e-05
-2.3779e-05
-2.3745e-05
-2.3711e-05
-2.3677e-05
-2.3643e-05
-2.3609e-05
-2.3575e-05
-2.3541e-05
-2.3507e-05
-2.3473e-05
-2.3439e-05
-2.3405e-05
-2.3371e-05
-2.3337e-05
-2.3302e-05
-2.3268e-05
-2.3234e-05
-2.32e-05
-2.3165e-05
-2.3131e-05
-2.3097e-05
-2.3063e-05
-2.3028e-05
-2.2994e-05
-2.2959e-05
-2.2925e-05
-2.2891e-05
-2.2856e-05
-2.2822e-05
-2.2787e-05
-2.2753e-05
-2.2718e-05
-2.2684e-05
-2.265e-05
-2.2615e-05
-2.258e-05
-2.2546e-05
-2.2511e-05
-2.2477e-05
-2.2442e-05
-2.2408e-05
-2.2373e-05
-2.2339e-05
-2.2304e-05
-2.227e-05
-2.2235e-05
-2.22e-05
-2.2166e-05
-2.2131e-05
-2.2097e-05
-2.2062e-05
-2.2027e-05
-2.1993e-05
-2.1958e-05
-2.1923e-05
-2.1889e-05
-2.1854e-05
-2.182e-05
-2.1785e-05
-2.175e-05
-2.1716e-05
-2.1681e-05
-2.1646e-05
-2.1612e-05
-2.1577e-05
-2.1542e-05
-2.1508e-05
-2.1473e-05
-2.1438e-05
-2.1404e-05
-2.1369e-05
-2.1334e-05
-2.13e-05
-2.1265e-05
-2.123e-05
-2.1196e-05
