0.00027872
0.00027919
0.00027967
0.00028014
0.00028061
0.00028109
0.00028156
0.00028203
0.00028251
0.00028298
0.00028345
0.00028393
0.0002844
0.00028487
0.00028535
0.00028582
0.00028629
0.00028677
0.00028724
0.00028771
0.00028818
0.00028866
0.00028913
0.0002896
0.00029008
0.00029055
0.00029102
0.0002915
0.00029197
0.00029244
0.00029291
0.00029339
0.00029386
0.00029433
0.0002948
0.00029528
0.00029575
0.00029622
0.00029669
0.00029716
0.00029764
0.00029811
0.00029858
0.00029905
0.00029952
0.00029999
0.00030046
0.00030093
0.0003014
0.00030187
0.00030234
0.00030281
0.00030328
0.00030375
0.00030422
0.00030469
0.00030516
0.00030563
0.0003061
0.00030657
0.00030703
0.0003075
0.00030797
0.00030844
0.0003089
0.00030937
0.00030984
0.0003103
0.00031077
0.00031123
0.0003117
0.00031216
0.00031263
0.00031309
0.00031356
0.00031402
0.00031448
0.00031495
0.00031541
0.00031587
0.00031633
0.00031679
0.00031726
0.00031772
0.00031818
0.00031864
0.0003191
0.00031955
0.00032001
0.00032047
0.00032093
0.00032139
0.00032184
0.0003223
0.00032275
0.00032321
0.00032366
0.00032412
0.00032457
0.00032502
0.00032548
0.00032593
0.00032638
0.00032683
0.00032728
0.00032773
0.00032818
0.00032863
0.00032908
0.00032953
0.00032998
0.00033042
0.00033087
0.00033131
0.00033176
0.0003322
0.00033265
0.00033309
0.00033353
0.00033397
0.00033442
0.00033486
0.0003353
0.00033574
0.00033617
0.00033661
0.00033705
0.00033749
0.00033792
0.00033836
0.00033879
0.00033923
0.00033966
0.00034009
0.00034053
0.00034096
0.00034139
0.00034182
0.00034225
0.00034268
0.0003431
0.00034353
0.00034396
0.00034438
0.00034481
0.00034523
0.00034566
0.00034608
0.0003465
0.00034692
0.00034734
0.00034776
0.00034818
0.0003486
0.00034902
0.00034944
0.00034986
0.00035027
0.00035069
0.0003511
0.00035151
0.00035193
0.00035234
0.00035275
0.00035316
0.00035357
0.00035398
0.00035439
0.0003548
0.00035521
0.00035561
0.00035602
0.00035642
0.00035683
0.00035723
0.00035763
0.00035804
0.00035844
0.00035884
0.00035924
0.00035964
0.00036004
0.00036044
0.00036083
0.00036123
0.00036163
0.00036202
0.00036242
0.00036281
0.0003632
0.0003636
0.00036399
0.00036438
0.00036477
0.00036516
0.00036555
0.00036594
0.00036633
0.00036672
0.00036711
0.00036749
0.00036788
0.00036826
0.00036865
0.00036903
0.00036942
0.0003698
0.00037018
0.00037056
0.00037095
0.00037133
0.00037171
0.00037209
0.00037247
0.00037285
0.00037323
0.0003736
0.00037398
0.00037436
0.00037473
0.00037511
0.00037549
0.00037586
0.00037624
0.00037661
0.00037699
0.00037736
0.00037773
0.00037811
0.00037848
0.00037885
0.00037922
0.00037959
0.00037997
0.00038034
0.00038071
0.00038108
0.00038145
0.00038182
0.00038219
0.00038256
0.00038293
0.00038329
0.00038366
0.00038403
0.0003844
0.00038477
0.00038514
0.0003855
0.00038587
0.00038624
0.00038661
0.00038697
0.00038734
0.00038771
0.00038807
0.00038844
0.00038881
0.00038917
0.00038954
0.00038991
0.00039027
0.00039064
0.00039101
0.00039138
0.00039174
0.00039211
0.00039248
0.00039284
0.00039321
0.00039358
0.00039395
0.00039431
0.00039468
0.00039505
0.00039542
0.00039579
0.00039616
0.00039652
0.00039689
0.00039726
0.00039763
0.000398
0.00039837
0.00039874
0.00039912
0.00039949
0.00039986
0.00040023
0.0004006
0.00040098
0.00040135
0.00040172
0.0004021
0.00040247
0.00040285
0.00040322
0.0004036
0.00040398
0.00040436
0.00040473
0.00040511
0.00040549
0.00040587
0.00040625
0.00040663
0.00040702
0.0004074
0.00040778
0.00040817
0.00040855
0.00040894
0.00040932
0.00040971
0.0004101
0.00041049
0.00041088
0.00041127
0.00041166
0.00041205
0.00041244
0.00041284
0.00041323
0.00041363
0.00041402
0.00041442
0.00041482
0.00041522
0.00041562
0.00041602
0.00041643
0.00041683
0.00041724
0.00041764
0.00041805
0.00041846
0.00041887
0.00041928
0.00041969
0.00042011
0.00042052
0.00042094
0.00042135
0.00042177
0.00042219
0.00042261
0.00042304
0.00042346
0.00042388
0.00042431
0.00042474
0.00042517
0.0004256
0.00042603
0.00042647
0.0004269
0.00042734
0.00042778
0.00042822
0.00042866
0.0004291
0.00042954
0.00042999
0.00043044
0.00043089
0.00043134
0.00043179
0.00043225
0.0004327
0.00043316
0.00043362
0.00043408
0.00043455
0.00043501
0.00043548
0.00043595
0.00043642
0.00043689
0.00043736
0.00043784
0.00043832
0.0004388
0.00043928
0.00043976
0.00044025
0.00044074
0.00044123
0.00044172
0.00044221
0.00044271
0.00044321
0.00044371
0.00044421
0.00044471
0.00044522
0.00044573
0.00044624
0.00044675
0.00044727
0.00044778
0.0004483
0.00044883
0.00044935
0.00044988
0.0004504
0.00045094
0.00045147
0.000452
0.00045254
0.00045308
0.00045363
0.00045417
0.00045472
0.00045527
0.00045582
0.00045638
0.00045693
0.00045749
0.00045806
0.00045862
0.00045919
0.00045976
0.00046033
0.00046091
0.00046149
0.00046207
0.00046265
0.00046324
0.00046382
0.00046441
0.00046501
0.00046561
0.0004662
0.00046681
0.00046741
0.00046802
0.00046863
0.00046924
0.00046986
0.00047048
0.0004711
0.00047172
0.00047235
0.00047298
0.00047361
0.00047425
0.00047489
0.00047553
0.00047617
0.00047682
0.00047747
0.00047813
0.00047878
0.00047944
0.0004801
0.00048077
0.00048144
0.00048211
0.00048279
0.00048346
0.00048415
0.00048483
0.00048552
0.00048621
0.0004869
0.0004876
0.0004883
0.000489
0.00048971
0.00049042
0.00049113
0.00049185
0.00049256
0.00049329
0.00049401
0.00049474
0.00049547
0.00049621
0.00049695
0.00049769
0.00049844
0.00049919
0.00049994
0.0005007
0.00050145
0.00050222
0.00050298
0.00050375
0.00050453
0.0005053
0.00050608
0.00050687
0.00050765
0.00050844
0.00050924
0.00051003
0.00051084
0.00051164
0.00051245
0.00051326
0.00051407
0.00051489
0.00051572
0.00051654
0.00051737
0.0005182
0.00051904
0.00051988
0.00052073
0.00052157
0.00052243
0.00052328
0.00052414
0.000525
0.00052587
0.00052674
0.00052761
0.00052849
0.00052937
0.00053026
0.00053114
0.00053204
0.00053293
0.00053383
0.00053474
0.00053564
0.00053656
0.00053747
0.00053839
0.00053931
0.00054024
0.00054117
0.00054211
0.00054305
0.00054399
0.00054493
0.00054588
0.00054684
0.0005478
0.00054876
0.00054972
0.00055069
0.00055167
0.00055265
0.00055363
0.00055461
0.0005556
0.0005566
0.0005576
0.0005586
0.0005596
0.00056061
0.00056163
0.00056265
0.00056367
0.00056469
0.00056572
0.00056676
0.0005678
0.00056884
0.00056989
0.00057094
0.00057199
0.00057305
0.00057411
0.00057518
0.00057625
0.00057733
0.00057841
0.00057949
0.00058058
0.00058167
0.00058277
0.00058387
0.00058497
0.00058608
0.00058719
0.00058831
0.00058943
0.00059056
0.00059169
0.00059282
0.00059396
0.0005951
0.00059625
0.0005974
0.00059856
0.00059972
0.00060088
0.00060205
0.00060322
0.0006044
0.00060558
0.00060677
0.00060795
0.00060915
0.00061035
0.00061155
0.00061276
0.00061397
0.00061518
0.0006164
0.00061763
0.00061886
0.00062009
0.00062133
0.00062257
0.00062381
0.00062507
0.00062632
0.00062758
0.00062884
0.00063011
0.00063138
0.00063266
0.00063394
0.00063523
0.00063652
0.00063781
0.00063911
0.00064041
0.00064172
0.00064303
0.00064435
0.00064567
0.000647
0.00064833
0.00064966
0.000651
0.00065234
0.00065369
0.00065504
0.0006564
0.00065776
0.00065912
0.00066049
0.00066187
0.00066325
0.00066463
0.00066602
0.00066741
0.00066881
0.00067021
0.00067162
0.00067303
0.00067444
0.00067586
0.00067729
0.00067871
0.00068015
0.00068158
0.00068303
0.00068447
0.00068592
0.00068738
0.00068884
0.00069031
0.00069177
0.00069325
0.00069473
0.00069621
0.0006977
0.00069919
0.00070069
0.00070219
0.00070369
0.0007052
0.00070672
0.00070824
0.00070976
0.00071129
0.00071282
0.00071436
0.0007159
0.00071745
0.000719
0.00072056
0.00072212
0.00072368
0.00072525
0.00072683
0.00072841
0.00072999
0.00073158
0.00073317
0.00073477
0.00073637
0.00073798
0.00073959
0.0007412
0.00074282
0.00074445
0.00074608
0.00074771
0.00074935
0.00075099
0.00075264
0.00075429
0.00075595
0.00075761
0.00075928
0.00076095
0.00076262
0.00076431
0.00076599
0.00076768
0.00076937
0.00077107
0.00077278
0.00077448
0.0007762
0.00077791
0.00077963
0.00078136
0.00078309
0.00078483
0.00078657
0.00078831
0.00079006
0.00079182
0.00079358
0.00079534
0.00079711
0.00079888
0.00080066
0.00080244
0.00080423
0.00080602
0.00080781
0.00080961
0.00081142
0.00081323
0.00081504
0.00081686
0.00081868
0.00082051
0.00082234
0.00082418
0.00082602
0.00082787
0.00082972
0.00083158
0.00083344
0.0008353
0.00083717
0.00083905
0.00084093
0.00084281
0.0008447
0.00084659
0.00084849
0.00085039
0.0008523
0.00085421
0.00085613
0.00085805
0.00085997
0.0008619
0.00086384
0.00086578
0.00086772
0.00086967
0.00087162
0.00087358
0.00087554
0.00087751
0.00087948
0.00088146
0.00088344
0.00088542
0.00088741
0.00088941
0.0008914
0.00089341
0.00089542
0.00089743
0.00089945
0.00090147
0.0009035
0.00090553
0.00090756
0.0009096
0.00091165
0.0009137
0.00091575
0.00091781
0.00091987
0.00092194
0.00092402
0.00092609
0.00092817
0.00093026
0.00093235
0.00093445
0.00093655
0.00093865
0.00094076
0.00094287
0.00094499
0.00094712
0.00094924
0.00095138
0.00095351
0.00095565
0.0009578
0.00095995
0.0009621
0.00096426
0.00096643
0.0009686
0.00097077
0.00097295
0.00097513
0.00097731
0.00097951
0.0009817
0.0009839
0.00098611
0.00098831
0.00099053
0.00099275
0.00099497
0.0009972
0.00099943
0.0010017
0.0010039
0.0010062
0.0010084
0.0010107
0.0010129
0.0010152
0.0010174
0.0010197
0.001022
0.0010243
0.0010266
0.0010289
0.0010311
0.0010334
0.0010357
0.0010381
0.0010404
0.0010427
0.001045
0.0010473
0.0010497
0.001052
0.0010543
0.0010567
0.001059
0.0010614
0.0010637
0.0010661
0.0010685
0.0010708
0.0010732
0.0010756
0.001078
0.0010804
0.0010827
0.0010851
0.0010875
0.00109
0.0010924
0.0010948
0.0010972
0.0010996
0.001102
0.0011045
0.0011069
0.0011094
0.0011118
0.0011142
0.0011167
0.0011192
0.0011216
0.0011241
0.0011266
0.001129
0.0011315
0.001134
0.0011365
0.001139
0.0011415
0.001144
0.0011465
0.001149
0.0011515
0.001154
0.0011565
0.0011591
0.0011616
0.0011641
0.0011667
0.0011692
0.0011718
0.0011743
0.0011769
0.0011794
0.001182
0.0011846
0.0011871
0.0011897
0.0011923
0.0011949
0.0011975
0.0012
0.0012026
0.0012052
0.0012079
0.0012105
0.0012131
0.0012157
0.0012183
0.0012209
0.0012236
0.0012262
0.0012288
0.0012315
0.0012341
0.0012368
0.0012394
0.0012421
0.0012448
0.0012474
0.0012501
0.0012528
0.0012555
0.0012581
0.0012608
0.0012635
0.0012662
0.0012689
0.0012716
0.0012743
0.001277
0.0012798
0.0012825
0.0012852
0.0012879
0.0012907
0.0012934
0.0012961
0.0012989
0.0013016
0.0013044
0.0013071
0.0013099
0.0013126
0.0013154
0.0013182
0.001321
0.0013237
0.0013265
0.0013293
0.0013321
0.0013349
0.0013377
0.0013405
0.0013433
0.0013461
0.0013489
0.0013517
0.0013545
0.0013574
0.0013602
0.001363
0.0013659
0.0013687
0.0013715
0.0013744
0.0013772
0.0013801
0.0013829
0.0013858
0.0013887
0.0013915
0.0013944
0.0013973
0.0014002
0.001403
0.0014059
0.0014088
0.0014117
0.0014146
0.0014175
0.0014204
0.0014233
0.0014262
0.0014291
0.001432
0.001435
0.0014379
0.0014408
0.0014438
0.0014467
0.0014496
0.0014526
0.0014555
0.0014585
0.0014614
0.0014644
0.0014673
0.0014703
0.0014733
0.0014762
0.0014792
0.0014822
0.0014851
0.0014881
0.0014911
0.0014941
0.0014971
0.0015001
0.0015031
0.0015061
0.0015091
0.0015121
0.0015151
0.0015181
0.0015211
0.0015241
0.0015272
0.0015302
0.0015332
0.0015363
0.0015393
0.0015423
0.0015454
0.0015484
0.0015515
0.0015545
0.0015576
0.0015606
0.0015637
0.0015667
0.0015698
0.0015729
0.0015759
0.001579
0.0015821
0.0015852
0.0015883
0.0015913
0.0015944
0.0015975
0.0016006
0.0016037
0.0016068
0.0016099
0.001613
0.0016161
0.0016192
0.0016223
0.0016255
0.0016286
0.0016317
0.0016348
0.0016379
0.0016411
0.0016442
0.0016473
0.0016505
0.0016536
0.0016568
0.0016599
0.001663
0.0016662
0.0016693
0.0016725
0.0016756
0.0016788
0.001682
0.0016851
0.0016883
0.0016915
0.0016946
0.0016978
0.001701
0.0017041
0.0017073
0.0017105
0.0017137
0.0017169
0.0017201
0.0017233
0.0017264
0.0017296
0.0017328
0.001736
0.0017392
0.0017424
0.0017456
0.0017488
0.001752
0.0017553
0.0017585
0.0017617
0.0017649
0.0017681
0.0017713
0.0017745
0.0017778
0.001781
0.0017842
0.0017874
0.0017907
0.0017939
0.0017971
0.0018004
0.0018036
0.0018069
0.0018101
0.0018133
0.0018166
0.0018198
0.0018231
0.0018263
0.0018296
0.0018328
0.0018361
0.0018393
0.0018426
0.0018458
0.0018491
0.0018523
0.0018556
0.0018589
0.0018621
0.0018654
0.0018686
0.0018719
0.0018752
0.0018784
0.0018817
0.001885
0.0018883
0.0018915
0.0018948
0.0018981
0.0019014
0.0019046
0.0019079
0.0019112
0.0019145
0.0019177
0.001921
0.0019243
0.0019276
0.0019309
0.0019342
0.0019374
0.0019407
0.001944
0.0019473
0.0019506
0.0019539
0.0019572
0.0019605
0.0019637
0.001967
0.0019703
0.0019736
0.0019769
0.0019802
0.0019835
0.0019868
0.0019901
0.0019934
0.0019967
0.002
0.0020032
0.0020065
0.0020098
0.0020131
0.0020164
0.0020197
0.002023
0.0020263
0.0020296
0.0020329
0.0020362
0.0020395
0.0020428
0.0020461
0.0020494
0.0020527
0.0020559
0.0020592
0.0020625
0.0020658
0.0020691
0.0020724
0.0020757
0.002079
0.0020823
0.0020856
0.0020889
0.0020921
0.0020954
0.0020987
0.002102
0.0021053
0.0021086
0.0021119
0.0021152
0.0021184
0.0021217
0.002125
0.0021283
0.0021316
0.0021348
0.0021381
0.0021414
0.0021447
0.0021479
0.0021512
0.0021545
0.0021578
0.002161
0.0021643
0.0021676
0.0021708
0.0021741
0.0021774
0.0021806
0.0021839
0.0021871
0.0021904
0.0021937
0.0021969
0.0022002
0.0022034
0.0022067
0.0022099
0.0022132
0.0022164
0.0022196
0.0022229
0.0022261
0.0022294
0.0022326
0.0022358
0.0022391
0.0022423
0.0022455
0.0022487
0.002252
0.0022552
0.0022584
0.0022616
0.0022648
0.002268
0.0022713
0.0022745
0.0022777
0.0022809
0.0022841
0.0022873
0.0022905
0.0022937
0.0022968
0.0023
0.0023032
0.0023064
0.0023096
0.0023127
0.0023159
0.0023191
0.0023223
0.0023254
0.0023286
0.0023317
0.0023349
0.0023381
0.0023412
0.0023443
0.0023475
0.0023506
0.0023538
0.0023569
0.00236
0.0023632
0.0023663
0.0023694
0.0023725
0.0023756
0.0023787
0.0023818
0.0023849
0.002388
0.0023911
0.0023942
0.0023973
0.0024004
0.0024035
0.0024065
0.0024096
0.0024127
0.0024157
0.0024188
0.0024219
0.0024249
0.002428
0.002431
0.002434
0.0024371
0.0024401
0.0024431
0.0024461
0.0024492
0.0024522
0.0024552
0.0024582
0.0024612
0.0024642
0.0024672
0.0024701
0.0024731
0.0024761
0.0024791
0.002482
0.002485
0.0024879
0.0024909
0.0024938
0.0024968
0.0024997
0.0025026
0.0025055
0.0025085
0.0025114
0.0025143
0.0025172
0.0025201
0.002523
0.0025259
0.0025287
0.0025316
0.0025345
0.0025373
0.0025402
0.0025431
0.0025459
0.0025487
0.0025516
0.0025544
0.0025572
0.00256
0.0025628
0.0025656
0.0025684
0.0025712
0.002574
0.0025768
0.0025796
0.0025823
0.0025851
0.0025878
0.0025906
0.0025933
0.0025961
0.0025988
0.0026015
0.0026042
0.0026069
0.0026096
0.0026123
0.002615
0.0026177
0.0026204
0.002623
0.0026257
0.0026283
0.002631
0.0026336
0.0026362
0.0026389
0.0026415
0.0026441
0.0026467
0.0026493
0.0026518
0.0026544
0.002657
0.0026596
0.0026621
0.0026647
0.0026672
0.0026697
0.0026722
0.0026748
0.0026773
0.0026798
0.0026823
0.0026847
0.0026872
0.0026897
0.0026921
0.0026946
0.002697
0.0026995
0.0027019
0.0027043
0.0027067
0.0027091
0.0027115
0.0027139
0.0027162
0.0027186
0.002721
0.0027233
0.0027256
0.002728
0.0027303
0.0027326
0.0027349
0.0027372
0.0027395
0.0027418
0.002744
0.0027463
0.0027485
0.0027508
0.002753
0.0027552
0.0027574
0.0027596
0.0027618
0.002764
0.0027662
0.0027683
0.0027705
0.0027726
0.0027747
0.0027769
0.002779
0.0027811
0.0027832
0.0027852
0.0027873
0.0027894
0.0027914
0.0027935
0.0027955
0.0027975
0.0027995
0.0028015
0.0028035
0.0028055
0.0028075
0.0028094
0.0028114
0.0028133
0.0028152
0.0028171
0.002819
0.0028209
0.0028228
0.0028247
0.0028265
0.0028284
0.0028302
0.002832
0.0028339
0.0028357
0.0028374
0.0028392
0.002841
0.0028428
0.0028445
0.0028462
0.002848
0.0028497
0.0028514
0.0028531
0.0028547
0.0028564
0.002858
0.0028597
0.0028613
0.0028629
0.0028645
0.0028661
0.0028677
0.0028693
0.0028708
0.0028724
0.0028739
0.0028754
0.0028769
0.0028784
0.0028799
0.0028814
0.0028828
0.0028843
0.0028857
0.0028871
0.0028885
0.0028899
0.0028913
0.0028927
0.002894
0.0028954
0.0028967
0.002898
0.0028993
0.0029006
0.0029019
0.0029032
0.0029044
0.0029056
0.0029069
0.0029081
0.0029093
0.0029105
0.0029116
0.0029128
0.0029139
0.0029151
0.0029162
0.0029173
0.0029184
0.0029194
0.0029205
0.0029216
0.0029226
0.0029236
0.0029246
0.0029256
0.0029266
0.0029275
0.0029285
0.0029294
0.0029303
0.0029312
0.0029321
0.002933
0.0029339
0.0029347
0.0029356
0.0029364
0.0029372
0.002938
0.0029388
0.0029395
0.0029403
0.002941
0.0029417
0.0029424
0.0029431
0.0029438
0.0029444
0.0029451
0.0029457
0.0029463
0.0029469
0.0029475
0.0029481
0.0029486
0.0029491
0.0029497
0.0029502
0.0029507
0.0029511
0.0029516
0.002952
0.0029525
0.0029529
0.0029533
0.0029537
0.002954
0.0029544
0.0029547
0.002955
0.0029553
0.0029556
0.0029559
0.0029562
0.0029564
0.0029566
0.0029568
0.002957
0.0029572
0.0029573
0.0029575
0.0029576
0.0029577
0.0029578
0.0029579
0.002958
0.002958
0.002958
0.0029581
0.002958
0.002958
0.002958
0.0029579
0.0029579
0.0029578
0.0029577
0.0029576
0.0029574
0.0029573
0.0029571
0.0029569
0.0029567
0.0029565
0.0029563
0.002956
0.0029557
0.0029554
0.0029551
0.0029548
0.0029545
0.0029541
0.0029537
0.0029534
0.0029529
0.0029525
0.0029521
0.0029516
0.0029511
0.0029506
0.0029501
0.0029496
0.0029491
0.0029485
0.0029479
0.0029473
0.0029467
0.0029461
0.0029454
0.0029447
0.0029441
0.0029434
0.0029426
0.0029419
0.0029411
0.0029404
0.0029396
0.0029388
0.0029379
0.0029371
0.0029362
0.0029353
0.0029344
0.0029335
0.0029326
0.0029316
0.0029306
0.0029297
0.0029286
0.0029276
0.0029266
0.0029255
0.0029244
0.0029233
0.0029222
0.0029211
0.0029199
0.0029188
0.0029176
0.0029164
0.0029151
0.0029139
0.0029126
0.0029113
0.00291
0.0029087
0.0029074
0.002906
0.0029046
0.0029033
0.0029018
0.0029004
0.002899
0.0028975
0.002896
0.0028945
0.002893
0.0028914
0.0028899
0.0028883
0.0028867
0.0028851
0.0028835
0.0028818
0.0028801
0.0028784
0.0028767
0.002875
0.0028733
0.0028715
0.0028697
0.0028679
0.0028661
0.0028642
0.0028624
0.0028605
0.0028586
0.0028567
0.0028548
0.0028528
0.0028508
0.0028488
0.0028468
0.0028448
0.0028427
0.0028407
0.0028386
0.0028365
0.0028344
0.0028322
0.0028301
0.0028279
0.0028257
0.0028235
0.0028212
0.002819
0.0028167
0.0028144
0.0028121
0.0028097
0.0028074
0.002805
0.0028026
0.0028002
0.0027978
0.0027953
0.0027929
0.0027904
0.0027879
0.0027853
0.0027828
0.0027802
0.0027777
0.0027751
0.0027724
0.0027698
0.0027671
0.0027645
0.0027618
0.002759
0.0027563
0.0027536
0.0027508
0.002748
0.0027452
0.0027424
0.0027395
0.0027366
0.0027337
0.0027308
0.0027279
0.002725
0.002722
0.002719
0.002716
0.002713
0.00271
0.0027069
0.0027038
0.0027007
0.0026976
0.0026945
0.0026913
0.0026881
0.002685
0.0026817
0.0026785
0.0026753
0.002672
0.0026687
0.0026654
0.0026621
0.0026587
0.0026554
0.002652
0.0026486
0.0026452
0.0026417
0.0026383
0.0026348
0.0026313
0.0026278
0.0026243
0.0026207
0.0026171
0.0026135
0.0026099
0.0026063
0.0026027
0.002599
0.0025953
0.0025916
0.0025879
0.0025842
0.0025804
0.0025766
0.0025728
0.002569
0.0025652
0.0025613
0.0025575
0.0025536
0.0025497
0.0025457
0.0025418
0.0025378
0.0025339
0.0025299
0.0025258
0.0025218
0.0025178
0.0025137
0.0025096
0.0025055
0.0025014
0.0024972
0.002493
0.0024889
0.0024847
0.0024804
0.0024762
0.002472
0.0024677
0.0024634
0.0024591
0.0024548
0.0024504
0.0024461
0.0024417
0.0024373
0.0024329
0.0024284
0.002424
0.0024195
0.002415
0.0024105
0.002406
0.0024014
0.0023969
0.0023923
0.0023877
0.0023831
0.0023785
0.0023738
0.0023692
0.0023645
0.0023598
0.0023551
0.0023503
0.0023456
0.0023408
0.002336
0.0023312
0.0023264
0.0023216
0.0023167
0.0023119
0.002307
0.0023021
0.0022972
0.0022922
0.0022873
0.0022823
0.0022773
0.0022723
0.0022673
0.0022622
0.0022572
0.0022521
0.002247
0.0022419
0.0022368
0.0022316
0.0022265
0.0022213
0.0022161
0.0022109
0.0022057
0.0022005
0.0021952
0.0021899
0.0021847
0.0021794
0.002174
0.0021687
0.0021634
0.002158
0.0021526
0.0021472
0.0021418
0.0021364
0.0021309
0.0021255
0.00212
0.0021145
0.002109
0.0021035
0.0020979
0.0020924
0.0020868
0.0020812
0.0020756
0.00207
0.0020644
0.0020587
0.0020531
0.0020474
0.0020417
0.002036
0.0020303
0.0020246
0.0020188
0.002013
0.0020073
0.0020015
0.0019957
0.0019898
0.001984
0.0019782
0.0019723
0.0019664
0.0019605
0.0019546
0.0019487
0.0019428
0.0019368
0.0019308
0.0019249
0.0019189
0.0019129
0.0019068
0.0019008
0.0018948
0.0018887
0.0018826
0.0018765
0.0018704
0.0018643
0.0018582
0.001852
0.0018459
0.0018397
0.0018335
0.0018273
0.0018211
0.0018149
0.0018087
0.0018024
0.0017962
0.0017899
0.0017836
0.0017773
0.001771
0.0017647
0.0017584
0.001752
0.0017457
0.0017393
0.0017329
0.0017265
0.0017201
0.0017137
0.0017072
0.0017008
0.0016943
0.0016879
0.0016814
0.0016749
0.0016684
0.0016619
0.0016554
0.0016488
0.0016423
0.0016357
0.0016292
0.0016226
0.001616
0.0016094
0.0016028
0.0015961
0.0015895
0.0015828
0.0015762
0.0015695
0.0015628
0.0015562
0.0015495
0.0015427
0.001536
0.0015293
0.0015226
0.0015158
0.001509
0.0015023
0.0014955
0.0014887
0.0014819
0.0014751
0.0014683
0.0014614
0.0014546
0.0014478
0.0014409
0.001434
0.0014272
0.0014203
0.0014134
0.0014065
0.0013996
0.0013926
0.0013857
0.0013788
0.0013718
0.0013649
0.0013579
0.0013509
0.0013439
0.001337
0.00133
0.001323
0.0013159
0.0013089
0.0013019
0.0012949
0.0012878
0.0012808
0.0012737
0.0012666
0.0012595
0.0012525
0.0012454
0.0012383
0.0012312
0.0012241
0.0012169
0.0012098
0.0012027
0.0011955
0.0011884
0.0011812
0.0011741
0.0011669
0.0011597
0.0011526
0.0011454
0.0011382
0.001131
0.0011238
0.0011166
0.0011093
0.0011021
0.0010949
0.0010877
0.0010804
0.0010732
0.0010659
0.0010587
0.0010514
0.0010441
0.0010369
0.0010296
0.0010223
0.001015
0.0010077
0.0010004
0.00099313
0.00098582
0.00097851
0.0009712
0.00096388
0.00095655
0.00094922
0.00094189
0.00093455
0.00092721
0.00091986
0.00091251
0.00090516
0.0008978
0.00089044
0.00088308
0.00087571
0.00086834
0.00086097
0.00085359
0.00084621
0.00083882
0.00083144
0.00082404
0.00081665
0.00080926
0.00080186
0.00079445
0.00078705
0.00077964
0.00077223
0.00076482
0.00075741
0.00074999
0.00074258
0.00073515
0.00072773
0.00072031
0.00071288
0.00070545
0.00069802
0.00069059
0.00068316
0.00067573
0.00066829
0.00066086
0.00065342
0.00064598
0.00063854
0.0006311
0.00062366
0.00061621
0.00060877
0.00060132
0.00059388
0.00058643
0.00057899
0.00057154
0.0005641
0.00055665
0.0005492
0.00054176
0.00053431
0.00052686
0.00051942
0.00051197
0.00050452
0.00049708
0.00048963
0.00048219
0.00047475
0.0004673
0.00045986
0.00045242
0.00044498
0.00043754
0.0004301
0.00042267
0.00041523
0.0004078
0.00040036
0.00039293
0.0003855
0.00037807
0.00037065
0.00036322
0.0003558
0.00034838
0.00034096
0.00033354
0.00032613
0.00031872
0.00031131
0.0003039
0.0002965
0.00028909
0.00028169
0.0002743
0.0002669
0.00025951
0.00025212
0.00024474
0.00023736
0.00022998
0.0002226
0.00021523
0.00020786
0.00020049
0.00019313
0.00018577
0.00017842
0.00017107
0.00016372
0.00015638
0.00014904
0.0001417
0.00013437
0.00012705
0.00011972
0.00011241
0.00010509
9.7783e-05
9.0478e-05
8.3178e-05
7.5883e-05
6.8593e-05
6.1308e-05
5.4028e-05
4.6752e-05
3.9482e-05
3.2217e-05
2.4957e-05
1.7703e-05
1.0453e-05
3.2098e-06
-4.0283e-06
-1.1261e-05
-1.8488e-05
-2.5709e-05
-3.2924e-05
-4.0133e-05
-4.7337e-05
-5.4534e-05
-6.1725e-05
-6.891e-05
-7.6089e-05
-8.3261e-05
-9.0427e-05
-9.7587e-05
-0.00010474
-0.00011189
-0.00011903
-0.00012616
-0.00013329
-0.0001404
-0.00014752
-0.00015462
-0.00016172
-0.00016881
-0.0001759
-0.00018297
-0.00019004
-0.0001971
-0.00020416
-0.0002112
-0.00021824
-0.00022528
-0.0002323
-0.00023931
-0.00024632
-0.00025332
-0.00026031
-0.0002673
-0.00027427
-0.00028124
-0.0002882
-0.00029515
-0.00030209
-0.00030903
-0.00031595
-0.00032287
-0.00032978
-0.00033668
-0.00034357
-0.00035045
-0.00035732
-0.00036418
-0.00037104
-0.00037788
-0.00038472
-0.00039155
-0.00039836
-0.00040517
-0.00041197
-0.00041876
-0.00042554
-0.00043231
-0.00043907
-0.00044582
-0.00045256
-0.00045929
-0.00046601
-0.00047272
-0.00047942
-0.00048611
-0.0004928
-0.00049947
-0.00050613
-0.00051277
-0.00051941
-0.00052604
-0.00053266
-0.00053927
-0.00054586
-0.00055245
-0.00055903
-0.00056559
-0.00057214
-0.00057869
-0.00058522
-0.00059174
-0.00059825
-0.00060475
-0.00061123
-0.00061771
-0.00062417
-0.00063063
-0.00063707
-0.0006435
-0.00064992
-0.00065632
-0.00066272
-0.0006691
-0.00067547
-0.00068183
-0.00068818
-0.00069452
-0.00070084
-0.00070715
-0.00071345
-0.00071974
-0.00072601
-0.00073228
-0.00073853
-0.00074477
-0.00075099
-0.00075721
-0.00076341
-0.0007696
-0.00077577
-0.00078194
-0.00078809
-0.00079422
-0.00080035
-0.00080646
-0.00081256
-0.00081865
-0.00082472
-0.00083078
-0.00083683
-0.00084286
-0.00084888
-0.00085489
-0.00086089
-0.00086687
-0.00087283
-0.00087879
-0.00088473
-0.00089066
-0.00089657
-0.00090247
-0.00090836
-0.00091423
-0.00092009
-0.00092593
-0.00093176
-0.00093758
-0.00094339
-0.00094918
-0.00095495
-0.00096071
-0.00096646
-0.00097219
-0.00097791
-0.00098362
-0.00098931
-0.00099499
-0.0010006
-0.0010063
-0.0010119
-0.0010175
-0.0010232
-0.0010287
-0.0010343
-0.0010399
-0.0010454
-0.001051
-0.0010565
-0.001062
-0.0010675
-0.0010729
-0.0010784
-0.0010838
-0.0010893
-0.0010947
-0.0011001
-0.0011055
-0.0011108
-0.0011162
-0.0011215
-0.0011268
-0.0011321
-0.0011374
-0.0011427
-0.001148
-0.0011532
-0.0011585
-0.0011637
-0.0011689
-0.0011741
-0.0011792
-0.0011844
-0.0011895
-0.0011946
-0.0011997
-0.0012048
-0.0012099
-0.001215
-0.00122
-0.001225
-0.0012301
-0.001235
-0.00124
-0.001245
-0.0012499
-0.0012549
-0.0012598
-0.0012647
-0.0012696
-0.0012744
-0.0012793
-0.0012841
-0.001289
-0.0012938
-0.0012986
-0.0013033
-0.0013081
-0.0013128
-0.0013175
-0.0013223
-0.0013269
-0.0013316
-0.0013363
-0.0013409
-0.0013455
-0.0013502
-0.0013547
-0.0013593
-0.0013639
-0.0013684
-0.0013729
-0.0013775
-0.001382
-0.0013864
-0.0013909
-0.0013953
-0.0013998
-0.0014042
-0.0014086
-0.0014129
-0.0014173
-0.0014216
-0.001426
-0.0014303
-0.0014346
-0.0014389
-0.0014431
-0.0014474
-0.0014516
-0.0014558
-0.00146
-0.0014642
-0.0014683
-0.0014725
-0.0014766
-0.0014807
-0.0014848
-0.0014889
-0.0014929
-0.001497
-0.001501
-0.001505
-0.001509
-0.001513
-0.0015169
-0.0015208
-0.0015248
-0.0015287
-0.0015326
-0.0015364
-0.0015403
-0.0015441
-0.0015479
-0.0015517
-0.0015555
-0.0015593
-0.001563
-0.0015668
-0.0015705
-0.0015742
-0.0015779
-0.0015815
-0.0015852
-0.0015888
-0.0015924
-0.001596
-0.0015996
-0.0016032
-0.0016067
-0.0016102
-0.0016137
-0.0016172
-0.0016207
-0.0016242
-0.0016276
-0.001631
-0.0016344
-0.0016378
-0.0016412
-0.0016445
-0.0016479
-0.0016512
-0.0016545
-0.0016578
-0.0016611
-0.0016643
-0.0016675
-0.0016708
-0.001674
-0.0016771
-0.0016803
-0.0016834
-0.0016866
-0.0016897
-0.0016928
-0.0016959
-0.0016989
-0.001702
-0.001705
-0.001708
-0.001711
-0.001714
-0.0017169
-0.0017199
-0.0017228
-0.0017257
-0.0017286
-0.0017315
-0.0017343
-0.0017372
-0.00174
-0.0017428
-0.0017456
-0.0017483
-0.0017511
-0.0017538
-0.0017565
-0.0017592
-0.0017619
-0.0017646
-0.0017672
-0.0017699
-0.0017725
-0.0017751
-0.0017777
-0.0017802
-0.0017828
-0.0017853
-0.0017878
-0.0017903
-0.0017928
-0.0017952
-0.0017977
-0.0018001
-0.0018025
-0.0018049
-0.0018073
-0.0018097
-0.001812
-0.0018143
-0.0018166
-0.0018189
-0.0018212
-0.0018235
-0.0018257
-0.0018279
-0.0018301
-0.0018323
-0.0018345
-0.0018367
-0.0018388
-0.0018409
-0.001843
-0.0018451
-0.0018472
-0.0018493
-0.0018513
-0.0018533
-0.0018553
-0.0018573
-0.0018593
-0.0018612
-0.0018632
-0.0018651
-0.001867
-0.0018689
-0.0018708
-0.0018726
-0.0018745
-0.0018763
-0.0018781
-0.0018799
-0.0018817
-0.0018835
-0.0018852
-0.0018869
-0.0018886
-0.0018903
-0.001892
-0.0018937
-0.0018953
-0.001897
-0.0018986
-0.0019002
-0.0019017
-0.0019033
-0.0019049
-0.0019064
-0.0019079
-0.0019094
-0.0019109
-0.0019124
-0.0019138
-0.0019153
-0.0019167
-0.0019181
-0.0019195
-0.0019209
-0.0019222
-0.0019236
-0.0019249
-0.0019262
-0.0019275
-0.0019288
-0.00193
-0.0019313
-0.0019325
-0.0019337
-0.0019349
-0.0019361
-0.0019373
-0.0019385
-0.0019396
-0.0019407
-0.0019418
-0.0019429
-0.001944
-0.0019451
-0.0019461
-0.0019471
-0.0019482
-0.0019492
-0.0019502
-0.0019511
-0.0019521
-0.001953
-0.0019539
-0.0019549
-0.0019558
-0.0019566
-0.0019575
-0.0019584
-0.0019592
-0.00196
-0.0019608
-0.0019616
-0.0019624
-0.0019632
-0.0019639
-0.0019646
-0.0019654
-0.0019661
-0.0019668
-0.0019674
-0.0019681
-0.0019687
-0.0019694
-0.00197
-0.0019706
-0.0019712
-0.0019717
-0.0019723
-0.0019729
-0.0019734
-0.0019739
-0.0019744
-0.0019749
-0.0019754
-0.0019758
-0.0019763
-0.0019767
-0.0019771
-0.0019775
-0.0019779
-0.0019783
-0.0019787
-0.001979
-0.0019793
-0.0019797
-0.00198
-0.0019803
-0.0019805
-0.0019808
-0.0019811
-0.0019813
-0.0019815
-0.0019817
-0.0019819
-0.0019821
-0.0019823
-0.0019825
-0.0019826
-0.0019827
-0.0019829
-0.001983
-0.0019831
-0.0019831
-0.0019832
-0.0019833
-0.0019833
-0.0019833
-0.0019833
-0.0019833
-0.0019833
-0.0019833
-0.0019833
-0.0019832
-0.0019832
-0.0019831
-0.001983
-0.0019829
-0.0019828
-0.0019826
-0.0019825
-0.0019824
-0.0019822
-0.001982
-0.0019818
-0.0019816
-0.0019814
-0.0019812
-0.001981
-0.0019807
-0.0019804
-0.0019802
-0.0019799
-0.0019796
-0.0019793
-0.001979
-0.0019786
-0.0019783
-0.0019779
-0.0019775
-0.0019772
-0.0019768
-0.0019764
-0.0019759
-0.0019755
-0.0019751
-0.0019746
-0.0019742
-0.0019737
-0.0019732
-0.0019727
-0.0019722
-0.0019717
-0.0019711
-0.0019706
-0.00197
-0.0019695
-0.0019689
-0.0019683
-0.0019677
-0.0019671
-0.0019665
-0.0019659
-0.0019652
-0.0019646
-0.0019639
-0.0019632
-0.0019625
-0.0019618
-0.0019611
-0.0019604
-0.0019597
-0.0019589
-0.0019582
-0.0019574
-0.0019567
-0.0019559
-0.0019551
-0.0019543
-0.0019535
-0.0019527
-0.0019518
-0.001951
-0.0019501
-0.0019493
-0.0019484
-0.0019475
-0.0019466
-0.0019457
-0.0019448
-0.0019439
-0.0019429
-0.001942
-0.0019411
-0.0019401
-0.0019391
-0.0019381
-0.0019371
-0.0019361
-0.0019351
-0.0019341
-0.0019331
-0.001932
-0.001931
-0.0019299
-0.0019289
-0.0019278
-0.0019267
-0.0019256
-0.0019245
-0.0019234
-0.0019223
-0.0019212
-0.00192
-0.0019189
-0.0019177
-0.0019165
-0.0019154
-0.0019142
-0.001913
-0.0019118
-0.0019106
-0.0019094
-0.0019081
-0.0019069
-0.0019057
-0.0019044
-0.0019031
-0.0019019
-0.0019006
-0.0018993
-0.001898
-0.0018967
-0.0018954
-0.0018941
-0.0018928
-0.0018914
-0.0018901
-0.0018887
-0.0018874
-0.001886
-0.0018846
-0.0018833
-0.0018819
-0.0018805
-0.0018791
-0.0018776
-0.0018762
-0.0018748
-0.0018734
-0.0018719
-0.0018705
-0.001869
-0.0018675
-0.0018661
-0.0018646
-0.0018631
-0.0018616
-0.0018601
-0.0018586
-0.0018571
-0.0018555
-0.001854
-0.0018525
-0.0018509
-0.0018494
-0.0018478
-0.0018462
-0.0018447
-0.0018431
-0.0018415
-0.0018399
-0.0018383
-0.0018367
-0.0018351
-0.0018335
-0.0018318
-0.0018302
-0.0018286
-0.0018269
-0.0018253
-0.0018236
-0.001822
-0.0018203
-0.0018186
-0.0018169
-0.0018152
-0.0018135
-0.0018118
-0.0018101
-0.0018084
-0.0018067
-0.001805
-0.0018032
-0.0018015
-0.0017997
-0.001798
-0.0017962
-0.0017945
-0.0017927
-0.0017909
-0.0017892
-0.0017874
-0.0017856
-0.0017838
-0.001782
-0.0017802
-0.0017784
-0.0017766
-0.0017747
-0.0017729
-0.0017711
-0.0017692
-0.0017674
-0.0017655
-0.0017637
-0.0017618
-0.00176
-0.0017581
-0.0017562
-0.0017544
-0.0017525
-0.0017506
-0.0017487
-0.0017468
-0.0017449
-0.001743
-0.0017411
-0.0017391
-0.0017372
-0.0017353
-0.0017334
-0.0017314
-0.0017295
-0.0017275
-0.0017256
-0.0017236
-0.0017217
-0.0017197
-0.0017178
-0.0017158
-0.0017138
-0.0017118
-0.0017099
-0.0017079
-0.0017059
-0.0017039
-0.0017019
-0.0016999
-0.0016979
-0.0016959
-0.0016938
-0.0016918
-0.0016898
-0.0016878
-0.0016857
-0.0016837
-0.0016817
-0.0016796
-0.0016776
-0.0016755
-0.0016735
-0.0016714
-0.0016694
-0.0016673
-0.0016652
-0.0016632
-0.0016611
-0.001659
-0.0016569
-0.0016549
-0.0016528
-0.0016507
-0.0016486
-0.0016465
-0.0016444
-0.0016423
-0.0016402
-0.0016381
-0.001636
-0.0016338
-0.0016317
-0.0016296
-0.0016275
-0.0016254
-0.0016232
-0.0016211
-0.001619
-0.0016168
-0.0016147
-0.0016125
-0.0016104
-0.0016083
-0.0016061
-0.0016039
-0.0016018
-0.0015996
-0.0015975
-0.0015953
-0.0015931
-0.001591
-0.0015888
-0.0015866
-0.0015845
-0.0015823
-0.0015801
-0.0015779
-0.0015757
-0.0015736
-0.0015714
-0.0015692
-0.001567
-0.0015648
-0.0015626
-0.0015604
-0.0015582
-0.001556
-0.0015538
-0.0015516
-0.0015494
-0.0015472
-0.0015449
-0.0015427
-0.0015405
-0.0015383
-0.0015361
-0.0015339
-0.0015316
-0.0015294
-0.0015272
-0.001525
-0.0015227
-0.0015205
-0.0015183
-0.001516
-0.0015138
-0.0015116
-0.0015093
-0.0015071
-0.0015049
-0.0015026
-0.0015004
-0.0014981
-0.0014959
-0.0014936
-0.0014914
-0.0014892
-0.0014869
-0.0014847
-0.0014824
-0.0014802
-0.0014779
-0.0014756
-0.0014734
-0.0014711
-0.0014689
-0.0014666
-0.0014644
-0.0014621
-0.0014598
-0.0014576
-0.0014553
-0.0014531
-0.0014508
-0.0014485
-0.0014463
-0.001444
-0.0014417
-0.0014395
-0.0014372
-0.0014349
-0.0014327
-0.0014304
-0.0014281
-0.0014258
-0.0014236
-0.0014213
-0.001419
-0.0014168
-0.0014145
-0.0014122
-0.0014099
-0.0014077
-0.0014054
-0.0014031
-0.0014008
-0.0013986
-0.0013963
-0.001394
-0.0013918
-0.0013895
-0.0013872
-0.0013849
-0.0013827
-0.0013804
-0.0013781
-0.0013758
-0.0013735
-0.0013713
-0.001369
-0.0013667
-0.0013644
-0.0013622
-0.0013599
-0.0013576
-0.0013553
-0.0013531
-0.0013508
-0.0013485
-0.0013463
-0.001344
-0.0013417
-0.0013394
-0.0013372
-0.0013349
-0.0013326
-0.0013303
-0.0013281
-0.0013258
-0.0013235
-0.0013213
-0.001319
-0.0013167
-0.0013145
-0.0013122
-0.0013099
-0.0013077
-0.0013054
-0.0013031
-0.0013009
-0.0012986
-0.0012963
-0.0012941
-0.0012918
-0.0012895
-0.0012873
-0.001285
-0.0012828
-0.0012805
-0.0012783
-0.001276
-0.0012737
-0.0012715
-0.0012692
-0.001267
-0.0012647
-0.0012625
-0.0012602
-0.001258
-0.0012557
-0.0012535
-0.0012512
-0.001249
-0.0012467
-0.0012445
-0.0012423
-0.00124
-0.0012378
-0.0012355
-0.0012333
-0.0012311
-0.0012288
-0.0012266
-0.0012244
-0.0012221
-0.0012199
-0.0012177
-0.0012154
-0.0012132
-0.001211
-0.0012087
-0.0012065
-0.0012043
-0.0012021
-0.0011999
-0.0011976
-0.0011954
-0.0011932
-0.001191
-0.0011888
-0.0011866
-0.0011844
-0.0011822
-0.0011799
-0.0011777
-0.0011755
-0.0011733
-0.0011711
-0.0011689
-0.0011667
-0.0011645
-0.0011623
-0.0011601
-0.001158
-0.0011558
-0.0011536
-0.0011514
-0.0011492
-0.001147
-0.0011448
-0.0011427
-0.0011405
-0.0011383
-0.0011361
-0.001134
-0.0011318
-0.0011296
-0.0011274
-0.0011253
-0.0011231
-0.001121
-0.0011188
-0.0011166
-0.0011145
-0.0011123
-0.0011102
-0.001108
-0.0011059
-0.0011037
-0.0011016
-0.0010994
-0.0010973
-0.0010951
-0.001093
-0.0010909
-0.0010887
-0.0010866
-0.0010845
-0.0010823
-0.0010802
-0.0010781
-0.001076
-0.0010738
-0.0010717
-0.0010696
-0.0010675
-0.0010654
-0.0010633
-0.0010612
-0.0010591
-0.001057
-0.0010548
-0.0010527
-0.0010507
-0.0010486
-0.0010465
-0.0010444
-0.0010423
-0.0010402
-0.0010381
-0.001036
-0.0010339
-0.0010319
-0.0010298
-0.0010277
-0.0010256
-0.0010236
-0.0010215
-0.0010194
-0.0010174
-0.0010153
-0.0010133
-0.0010112
-0.0010092
-0.0010071
-0.0010051
-0.001003
-0.001001
-0.00099893
-0.00099689
-0.00099485
-0.00099282
-0.00099079
-0.00098876
-0.00098673
-0.0009847
-0.00098268
-0.00098066
-0.00097864
-0.00097663
-0.00097462
-0.00097261
-0.0009706
-0.00096859
-0.00096659
-0.00096459
-0.00096259
-0.0009606
-0.0009586
-0.00095661
-0.00095463
-0.00095264
-0.00095066
-0.00094868
-0.0009467
-0.00094472
-0.00094275
-0.00094078
-0.00093881
-0.00093685
-0.00093489
-0.00093293
-0.00093097
-0.00092901
-0.00092706
-0.00092511
-0.00092317
-0.00092122
-0.00091928
-0.00091734
-0.0009154
-0.00091347
-0.00091154
-0.00090961
-0.00090769
-0.00090576
-0.00090384
-0.00090192
-0.00090001
-0.0008981
-0.00089619
-0.00089428
-0.00089238
-0.00089047
-0.00088858
-0.00088668
-0.00088479
-0.00088289
-0.00088101
-0.00087912
-0.00087724
-0.00087536
-0.00087348
-0.00087161
-0.00086974
-0.00086787
-0.000866
-0.00086414
-0.00086228
-0.00086042
-0.00085856
-0.00085671
-0.00085486
-0.00085302
-0.00085117
-0.00084933
-0.00084749
-0.00084566
-0.00084383
-0.000842
-0.00084017
-0.00083835
-0.00083652
-0.00083471
-0.00083289
-0.00083108
-0.00082927
-0.00082746
-0.00082566
-0.00082386
-0.00082206
-0.00082026
-0.00081847
-0.00081668
-0.00081489
-0.00081311
-0.00081133
-0.00080955
-0.00080777
-0.000806
-0.00080423
-0.00080246
-0.0008007
-0.00079894
-0.00079718
-0.00079543
-0.00079367
-0.00079193
-0.00079018
-0.00078844
-0.0007867
-0.00078496
-0.00078322
-0.00078149
-0.00077976
-0.00077804
-0.00077631
-0.00077459
-0.00077288
-0.00077116
-0.00076945
-0.00076774
-0.00076604
-0.00076434
-0.00076264
-0.00076094
-0.00075925
-0.00075756
-0.00075587
-0.00075419
-0.00075251
-0.00075083
-0.00074915
-0.00074748
-0.00074581
-0.00074414
-0.00074248
-0.00074082
-0.00073916
-0.00073751
-0.00073586
-0.00073421
-0.00073256
-0.00073092
-0.00072928
-0.00072765
-0.00072601
-0.00072438
-0.00072276
-0.00072113
-0.00071951
-0.00071789
-0.00071628
-0.00071466
-0.00071306
-0.00071145
-0.00070985
-0.00070825
-0.00070665
-0.00070506
-0.00070347
-0.00070188
-0.00070029
-0.00069871
-0.00069713
-0.00069556
-0.00069398
-0.00069241
-0.00069085
-0.00068928
-0.00068772
-0.00068617
-0.00068461
-0.00068306
-0.00068151
-0.00067997
-0.00067843
-0.00067689
-0.00067535
-0.00067382
-0.00067229
-0.00067076
-0.00066924
-0.00066772
-0.0006662
-0.00066469
-0.00066318
-0.00066167
-0.00066016
-0.00065866
-0.00065716
-0.00065567
-0.00065417
-0.00065268
-0.0006512
-0.00064971
-0.00064823
-0.00064676
-0.00064528
-0.00064381
-0.00064234
-0.00064088
-0.00063942
-0.00063796
-0.0006365
-0.00063505
-0.0006336
-0.00063215
-0.00063071
-0.00062927
-0.00062783
-0.0006264
-0.00062497
-0.00062354
-0.00062211
-0.00062069
-0.00061927
-0.00061786
-0.00061645
-0.00061504
-0.00061363
-0.00061223
-0.00061083
-0.00060943
-0.00060804
-0.00060665
-0.00060526
-0.00060387
-0.00060249
-0.00060111
-0.00059974
-0.00059837
-0.000597
-0.00059563
-0.00059427
-0.00059291
-0.00059155
-0.0005902
-0.00058885
-0.0005875
-0.00058616
-0.00058482
-0.00058348
-0.00058214
-0.00058081
-0.00057948
-0.00057816
-0.00057684
-0.00057552
-0.0005742
-0.00057289
-0.00057158
-0.00057027
-0.00056897
-0.00056767
-0.00056637
-0.00056508
-0.00056378
-0.0005625
-0.00056121
-0.00055993
-0.00055865
-0.00055737
-0.0005561
-0.00055483
-0.00055357
-0.0005523
-0.00055104
-0.00054978
-0.00054853
-0.00054728
-0.00054603
-0.00054479
-0.00054355
-0.00054231
-0.00054107
-0.00053984
-0.00053861
-0.00053738
-0.00053616
-0.00053494
-0.00053372
-0.00053251
-0.0005313
-0.00053009
-0.00052889
-0.00052769
-0.00052649
-0.00052529
-0.0005241
-0.00052291
-0.00052172
-0.00052054
-0.00051936
-0.00051819
-0.00051701
-0.00051584
-0.00051467
-0.00051351
-0.00051235
-0.00051119
-0.00051003
-0.00050888
-0.00050773
-0.00050659
-0.00050545
-0.00050431
-0.00050317
-0.00050204
-0.0005009
-0.00049978
-0.00049865
-0.00049753
-0.00049641
-0.0004953
-0.00049419
-0.00049308
-0.00049197
-0.00049087
-0.00048977
-0.00048867
-0.00048758
-0.00048649
-0.0004854
-0.00048432
-0.00048323
-0.00048216
-0.00048108
-0.00048001
-0.00047894
-0.00047787
-0.00047681
-0.00047575
-0.00047469
-0.00047364
-0.00047259
-0.00047154
-0.0004705
-0.00046945
-0.00046841
-0.00046738
-0.00046635
-0.00046532
-0.00046429
-0.00046327
-0.00046225
-0.00046123
-0.00046021
-0.0004592
-0.00045819
-0.00045719
-0.00045619
-0.00045519
-0.00045419
-0.0004532
-0.00045221
-0.00045122
-0.00045023
-0.00044925
-0.00044827
-0.0004473
-0.00044633
-0.00044536
-0.00044439
-0.00044343
-0.00044247
-0.00044151
-0.00044056
-0.0004396
-0.00043866
-0.00043771
-0.00043677
-0.00043583
-0.00043489
-0.00043396
-0.00043303
-0.0004321
-0.00043118
-0.00043025
-0.00042933
-0.00042842
-0.00042751
-0.0004266
-0.00042569
-0.00042479
-0.00042388
-0.00042299
-0.00042209
-0.0004212
-0.00042031
-0.00041942
-0.00041854
-0.00041766
-0.00041678
-0.00041591
-0.00041504
-0.00041417
-0.0004133
-0.00041244
-0.00041158
-0.00041072
-0.00040987
-0.00040902
-0.00040817
-0.00040732
-0.00040648
-0.00040564
-0.0004048
-0.00040397
-0.00040314
-0.00040231
-0.00040148
-0.00040066
-0.00039984
-0.00039903
-0.00039821
-0.0003974
-0.00039659
-0.00039579
-0.00039498
-0.00039418
-0.00039339
-0.00039259
-0.0003918
-0.00039101
-0.00039023
-0.00038945
-0.00038867
-0.00038789
-0.00038712
-0.00038634
-0.00038558
-0.00038481
-0.00038405
-0.00038329
-0.00038253
-0.00038178
-0.00038102
-0.00038028
-0.00037953
-0.00037879
-0.00037804
-0.00037731
-0.00037657
-0.00037584
-0.00037511
-0.00037438
-0.00037366
-0.00037294
-0.00037222
-0.0003715
-0.00037079
-0.00037008
-0.00036937
-0.00036867
-0.00036796
-0.00036727
-0.00036657
-0.00036587
-0.00036518
-0.00036449
-0.00036381
-0.00036312
-0.00036244
-0.00036177
-0.00036109
-0.00036042
-0.00035975
-0.00035908
-0.00035842
-0.00035775
-0.00035709
-0.00035644
-0.00035578
-0.00035513
-0.00035448
-0.00035384
-0.00035319
-0.00035255
-0.00035191
-0.00035128
-0.00035064
-0.00035001
-0.00034938
-0.00034876
-0.00034814
-0.00034751
-0.0003469
-0.00034628
-0.00034567
-0.00034506
-0.00034445
-0.00034384
-0.00034324
-0.00034264
-0.00034204
-0.00034145
-0.00034086
-0.00034027
-0.00033968
-0.00033909
-0.00033851
-0.00033793
-0.00033735
-0.00033678
-0.0003362
-0.00033563
-0.00033507
-0.0003345
-0.00033394
-0.00033338
-0.00033282
-0.00033226
-0.00033171
-0.00033116
-0.00033061
-0.00033006
-0.00032952
-0.00032898
-0.00032844
-0.0003279
-0.00032737
-0.00032683
-0.0003263
-0.00032578
-0.00032525
-0.00032473
-0.00032421
-0.00032369
-0.00032317
-0.00032266
-0.00032215
-0.00032164
-0.00032113
-0.00032063
-0.00032013
-0.00031963
-0.00031913
-0.00031863
-0.00031814
-0.00031765
-0.00031716
-0.00031667
-0.00031619
-0.0003157
-0.00031522
-0.00031475
-0.00031427
-0.0003138
-0.00031333
-0.00031286
-0.00031239
-0.00031192
-0.00031146
-0.000311
-0.00031054
-0.00031008
-0.00030963
-0.00030918
-0.00030873
-0.00030828
-0.00030783
-0.00030739
-0.00030694
-0.0003065
-0.00030607
-0.00030563
-0.0003052
-0.00030476
-0.00030433
-0.00030391
-0.00030348
-0.00030305
-0.00030263
-0.00030221
-0.00030179
-0.00030138
-0.00030096
-0.00030055
-0.00030014
-0.00029973
-0.00029932
-0.00029892
-0.00029851
-0.00029811
-0.00029771
-0.00029732
-0.00029692
-0.00029653
-0.00029613
-0.00029574
-0.00029535
-0.00029497
-0.00029458
-0.0002942
-0.00029382
-0.00029344
-0.00029306
-0.00029268
-0.00029231
-0.00029194
-0.00029156
-0.00029119
-0.00029083
-0.00029046
-0.0002901
-0.00028973
-0.00028937
-0.00028901
-0.00028865
-0.0002883
-0.00028794
-0.00028759
-0.00028724
-0.00028689
-0.00028654
-0.00028619
-0.00028585
-0.00028551
-0.00028516
-0.00028482
-0.00028448
-0.00028415
-0.00028381
-0.00028347
-0.00028314
-0.00028281
-0.00028248
-0.00028215
-0.00028182
-0.0002815
-0.00028117
-0.00028085
-0.00028053
-0.00028021
-0.00027989
-0.00027957
-0.00027925
-0.00027894
-0.00027862
-0.00027831
-0.000278
-0.00027769
-0.00027738
-0.00027708
-0.00027677
-0.00027646
-0.00027616
-0.00027586
-0.00027556
-0.00027526
-0.00027496
-0.00027466
-0.00027437
-0.00027407
-0.00027378
-0.00027348
-0.00027319
-0.0002729
-0.00027261
-0.00027232
-0.00027204
-0.00027175
-0.00027147
-0.00027118
-0.0002709
-0.00027062
-0.00027034
-0.00027006
-0.00026978
-0.0002695
-0.00026922
-0.00026895
-0.00026867
-0.0002684
-0.00026812
-0.00026785
-0.00026758
-0.00026731
-0.00026704
-0.00026677
-0.0002665
-0.00026624
-0.00026597
-0.00026571
-0.00026544
-0.00026518
-0.00026492
-0.00026465
-0.00026439
-0.00026413
-0.00026387
-0.00026362
-0.00026336
-0.0002631
-0.00026284
-0.00026259
-0.00026233
-0.00026208
-0.00026183
-0.00026157
-0.00026132
-0.00026107
-0.00026082
-0.00026057
-0.00026032
-0.00026007
-0.00025982
-0.00025957
-0.00025932
-0.00025908
-0.00025883
-0.00025858
-0.00025834
-0.00025809
-0.00025785
-0.00025761
-0.00025736
-0.00025712
-0.00025688
-0.00025664
-0.0002564
-0.00025616
-0.00025591
-0.00025567
-0.00025544
-0.0002552
-0.00025496
-0.00025472
-0.00025448
-0.00025424
-0.00025401
-0.00025377
-0.00025353
-0.0002533
-0.00025306
-0.00025282
-0.00025259
-0.00025235
-0.00025212
-0.00025188
-0.00025165
-0.00025142
-0.00025118
-0.00025095
-0.00025071
-0.00025048
-0.00025025
-0.00025002
-0.00024978
-0.00024955
-0.00024932
-0.00024909
-0.00024885
-0.00024862
-0.00024839
-0.00024816
-0.00024793
-0.0002477
-0.00024746
-0.00024723
-0.000247
-0.00024677
-0.00024654
-0.00024631
-0.00024608
-0.00024585
-0.00024562
-0.00024538
-0.00024515
-0.00024492
-0.00024469
-0.00024446
-0.00024423
-0.000244
-0.00024377
-0.00024354
-0.0002433
-0.00024307
-0.00024284
-0.00024261
-0.00024238
-0.00024215
-0.00024191
-0.00024168
-0.00024145
-0.00024122
-0.00024099
-0.00024075
-0.00024052
-0.00024029
-0.00024006
-0.00023982
-0.00023959
-0.00023936
-0.00023912
-0.00023889
-0.00023865
-0.00023842
-0.00023818
-0.00023795
-0.00023772
-0.00023748
-0.00023724
-0.00023701
-0.00023677
-0.00023654
-0.0002363
-0.00023606
-0.00023583
-0.00023559
-0.00023535
-0.00023511
-0.00023487
-0.00023464
-0.0002344
-0.00023416
-0.00023392
-0.00023368
-0.00023344
-0.0002332
-0.00023296
-0.00023272
-0.00023247
-0.00023223
-0.00023199
-0.00023175
-0.0002315
-0.00023126
-0.00023102
-0.00023077
-0.00023053
-0.00023028
-0.00023004
-0.00022979
-0.00022955
-0.0002293
-0.00022905
-0.00022881
-0.00022856
-0.00022831
-0.00022806
-0.00022781
-0.00022756
-0.00022732
-0.00022706
-0.00022681
-0.00022656
-0.00022631
-0.00022606
-0.00022581
-0.00022556
-0.0002253
-0.00022505
-0.00022479
-0.00022454
-0.00022429
-0.00022403
-0.00022377
-0.00022352
-0.00022326
-0.000223
-0.00022275
-0.00022249
-0.00022223
-0.00022197
-0.00022171
-0.00022145
-0.00022119
-0.00022093
-0.00022067
-0.00022041
-0.00022015
-0.00021988
-0.00021962
-0.00021936
-0.00021909
-0.00021883
-0.00021856
-0.0002183
-0.00021803
-0.00021777
-0.0002175
-0.00021723
-0.00021697
-0.0002167
-0.00021643
-0.00021616
-0.00021589
-0.00021562
-0.00021535
-0.00021508
-0.00021481
-0.00021454
-0.00021427
-0.00021399
-0.00021372
-0.00021345
-0.00021318
-0.0002129
-0.00021263
-0.00021235
-0.00021208
-0.0002118
-0.00021153
-0.00021125
-0.00021097
-0.00021069
-0.00021042
-0.00021014
-0.00020986
-0.00020958
-0.0002093
-0.00020902
-0.00020874
-0.00020846
-0.00020818
-0.0002079
-0.00020762
-0.00020734
-0.00020706
-0.00020677
-0.00020649
-0.00020621
-0.00020592
-0.00020564
-0.00020536
-0.00020507
-0.00020479
-0.0002045
-0.00020422
-0.00020393
-0.00020364
-0.00020336
-0.00020307
-0.00020278
-0.0002025
-0.00020221
-0.00020192
-0.00020163
-0.00020135
-0.00020106
-0.00020077
-0.00020048
-0.00020019
-0.0001999
-0.00019961
-0.00019932
-0.00019903
-0.00019874
-0.00019845
-0.00019816
-0.00019786
-0.00019757
-0.00019728
-0.00019699
-0.0001967
-0.0001964
-0.00019611
-0.00019582
-0.00019553
-0.00019523
-0.00019494
-0.00019465
-0.00019435
-0.00019406
-0.00019376
-0.00019347
-0.00019317
-0.00019288
-0.00019259
-0.00019229
-0.000192
-0.0001917
-0.0001914
-0.00019111
-0.00019081
-0.00019052
-0.00019022
-0.00018993
-0.00018963
-0.00018933
-0.00018904
-0.00018874
-0.00018845
-0.00018815
-0.00018785
-0.00018756
-0.00018726
-0.00018696
-0.00018667
-0.00018637
-0.00018607
-0.00018577
-0.00018548
-0.00018518
-0.00018488
-0.00018459
-0.00018429
-0.00018399
-0.00018369
-0.0001834
-0.0001831
-0.0001828
-0.0001825
-0.00018221
-0.00018191
-0.00018161
-0.00018131
-0.00018102
-0.00018072
-0.00018042
-0.00018012
-0.00017982
-0.00017953
-0.00017923
-0.00017893
-0.00017863
-0.00017834
-0.00017804
-0.00017774
-0.00017744
-0.00017714
-0.00017685
-0.00017655
-0.00017625
-0.00017595
-0.00017566
