0.001061
0.0010628
0.0010646
0.0010664
0.0010682
0.00107
0.0010718
0.0010736
0.0010754
0.0010772
0.001079
0.0010808
0.0010826
0.0010844
0.0010862
0.001088
0.0010898
0.0010916
0.0010934
0.0010952
0.001097
0.0010988
0.0011006
0.0011024
0.0011042
0.001106
0.0011078
0.0011096
0.0011114
0.0011132
0.001115
0.0011168
0.0011186
0.0011204
0.0011222
0.001124
0.0011258
0.0011276
0.0011294
0.0011312
0.001133
0.0011348
0.0011366
0.0011383
0.0011401
0.0011419
0.0011437
0.0011455
0.0011473
0.0011491
0.0011509
0.0011527
0.0011545
0.0011562
0.001158
0.0011598
0.0011616
0.0011634
0.0011652
0.0011669
0.0011687
0.0011705
0.0011723
0.0011741
0.0011758
0.0011776
0.0011794
0.0011812
0.0011829
0.0011847
0.0011865
0.0011882
0.00119
0.0011918
0.0011935
0.0011953
0.0011971
0.0011988
0.0012006
0.0012023
0.0012041
0.0012059
0.0012076
0.0012094
0.0012111
0.0012129
0.0012146
0.0012164
0.0012181
0.0012198
0.0012216
0.0012233
0.0012251
0.0012268
0.0012285
0.0012303
0.001232
0.0012337
0.0012354
0.0012372
0.0012389
0.0012406
0.0012423
0.001244
0.0012458
0.0012475
0.0012492
0.0012509
0.0012526
0.0012543
0.001256
0.0012577
0.0012594
0.0012611
0.0012628
0.0012645
0.0012662
0.0012678
0.0012695
0.0012712
0.0012729
0.0012746
0.0012762
0.0012779
0.0012796
0.0012812
0.0012829
0.0012846
0.0012862
0.0012879
0.0012895
0.0012912
0.0012928
0.0012945
0.0012961
0.0012978
0.0012994
0.001301
0.0013027
0.0013043
0.0013059
0.0013076
0.0013092
0.0013108
0.0013124
0.001314
0.0013156
0.0013173
0.0013189
0.0013205
0.0013221
0.0013237
0.0013253
0.0013268
0.0013284
0.00133
0.0013316
0.0013332
0.0013348
0.0013363
0.0013379
0.0013395
0.0013411
0.0013426
0.0013442
0.0013457
0.0013473
0.0013489
0.0013504
0.001352
0.0013535
0.0013551
0.0013566
0.0013581
0.0013597
0.0013612
0.0013627
0.0013643
0.0013658
0.0013673
0.0013688
0.0013703
0.0013719
0.0013734
0.0013749
0.0013764
0.0013779
0.0013794
0.0013809
0.0013824
0.0013839
0.0013854
0.0013869
0.0013883
0.0013898
0.0013913
0.0013928
0.0013943
0.0013957
0.0013972
0.0013987
0.0014002
0.0014016
0.0014031
0.0014046
0.001406
0.0014075
0.0014089
0.0014104
0.0014118
0.0014133
0.0014147
0.0014162
0.0014176
0.0014191
0.0014205
0.0014219
0.0014234
0.0014248
0.0014262
0.0014277
0.0014291
0.0014305
0.001432
0.0014334
0.0014348
0.0014362
0.0014376
0.0014391
0.0014405
0.0014419
0.0014433
0.0014447
0.0014461
0.0014475
0.0014489
0.0014504
0.0014518
0.0014532
0.0014546
0.001456
0.0014574
0.0014588
0.0014602
0.0014616
0.001463
0.0014644
0.0014658
0.0014672
0.0014686
0.00147
0.0014714
0.0014728
0.0014742
0.0014756
0.001477
0.0014784
0.0014798
0.0014811
0.0014825
0.0014839
0.0014853
0.0014867
0.0014881
0.0014895
0.0014909
0.0014923
0.0014937
0.0014951
0.0014965
0.0014979
0.0014993
0.0015007
0.0015021
0.0015035
0.0015049
0.0015063
0.0015077
0.0015091
0.0015105
0.0015119
0.0015133
0.0015147
0.0015161
0.0015175
0.0015189
0.0015204
0.0015218
0.0015232
0.0015246
0.001526
0.0015274
0.0015289
0.0015303
0.0015317
0.0015331
0.0015346
0.001536
0.0015374
0.0015389
0.0015403
0.0015418
0.0015432
0.0015446
0.0015461
0.0015475
0.001549
0.0015504
0.0015519
0.0015534
0.0015548
0.0015563
0.0015578
0.0015592
0.0015607
0.0015622
0.0015637
0.0015652
0.0015666
0.0015681
0.0015696
0.0015711
0.0015726
0.0015741
0.0015756
0.0015772
0.0015787
0.0015802
0.0015817
0.0015832
0.0015848
0.0015863
0.0015879
0.0015894
0.001591
0.0015925
0.0015941
0.0015956
0.0015972
0.0015988
0.0016003
0.0016019
0.0016035
0.0016051
0.0016067
0.0016083
0.0016099
0.0016115
0.0016131
0.0016148
0.0016164
0.001618
0.0016197
0.0016213
0.001623
0.0016246
0.0016263
0.0016279
0.0016296
0.0016313
0.001633
0.0016347
0.0016364
0.0016381
0.0016398
0.0016415
0.0016432
0.0016449
0.0016467
0.0016484
0.0016502
0.0016519
0.0016537
0.0016555
0.0016572
0.001659
0.0016608
0.0016626
0.0016644
0.0016662
0.001668
0.0016699
0.0016717
0.0016735
0.0016754
0.0016772
0.0016791
0.001681
0.0016829
0.0016847
0.0016866
0.0016885
0.0016904
0.0016924
0.0016943
0.0016962
0.0016982
0.0017001
0.0017021
0.0017041
0.001706
0.001708
0.00171
0.001712
0.001714
0.001716
0.0017181
0.0017201
0.0017222
0.0017242
0.0017263
0.0017284
0.0017304
0.0017325
0.0017346
0.0017367
0.0017389
0.001741
0.0017431
0.0017453
0.0017474
0.0017496
0.0017518
0.001754
0.0017562
0.0017584
0.0017606
0.0017628
0.0017651
0.0017673
0.0017696
0.0017719
0.0017741
0.0017764
0.0017787
0.001781
0.0017834
0.0017857
0.001788
0.0017904
0.0017928
0.0017951
0.0017975
0.0017999
0.0018023
0.0018048
0.0018072
0.0018096
0.0018121
0.0018145
0.001817
0.0018195
0.001822
0.0018245
0.001827
0.0018296
0.0018321
0.0018347
0.0018372
0.0018398
0.0018424
0.001845
0.0018476
0.0018503
0.0018529
0.0018556
0.0018582
0.0018609
0.0018636
0.0018663
0.001869
0.0018717
0.0018745
0.0018772
0.00188
0.0018828
0.0018855
0.0018883
0.0018912
0.001894
0.0018968
0.0018997
0.0019025
0.0019054
0.0019083
0.0019112
0.0019141
0.0019171
0.00192
0.001923
0.0019259
0.0019289
0.0019319
0.0019349
0.0019379
0.001941
0.001944
0.0019471
0.0019502
0.0019532
0.0019563
0.0019595
0.0019626
0.0019657
0.0019689
0.0019721
0.0019753
0.0019785
0.0019817
0.0019849
0.0019881
0.0019914
0.0019947
0.001998
0.0020013
0.0020046
0.0020079
0.0020112
0.0020146
0.002018
0.0020213
0.0020247
0.0020282
0.0020316
0.002035
0.0020385
0.0020419
0.0020454
0.0020489
0.0020525
0.002056
0.0020595
0.0020631
0.0020667
0.0020702
0.0020739
0.0020775
0.0020811
0.0020848
0.0020884
0.0020921
0.0020958
0.0020995
0.0021032
0.002107
0.0021107
0.0021145
0.0021183
0.0021221
0.0021259
0.0021297
0.0021336
0.0021374
0.0021413
0.0021452
0.0021491
0.002153
0.002157
0.0021609
0.0021649
0.0021689
0.0021729
0.0021769
0.0021809
0.002185
0.0021891
0.0021931
0.0021972
0.0022013
0.0022055
0.0022096
0.0022138
0.0022179
0.0022221
0.0022263
0.0022306
0.0022348
0.0022391
0.0022433
0.0022476
0.0022519
0.0022563
0.0022606
0.0022649
0.0022693
0.0022737
0.0022781
0.0022825
0.0022869
0.0022914
0.0022959
0.0023003
0.0023048
0.0023094
0.0023139
0.0023184
0.002323
0.0023276
0.0023322
0.0023368
0.0023414
0.0023461
0.0023507
0.0023554
0.0023601
0.0023648
0.0023696
0.0023743
0.0023791
0.0023839
0.0023887
0.0023935
0.0023983
0.0024031
0.002408
0.0024129
0.0024178
0.0024227
0.0024276
0.0024326
0.0024376
0.0024425
0.0024475
0.0024526
0.0024576
0.0024626
0.0024677
0.0024728
0.0024779
0.002483
0.0024881
0.0024933
0.0024985
0.0025036
0.0025088
0.0025141
0.0025193
0.0025246
0.0025298
0.0025351
0.0025404
0.0025458
0.0025511
0.0025564
0.0025618
0.0025672
0.0025726
0.002578
0.0025835
0.002589
0.0025944
0.0025999
0.0026054
0.002611
0.0026165
0.0026221
0.0026277
0.0026333
0.0026389
0.0026445
0.0026502
0.0026558
0.0026615
0.0026672
0.0026729
0.0026787
0.0026844
0.0026902
0.002696
0.0027018
0.0027076
0.0027135
0.0027193
0.0027252
0.0027311
0.002737
0.0027429
0.0027489
0.0027549
0.0027608
0.0027668
0.0027728
0.0027789
0.0027849
0.002791
0.0027971
0.0028032
0.0028093
0.0028155
0.0028216
0.0028278
0.002834
0.0028402
0.0028464
0.0028527
0.0028589
0.0028652
0.0028715
0.0028778
0.0028842
0.0028905
0.0028969
0.0029033
0.0029097
0.0029161
0.0029225
0.002929
0.0029354
0.0029419
0.0029484
0.002955
0.0029615
0.0029681
0.0029747
0.0029813
0.0029879
0.0029945
0.0030011
0.0030078
0.0030145
0.0030212
0.0030279
0.0030347
0.0030414
0.0030482
0.003055
0.0030618
0.0030686
0.0030755
0.0030823
0.0030892
0.0030961
0.003103
0.0031099
0.0031169
0.0031238
0.0031308
0.0031378
0.0031449
0.0031519
0.0031589
0.003166
0.0031731
0.0031802
0.0031873
0.0031945
0.0032016
0.0032088
0.003216
0.0032232
0.0032305
0.0032377
0.003245
0.0032523
0.0032596
0.0032669
0.0032742
0.0032816
0.0032889
0.0032963
0.0033037
0.0033111
0.0033186
0.003326
0.0033335
0.003341
0.0033485
0.0033561
0.0033636
0.0033712
0.0033787
0.0033863
0.003394
0.0034016
0.0034092
0.0034169
0.0034246
0.0034323
0.00344
0.0034478
0.0034555
0.0034633
0.0034711
0.0034789
0.0034867
0.0034946
0.0035024
0.0035103
0.0035182
0.0035261
0.003534
0.003542
0.0035499
0.0035579
0.0035659
0.0035739
0.003582
0.00359
0.0035981
0.0036062
0.0036143
0.0036224
0.0036305
0.0036387
0.0036469
0.003655
0.0036633
0.0036715
0.0036797
0.003688
0.0036963
0.0037045
0.0037129
0.0037212
0.0037295
0.0037379
0.0037463
0.0037547
0.0037631
0.0037715
0.0037799
0.0037884
0.0037969
0.0038054
0.0038139
0.0038224
0.003831
0.0038395
0.0038481
0.0038567
0.0038653
0.003874
0.0038826
0.0038913
0.0039
0.0039087
0.0039174
0.0039261
0.0039349
0.0039436
0.0039524
0.0039612
0.00397
0.0039789
0.0039877
0.0039966
0.0040055
0.0040144
0.0040233
0.0040322
0.0040412
0.0040501
0.0040591
0.0040681
0.0040771
0.0040862
0.0040952
0.0041043
0.0041134
0.0041225
0.0041316
0.0041407
0.0041499
0.004159
0.0041682
0.0041774
0.0041866
0.0041958
0.0042051
0.0042144
0.0042236
0.0042329
0.0042422
0.0042516
0.0042609
0.0042703
0.0042796
0.004289
0.0042984
0.0043079
0.0043173
0.0043268
0.0043362
0.0043457
0.0043552
0.0043648
0.0043743
0.0043838
0.0043934
0.004403
0.0044126
0.0044222
0.0044318
0.0044415
0.0044511
0.0044608
0.0044705
0.0044802
0.0044899
0.0044997
0.0045094
0.0045192
0.004529
0.0045388
0.0045486
0.0045585
0.0045683
0.0045782
0.004588
0.0045979
0.0046078
0.0046178
0.0046277
0.0046377
0.0046476
0.0046576
0.0046676
0.0046776
0.0046877
0.0046977
0.0047078
0.0047179
0.0047279
0.004738
0.0047482
0.0047583
0.0047685
0.0047786
0.0047888
0.004799
0.0048092
0.0048194
0.0048297
0.0048399
0.0048502
0.0048605
0.0048708
0.0048811
0.0048914
0.0049017
0.0049121
0.0049225
0.0049328
0.0049432
0.0049536
0.0049641
0.0049745
0.004985
0.0049954
0.0050059
0.0050164
0.0050269
0.0050374
0.005048
0.0050585
0.0050691
0.0050797
0.0050902
0.0051008
0.0051115
0.0051221
0.0051327
0.0051434
0.0051541
0.0051648
0.0051755
0.0051862
0.0051969
0.0052076
0.0052184
0.0052291
0.0052399
0.0052507
0.0052615
0.0052723
0.0052832
0.005294
0.0053049
0.0053157
0.0053266
0.0053375
0.0053484
0.0053593
0.0053703
0.0053812
0.0053922
0.0054031
0.0054141
0.0054251
0.0054361
0.0054471
0.0054582
0.0054692
0.0054802
0.0054913
0.0055024
0.0055135
0.0055246
0.0055357
0.0055468
0.005558
0.0055691
0.0055803
0.0055914
0.0056026
0.0056138
0.005625
0.0056362
0.0056475
0.0056587
0.0056699
0.0056812
0.0056925
0.0057038
0.0057151
0.0057264
0.0057377
0.005749
0.0057603
0.0057717
0.005783
0.0057944
0.0058058
0.0058172
0.0058286
0.00584
0.0058514
0.0058628
0.0058743
0.0058857
0.0058972
0.0059087
0.0059201
0.0059316
0.0059431
0.0059546
0.0059661
0.0059777
0.0059892
0.0060008
0.0060123
0.0060239
0.0060354
0.006047
0.0060586
0.0060702
0.0060818
0.0060934
0.0061051
0.0061167
0.0061284
0.00614
0.0061517
0.0061633
0.006175
0.0061867
0.0061984
0.0062101
0.0062218
0.0062335
0.0062452
0.006257
0.0062687
0.0062805
0.0062922
0.006304
0.0063158
0.0063275
0.0063393
0.0063511
0.0063629
0.0063747
0.0063865
0.0063983
0.0064102
0.006422
0.0064338
0.0064457
0.0064575
0.0064694
0.0064813
0.0064931
0.006505
0.0065169
0.0065288
0.0065407
0.0065526
0.0065645
0.0065764
0.0065883
0.0066002
0.0066122
0.0066241
0.006636
0.006648
0.0066599
0.0066719
0.0066838
0.0066958
0.0067078
0.0067197
0.0067317
0.0067437
0.0067557
0.0067677
0.0067797
0.0067917
0.0068037
0.0068157
0.0068277
0.0068397
0.0068517
0.0068637
0.0068757
0.0068877
0.0068998
0.0069118
0.0069238
0.0069359
0.0069479
0.0069599
0.006972
0.006984
0.0069961
0.0070081
0.0070202
0.0070322
0.0070443
0.0070563
0.0070684
0.0070805
0.0070925
0.0071046
0.0071166
0.0071287
0.0071408
0.0071528
0.0071649
0.007177
0.007189
0.0072011
0.0072132
0.0072252
0.0072373
0.0072494
0.0072615
0.0072735
0.0072856
0.0072977
0.0073097
0.0073218
0.0073339
0.0073459
0.007358
0.00737
0.0073821
0.0073942
0.0074062
0.0074183
0.0074303
0.0074424
0.0074544
0.0074665
0.0074785
0.0074906
0.0075026
0.0075146
0.0075267
0.0075387
0.0075507
0.0075628
0.0075748
0.0075868
0.0075988
0.0076108
0.0076228
0.0076348
0.0076468
0.0076588
0.0076708
0.0076828
0.0076948
0.0077068
0.0077188
0.0077307
0.0077427
0.0077546
0.0077666
0.0077785
0.0077905
0.0078024
0.0078144
0.0078263
0.0078382
0.0078501
0.007862
0.0078739
0.0078858
0.0078977
0.0079096
0.0079214
0.0079333
0.0079452
0.007957
0.0079688
0.0079807
0.0079925
0.0080043
0.0080161
0.0080279
0.0080397
0.0080515
0.0080633
0.008075
0.0080868
0.0080985
0.0081103
0.008122
0.0081337
0.0081454
0.0081571
0.0081688
0.0081805
0.0081922
0.0082038
0.0082155
0.0082271
0.0082387
0.0082503
0.008262
0.0082735
0.0082851
0.0082967
0.0083082
0.0083198
0.0083313
0.0083428
0.0083543
0.0083658
0.0083773
0.0083888
0.0084002
0.0084117
0.0084231
0.0084345
0.0084459
0.0084573
0.0084687
0.00848
0.0084914
0.0085027
0.008514
0.0085253
0.0085366
0.0085478
0.0085591
0.0085703
0.0085815
0.0085927
0.0086039
0.0086151
0.0086263
0.0086374
0.0086485
0.0086596
0.0086707
0.0086818
0.0086928
0.0087039
0.0087149
0.0087259
0.0087369
0.0087478
0.0087588
0.0087697
0.0087806
0.0087915
0.0088023
0.0088132
0.008824
0.0088348
0.0088456
0.0088564
0.0088671
0.0088779
0.0088886
0.0088993
0.0089099
0.0089206
0.0089312
0.0089418
0.0089524
0.0089629
0.0089735
0.008984
0.0089945
0.0090049
0.0090154
0.0090258
0.0090362
0.0090466
0.0090569
0.0090673
0.0090776
0.0090879
0.0090981
0.0091083
0.0091185
0.0091287
0.0091389
0.009149
0.0091591
0.0091692
0.0091793
0.0091893
0.0091993
0.0092093
0.0092192
0.0092292
0.0092391
0.0092489
0.0092588
0.0092686
0.0092784
0.0092881
0.0092979
0.0093076
0.0093172
0.0093269
0.0093365
0.0093461
0.0093557
0.0093652
0.0093747
0.0093842
0.0093936
0.009403
0.0094124
0.0094218
0.0094311
0.0094404
0.0094496
0.0094588
0.009468
0.0094772
0.0094863
0.0094954
0.0095045
0.0095135
0.0095225
0.0095315
0.0095405
0.0095494
0.0095582
0.0095671
0.0095759
0.0095846
0.0095934
0.0096021
0.0096107
0.0096194
0.009628
0.0096365
0.009645
0.0096535
0.009662
0.0096704
0.0096788
0.0096871
0.0096954
0.0097037
0.0097119
0.0097201
0.0097283
0.0097364
0.0097445
0.0097525
0.0097605
0.0097685
0.0097764
0.0097843
0.0097922
0.0098
0.0098078
0.0098155
0.0098232
0.0098308
0.0098385
0.009846
0.0098536
0.009861
0.0098685
0.0098759
0.0098833
0.0098906
0.0098979
0.0099051
0.0099123
0.0099195
0.0099266
0.0099337
0.0099407
0.0099477
0.0099546
0.0099615
0.0099683
0.0099752
0.0099819
0.0099886
0.0099953
0.010002
0.010009
0.010015
0.010022
0.010028
0.010034
0.010041
0.010047
0.010053
0.01006
0.010066
0.010072
0.010078
0.010084
0.01009
0.010096
0.010102
0.010108
0.010113
0.010119
0.010125
0.01013
0.010136
0.010141
0.010147
0.010152
0.010158
0.010163
0.010168
0.010174
0.010179
0.010184
0.010189
0.010194
0.010199
0.010204
0.010209
0.010214
0.010218
0.010223
0.010228
0.010232
0.010237
0.010241
0.010246
0.01025
0.010255
0.010259
0.010263
0.010267
0.010271
0.010275
0.010279
0.010283
0.010287
0.010291
0.010295
0.010299
0.010302
0.010306
0.010309
0.010313
0.010316
0.01032
0.010323
0.010326
0.010329
0.010333
0.010336
0.010339
0.010342
0.010345
0.010347
0.01035
0.010353
0.010356
0.010358
0.010361
0.010363
0.010366
0.010368
0.01037
0.010373
0.010375
0.010377
0.010379
0.010381
0.010383
0.010385
0.010387
0.010388
0.01039
0.010392
0.010393
0.010395
0.010396
0.010397
0.010399
0.0104
0.010401
0.010402
0.010403
0.010404
0.010405
0.010406
0.010407
0.010407
0.010408
0.010409
0.010409
0.01041
0.01041
0.01041
0.01041
0.010411
0.010411
0.010411
0.010411
0.010411
0.01041
0.01041
0.01041
0.01041
0.010409
0.010409
0.010408
0.010407
0.010407
0.010406
0.010405
0.010404
0.010403
0.010402
0.010401
0.0104
0.010398
0.010397
0.010395
0.010394
0.010392
0.010391
0.010389
0.010387
0.010385
0.010383
0.010381
0.010379
0.010377
0.010375
0.010373
0.01037
0.010368
0.010365
0.010363
0.01036
0.010357
0.010354
0.010352
0.010349
0.010346
0.010342
0.010339
0.010336
0.010333
0.010329
0.010326
0.010322
0.010318
0.010315
0.010311
0.010307
0.010303
0.010299
0.010295
0.010291
0.010287
0.010282
0.010278
0.010273
0.010269
0.010264
0.010259
0.010254
0.01025
0.010245
0.01024
0.010234
0.010229
0.010224
0.010219
0.010213
0.010208
0.010202
0.010196
0.010191
0.010185
0.010179
0.010173
0.010167
0.010161
0.010154
0.010148
0.010142
0.010135
0.010129
0.010122
0.010115
0.010109
0.010102
0.010095
0.010088
0.010081
0.010073
0.010066
0.010059
0.010051
0.010044
0.010036
0.010028
0.010021
0.010013
0.010005
0.0099968
0.0099887
0.0099805
0.0099722
0.0099639
0.0099554
0.0099469
0.0099383
0.0099296
0.0099208
0.009912
0.0099031
0.009894
0.0098849
0.0098757
0.0098665
0.0098571
0.0098477
0.0098381
0.0098285
0.0098188
0.0098091
0.0097992
0.0097893
0.0097792
0.0097691
0.0097589
0.0097486
0.0097383
0.0097278
0.0097173
0.0097067
0.009696
0.0096852
0.0096743
0.0096633
0.0096523
0.0096412
0.00963
0.0096187
0.0096073
0.0095958
0.0095843
0.0095726
0.0095609
0.0095491
0.0095372
0.0095252
0.0095132
0.009501
0.0094888
0.0094764
0.009464
0.0094516
0.009439
0.0094263
0.0094136
0.0094007
0.0093878
0.0093748
0.0093617
0.0093485
0.0093353
0.0093219
0.0093085
0.009295
0.0092814
0.0092677
0.0092539
0.0092401
0.0092261
0.0092121
0.009198
0.0091838
0.0091695
0.0091551
0.0091406
0.0091261
0.0091115
0.0090968
0.0090819
0.0090671
0.0090521
0.009037
0.0090219
0.0090067
0.0089913
0.0089759
0.0089605
0.0089449
0.0089292
0.0089135
0.0088977
0.0088818
0.0088658
0.0088497
0.0088335
0.0088173
0.0088009
0.0087845
0.008768
0.0087514
0.0087347
0.008718
0.0087011
0.0086842
0.0086672
0.0086501
0.0086329
0.0086156
0.0085983
0.0085808
0.0085633
0.0085457
0.008528
0.0085103
0.0084924
0.0084745
0.0084564
0.0084383
0.0084201
0.0084019
0.0083835
0.008365
0.0083465
0.0083279
0.0083092
0.0082904
0.0082716
0.0082526
0.0082336
0.0082145
0.0081953
0.008176
0.0081567
0.0081372
0.0081177
0.0080981
0.0080784
0.0080587
0.0080388
0.0080189
0.0079989
0.0079788
0.0079586
0.0079383
0.007918
0.0078976
0.0078771
0.0078565
0.0078358
0.0078151
0.0077943
0.0077734
0.0077524
0.0077313
0.0077102
0.007689
0.0076677
0.0076463
0.0076248
0.0076033
0.0075816
0.0075599
0.0075382
0.0075163
0.0074944
0.0074724
0.0074503
0.0074281
0.0074058
0.0073835
0.0073611
0.0073386
0.0073161
0.0072934
0.0072707
0.0072479
0.007225
0.0072021
0.0071791
0.007156
0.0071328
0.0071096
0.0070862
0.0070628
0.0070393
0.0070158
0.0069922
0.0069685
0.0069447
0.0069208
0.0068969
0.0068729
0.0068488
0.0068247
0.0068005
0.0067762
0.0067518
0.0067274
0.0067028
0.0066783
0.0066536
0.0066289
0.0066041
0.0065792
0.0065542
0.0065292
0.0065041
0.006479
0.0064537
0.0064284
0.0064031
0.0063776
0.0063521
0.0063265
0.0063009
0.0062752
0.0062494
0.0062235
0.0061976
0.0061716
0.0061455
0.0061194
0.0060932
0.0060669
0.0060406
0.0060142
0.0059877
0.0059612
0.0059346
0.0059079
0.0058812
0.0058544
0.0058275
0.0058006
0.0057736
0.0057466
0.0057194
0.0056923
0.005665
0.0056377
0.0056103
0.0055829
0.0055554
0.0055278
0.0055002
0.0054725
0.0054448
0.0054169
0.0053891
0.0053611
0.0053331
0.0053051
0.005277
0.0052488
0.0052206
0.0051923
0.0051639
0.0051355
0.005107
0.0050785
0.0050499
0.0050213
0.0049926
0.0049638
0.004935
0.0049062
0.0048772
0.0048482
0.0048192
0.0047901
0.004761
0.0047318
0.0047025
0.0046732
0.0046438
0.0046144
0.004585
0.0045554
0.0045259
0.0044962
0.0044665
0.0044368
0.004407
0.0043772
0.0043473
0.0043174
0.0042874
0.0042574
0.0042273
0.0041971
0.004167
0.0041367
0.0041064
0.0040761
0.0040457
0.0040153
0.0039849
0.0039543
0.0039238
0.0038932
0.0038625
0.0038318
0.0038011
0.0037703
0.0037395
0.0037086
0.0036777
0.0036467
0.0036157
0.0035847
0.0035536
0.0035224
0.0034913
0.0034601
0.0034288
0.0033975
0.0033662
0.0033348
0.0033034
0.0032719
0.0032404
0.0032089
0.0031773
0.0031457
0.0031141
0.0030824
0.0030507
0.0030189
0.0029871
0.0029553
0.0029235
0.0028916
0.0028596
0.0028277
0.0027957
0.0027636
0.0027316
0.0026995
0.0026674
0.0026352
0.002603
0.0025708
0.0025385
0.0025062
0.0024739
0.0024416
0.0024092
0.0023768
0.0023444
0.0023119
0.0022794
0.0022469
0.0022144
0.0021818
0.0021492
0.0021166
0.0020839
0.0020512
0.0020186
0.0019858
0.0019531
0.0019203
0.0018875
0.0018547
0.0018219
0.001789
0.0017561
0.0017232
0.0016903
0.0016573
0.0016244
0.0015914
0.0015584
0.0015253
0.0014923
0.0014592
0.0014262
0.0013931
0.0013599
0.0013268
0.0012937
0.0012605
0.0012273
0.0011941
0.0011609
0.0011277
0.0010944
0.0010612
0.0010279
0.00099463
0.00096134
0.00092804
0.00089472
0.00086139
0.00082805
0.0007947
0.00076134
0.00072797
0.00069459
0.0006612
0.0006278
0.0005944
0.00056099
0.00052756
0.00049414
0.0004607
0.00042726
0.00039381
0.00036036
0.0003269
0.00029344
0.00025998
0.00022651
0.00019303
0.00015956
0.00012608
9.2594e-05
5.911e-05
2.5625e-05
-7.862e-06
-4.1349e-05
-7.4837e-05
-0.00010832
-0.00014181
-0.0001753
-0.00020878
-0.00024227
-0.00027575
-0.00030923
-0.0003427
-0.00037617
-0.00040964
-0.00044311
-0.00047657
-0.00051002
-0.00054348
-0.00057692
-0.00061036
-0.00064379
-0.00067722
-0.00071064
-0.00074405
-0.00077745
-0.00081084
-0.00084423
-0.00087761
-0.00091097
-0.00094433
-0.00097768
-0.001011
-0.0010443
-0.0010776
-0.001111
-0.0011442
-0.0011775
-0.0012108
-0.001244
-0.0012773
-0.0013105
-0.0013437
-0.0013769
-0.0014101
-0.0014432
-0.0014764
-0.0015095
-0.0015426
-0.0015757
-0.0016088
-0.0016418
-0.0016749
-0.0017079
-0.0017409
-0.0017739
-0.0018068
-0.0018398
-0.0018727
-0.0019056
-0.0019384
-0.0019713
-0.0020041
-0.0020369
-0.0020697
-0.0021025
-0.0021352
-0.0021679
-0.0022006
-0.0022333
-0.0022659
-0.0022985
-0.0023311
-0.0023637
-0.0023962
-0.0024287
-0.0024612
-0.0024936
-0.0025261
-0.0025585
-0.0025908
-0.0026231
-0.0026554
-0.0026877
-0.00272
-0.0027522
-0.0027843
-0.0028165
-0.0028486
-0.0028807
-0.0029127
-0.0029448
-0.0029767
-0.0030087
-0.0030406
-0.0030725
-0.0031043
-0.0031361
-0.0031679
-0.0031996
-0.0032313
-0.003263
-0.0032946
-0.0033262
-0.0033578
-0.0033893
-0.0034207
-0.0034522
-0.0034836
-0.0035149
-0.0035462
-0.0035775
-0.0036087
-0.0036399
-0.0036711
-0.0037022
-0.0037333
-0.0037643
-0.0037953
-0.0038262
-0.0038571
-0.0038879
-0.0039187
-0.0039495
-0.0039802
-0.0040109
-0.0040415
-0.0040721
-0.0041026
-0.0041331
-0.0041635
-0.0041939
-0.0042243
-0.0042546
-0.0042848
-0.004315
-0.0043452
-0.0043753
-0.0044053
-0.0044353
-0.0044653
-0.0044952
-0.004525
-0.0045548
-0.0045846
-0.0046143
-0.0046439
-0.0046735
-0.004703
-0.0047325
-0.004762
-0.0047913
-0.0048207
-0.0048499
-0.0048791
-0.0049083
-0.0049374
-0.0049665
-0.0049955
-0.0050244
-0.0050533
-0.0050821
-0.0051109
-0.0051396
-0.0051682
-0.0051968
-0.0052254
-0.0052539
-0.0052823
-0.0053106
-0.0053389
-0.0053672
-0.0053954
-0.0054235
-0.0054515
-0.0054795
-0.0055075
-0.0055354
-0.0055632
-0.0055909
-0.0056186
-0.0056463
-0.0056738
-0.0057013
-0.0057288
-0.0057562
-0.0057835
-0.0058107
-0.0058379
-0.005865
-0.0058921
-0.0059191
-0.005946
-0.0059729
-0.0059997
-0.0060264
-0.0060531
-0.0060797
-0.0061062
-0.0061327
-0.0061591
-0.0061854
-0.0062117
-0.0062379
-0.006264
-0.0062901
-0.006316
-0.006342
-0.0063678
-0.0063936
-0.0064193
-0.006445
-0.0064705
-0.006496
-0.0065215
-0.0065468
-0.0065721
-0.0065973
-0.0066225
-0.0066476
-0.0066726
-0.0066975
-0.0067224
-0.0067471
-0.0067719
-0.0067965
-0.0068211
-0.0068456
-0.00687
-0.0068943
-0.0069186
-0.0069428
-0.006967
-0.006991
-0.007015
-0.0070389
-0.0070627
-0.0070865
-0.0071101
-0.0071337
-0.0071573
-0.0071807
-0.0072041
-0.0072274
-0.0072506
-0.0072738
-0.0072968
-0.0073198
-0.0073427
-0.0073656
-0.0073883
-0.007411
-0.0074336
-0.0074561
-0.0074786
-0.007501
-0.0075233
-0.0075455
-0.0075676
-0.0075896
-0.0076116
-0.0076335
-0.0076553
-0.0076771
-0.0076987
-0.0077203
-0.0077418
-0.0077632
-0.0077846
-0.0078058
-0.007827
-0.0078481
-0.0078691
-0.00789
-0.0079109
-0.0079316
-0.0079523
-0.0079729
-0.0079935
-0.0080139
-0.0080343
-0.0080546
-0.0080748
-0.0080949
-0.0081149
-0.0081349
-0.0081547
-0.0081745
-0.0081942
-0.0082138
-0.0082334
-0.0082528
-0.0082722
-0.0082915
-0.0083107
-0.0083298
-0.0083488
-0.0083678
-0.0083867
-0.0084054
-0.0084241
-0.0084428
-0.0084613
-0.0084797
-0.0084981
-0.0085164
-0.0085346
-0.0085527
-0.0085707
-0.0085887
-0.0086065
-0.0086243
-0.008642
-0.0086596
-0.0086771
-0.0086945
-0.0087119
-0.0087291
-0.0087463
-0.0087634
-0.0087804
-0.0087973
-0.0088141
-0.0088309
-0.0088475
-0.0088641
-0.0088806
-0.008897
-0.0089133
-0.0089296
-0.0089457
-0.0089618
-0.0089777
-0.0089936
-0.0090094
-0.0090251
-0.0090408
-0.0090563
-0.0090718
-0.0090871
-0.0091024
-0.0091176
-0.0091327
-0.0091478
-0.0091627
-0.0091775
-0.0091923
-0.009207
-0.0092216
-0.0092361
-0.0092505
-0.0092648
-0.0092791
-0.0092932
-0.0093073
-0.0093213
-0.0093352
-0.009349
-0.0093627
-0.0093764
-0.0093899
-0.0094034
-0.0094168
-0.0094301
-0.0094433
-0.0094564
-0.0094694
-0.0094824
-0.0094952
-0.009508
-0.0095207
-0.0095333
-0.0095458
-0.0095582
-0.0095706
-0.0095828
-0.009595
-0.0096071
-0.0096191
-0.009631
-0.0096428
-0.0096545
-0.0096662
-0.0096777
-0.0096892
-0.0097006
-0.0097119
-0.0097231
-0.0097342
-0.0097453
-0.0097563
-0.0097671
-0.0097779
-0.0097886
-0.0097992
-0.0098098
-0.0098202
-0.0098306
-0.0098408
-0.009851
-0.0098611
-0.0098711
-0.0098811
-0.0098909
-0.0099007
-0.0099104
-0.00992
-0.0099295
-0.0099389
-0.0099482
-0.0099575
-0.0099666
-0.0099757
-0.0099847
-0.0099936
-0.010002
-0.010011
-0.01002
-0.010028
-0.010037
-0.010045
-0.010054
-0.010062
-0.01007
-0.010078
-0.010086
-0.010094
-0.010102
-0.01011
-0.010117
-0.010125
-0.010132
-0.01014
-0.010147
-0.010154
-0.010161
-0.010168
-0.010175
-0.010182
-0.010189
-0.010196
-0.010203
-0.010209
-0.010216
-0.010222
-0.010228
-0.010235
-0.010241
-0.010247
-0.010253
-0.010259
-0.010265
-0.01027
-0.010276
-0.010282
-0.010287
-0.010293
-0.010298
-0.010303
-0.010309
-0.010314
-0.010319
-0.010324
-0.010329
-0.010333
-0.010338
-0.010343
-0.010347
-0.010352
-0.010356
-0.01036
-0.010365
-0.010369
-0.010373
-0.010377
-0.010381
-0.010385
-0.010389
-0.010392
-0.010396
-0.010399
-0.010403
-0.010406
-0.01041
-0.010413
-0.010416
-0.010419
-0.010422
-0.010425
-0.010428
-0.010431
-0.010433
-0.010436
-0.010439
-0.010441
-0.010444
-0.010446
-0.010448
-0.01045
-0.010452
-0.010454
-0.010456
-0.010458
-0.01046
-0.010462
-0.010463
-0.010465
-0.010467
-0.010468
-0.010469
-0.010471
-0.010472
-0.010473
-0.010474
-0.010475
-0.010476
-0.010477
-0.010478
-0.010479
-0.010479
-0.01048
-0.01048
-0.010481
-0.010481
-0.010481
-0.010482
-0.010482
-0.010482
-0.010482
-0.010482
-0.010482
-0.010482
-0.010481
-0.010481
-0.010481
-0.01048
-0.01048
-0.010479
-0.010478
-0.010478
-0.010477
-0.010476
-0.010475
-0.010474
-0.010473
-0.010472
-0.010471
-0.010469
-0.010468
-0.010467
-0.010465
-0.010464
-0.010462
-0.01046
-0.010459
-0.010457
-0.010455
-0.010453
-0.010451
-0.010449
-0.010447
-0.010445
-0.010443
-0.01044
-0.010438
-0.010436
-0.010433
-0.010431
-0.010428
-0.010425
-0.010423
-0.01042
-0.010417
-0.010414
-0.010411
-0.010408
-0.010405
-0.010402
-0.010398
-0.010395
-0.010392
-0.010388
-0.010385
-0.010382
-0.010378
-0.010374
-0.010371
-0.010367
-0.010363
-0.010359
-0.010355
-0.010351
-0.010347
-0.010343
-0.010339
-0.010335
-0.010331
-0.010326
-0.010322
-0.010318
-0.010313
-0.010309
-0.010304
-0.010299
-0.010295
-0.01029
-0.010285
-0.01028
-0.010275
-0.01027
-0.010265
-0.01026
-0.010255
-0.01025
-0.010245
-0.010239
-0.010234
-0.010229
-0.010223
-0.010218
-0.010212
-0.010207
-0.010201
-0.010195
-0.010189
-0.010184
-0.010178
-0.010172
-0.010166
-0.01016
-0.010154
-0.010148
-0.010142
-0.010135
-0.010129
-0.010123
-0.010117
-0.01011
-0.010104
-0.010097
-0.010091
-0.010084
-0.010078
-0.010071
-0.010064
-0.010057
-0.010051
-0.010044
-0.010037
-0.01003
-0.010023
-0.010016
-0.010009
-0.010002
-0.0099947
-0.0099874
-0.0099802
-0.0099729
-0.0099656
-0.0099582
-0.0099508
-0.0099433
-0.0099358
-0.0099283
-0.0099207
-0.009913
-0.0099054
-0.0098977
-0.0098899
-0.0098821
-0.0098743
-0.0098664
-0.0098585
-0.0098505
-0.0098425
-0.0098345
-0.0098264
-0.0098183
-0.0098101
-0.009802
-0.0097937
-0.0097854
-0.0097771
-0.0097688
-0.0097604
-0.009752
-0.0097435
-0.009735
-0.0097265
-0.0097179
-0.0097093
-0.0097007
-0.009692
-0.0096833
-0.0096746
-0.0096658
-0.0096569
-0.0096481
-0.0096392
-0.0096303
-0.0096213
-0.0096123
-0.0096033
-0.0095942
-0.0095851
-0.009576
-0.0095669
-0.0095577
-0.0095484
-0.0095392
-0.0095299
-0.0095206
-0.0095112
-0.0095018
-0.0094924
-0.009483
-0.0094735
-0.009464
-0.0094544
-0.0094448
-0.0094352
-0.0094256
-0.0094159
-0.0094062
-0.0093965
-0.0093868
-0.009377
-0.0093672
-0.0093573
-0.0093475
-0.0093376
-0.0093276
-0.0093177
-0.0093077
-0.0092977
-0.0092877
-0.0092776
-0.0092675
-0.0092574
-0.0092473
-0.0092371
-0.0092269
-0.0092167
-0.0092064
-0.0091961
-0.0091858
-0.0091755
-0.0091652
-0.0091548
-0.0091444
-0.009134
-0.0091235
-0.0091131
-0.0091026
-0.009092
-0.0090815
-0.0090709
-0.0090603
-0.0090497
-0.0090391
-0.0090284
-0.0090178
-0.009007
-0.0089963
-0.0089856
-0.0089748
-0.008964
-0.0089532
-0.0089424
-0.0089315
-0.0089206
-0.0089098
-0.0088988
-0.0088879
-0.0088769
-0.008866
-0.008855
-0.008844
-0.0088329
-0.0088219
-0.0088108
-0.0087997
-0.0087886
-0.0087775
-0.0087663
-0.0087552
-0.008744
-0.0087328
-0.0087216
-0.0087103
-0.0086991
-0.0086878
-0.0086765
-0.0086652
-0.0086539
-0.0086426
-0.0086312
-0.0086198
-0.0086085
-0.0085971
-0.0085856
-0.0085742
-0.0085628
-0.0085513
-0.0085398
-0.0085283
-0.0085168
-0.0085053
-0.0084938
-0.0084822
-0.0084707
-0.0084591
-0.0084475
-0.0084359
-0.0084243
-0.0084127
-0.008401
-0.0083894
-0.0083777
-0.008366
-0.0083543
-0.0083426
-0.0083309
-0.0083192
-0.0083075
-0.0082957
-0.008284
-0.0082722
-0.0082604
-0.0082486
-0.0082368
-0.008225
-0.0082132
-0.0082013
-0.0081895
-0.0081776
-0.0081658
-0.0081539
-0.008142
-0.0081301
-0.0081182
-0.0081063
-0.0080944
-0.0080825
-0.0080705
-0.0080586
-0.0080466
-0.0080347
-0.0080227
-0.0080107
-0.0079987
-0.0079868
-0.0079748
-0.0079628
-0.0079507
-0.0079387
-0.0079267
-0.0079147
-0.0079026
-0.0078906
-0.0078785
-0.0078665
-0.0078544
-0.0078423
-0.0078303
-0.0078182
-0.0078061
-0.007794
-0.0077819
-0.0077698
-0.0077577
-0.0077456
-0.0077335
-0.0077213
-0.0077092
-0.0076971
-0.0076849
-0.0076728
-0.0076607
-0.0076485
-0.0076364
-0.0076242
-0.0076121
-0.0075999
-0.0075878
-0.0075756
-0.0075634
-0.0075513
-0.0075391
-0.0075269
-0.0075147
-0.0075026
-0.0074904
-0.0074782
-0.007466
-0.0074538
-0.0074416
-0.0074295
-0.0074173
-0.0074051
-0.0073929
-0.0073807
-0.0073685
-0.0073563
-0.0073441
-0.0073319
-0.0073197
-0.0073075
-0.0072953
-0.0072831
-0.0072709
-0.0072587
-0.0072465
-0.0072344
-0.0072222
-0.00721
-0.0071978
-0.0071856
-0.0071734
-0.0071612
-0.007149
-0.0071368
-0.0071246
-0.0071125
-0.0071003
-0.0070881
-0.0070759
-0.0070638
-0.0070516
-0.0070394
-0.0070272
-0.0070151
-0.0070029
-0.0069907
-0.0069786
-0.0069664
-0.0069543
-0.0069421
-0.00693
-0.0069178
-0.0069057
-0.0068936
-0.0068814
-0.0068693
-0.0068572
-0.0068451
-0.0068329
-0.0068208
-0.0068087
-0.0067966
-0.0067845
-0.0067724
-0.0067603
-0.0067482
-0.0067362
-0.0067241
-0.006712
-0.0066999
-0.0066879
-0.0066758
-0.0066638
-0.0066517
-0.0066397
-0.0066276
-0.0066156
-0.0066036
-0.0065916
-0.0065796
-0.0065676
-0.0065556
-0.0065436
-0.0065316
-0.0065196
-0.0065076
-0.0064956
-0.0064837
-0.0064717
-0.0064598
-0.0064478
-0.0064359
-0.006424
-0.006412
-0.0064001
-0.0063882
-0.0063763
-0.0063644
-0.0063525
-0.0063407
-0.0063288
-0.0063169
-0.0063051
-0.0062932
-0.0062814
-0.0062696
-0.0062577
-0.0062459
-0.0062341
-0.0062223
-0.0062105
-0.0061987
-0.006187
-0.0061752
-0.0061634
-0.0061517
-0.00614
-0.0061282
-0.0061165
-0.0061048
-0.0060931
-0.0060814
-0.0060697
-0.006058
-0.0060464
-0.0060347
-0.0060231
-0.0060114
-0.0059998
-0.0059882
-0.0059766
-0.005965
-0.0059534
-0.0059418
-0.0059302
-0.0059187
-0.0059071
-0.0058956
-0.005884
-0.0058725
-0.005861
-0.0058495
-0.005838
-0.0058265
-0.0058151
-0.0058036
-0.0057922
-0.0057807
-0.0057693
-0.0057579
-0.0057465
-0.0057351
-0.0057237
-0.0057123
-0.005701
-0.0056896
-0.0056783
-0.005667
-0.0056556
-0.0056443
-0.0056331
-0.0056218
-0.0056105
-0.0055992
-0.005588
-0.0055768
-0.0055655
-0.0055543
-0.0055431
-0.0055319
-0.0055208
-0.0055096
-0.0054984
-0.0054873
-0.0054762
-0.0054651
-0.005454
-0.0054429
-0.0054318
-0.0054207
-0.0054097
-0.0053986
-0.0053876
-0.0053766
-0.0053656
-0.0053546
-0.0053436
-0.0053326
-0.0053217
-0.0053107
-0.0052998
-0.0052889
-0.005278
-0.0052671
-0.0052562
-0.0052453
-0.0052345
-0.0052236
-0.0052128
-0.005202
-0.0051912
-0.0051804
-0.0051696
-0.0051589
-0.0051481
-0.0051374
-0.0051267
-0.005116
-0.0051053
-0.0050946
-0.0050839
-0.0050733
-0.0050626
-0.005052
-0.0050414
-0.0050308
-0.0050202
-0.0050096
-0.0049991
-0.0049885
-0.004978
-0.0049675
-0.004957
-0.0049465
-0.004936
-0.0049256
-0.0049151
-0.0049047
-0.0048943
-0.0048838
-0.0048735
-0.0048631
-0.0048527
-0.0048424
-0.004832
-0.0048217
-0.0048114
-0.0048011
-0.0047908
-0.0047806
-0.0047703
-0.0047601
-0.0047499
-0.0047397
-0.0047295
-0.0047193
-0.0047091
-0.004699
-0.0046888
-0.0046787
-0.0046686
-0.0046585
-0.0046484
-0.0046384
-0.0046283
-0.0046183
-0.0046083
-0.0045983
-0.0045883
-0.0045783
-0.0045684
-0.0045584
-0.0045485
-0.0045386
-0.0045287
-0.0045188
-0.0045089
-0.004499
-0.0044892
-0.0044794
-0.0044696
-0.0044598
-0.00445
-0.0044402
-0.0044305
-0.0044207
-0.004411
-0.0044013
-0.0043916
-0.0043819
-0.0043723
-0.0043626
-0.004353
-0.0043434
-0.0043338
-0.0043242
-0.0043146
-0.0043051
-0.0042955
-0.004286
-0.0042765
-0.004267
-0.0042575
-0.0042481
-0.0042386
-0.0042292
-0.0042198
-0.0042103
-0.004201
-0.0041916
-0.0041822
-0.0041729
-0.0041636
-0.0041542
-0.0041449
-0.0041357
-0.0041264
-0.0041171
-0.0041079
-0.0040987
-0.0040895
-0.0040803
-0.0040711
-0.004062
-0.0040528
-0.0040437
-0.0040346
-0.0040255
-0.0040164
-0.0040073
-0.0039983
-0.0039892
-0.0039802
-0.0039712
-0.0039622
-0.0039533
-0.0039443
-0.0039354
-0.0039264
-0.0039175
-0.0039086
-0.0038997
-0.0038909
-0.003882
-0.0038732
-0.0038644
-0.0038556
-0.0038468
-0.003838
-0.0038292
-0.0038205
-0.0038118
-0.0038031
-0.0037944
-0.0037857
-0.003777
-0.0037684
-0.0037597
-0.0037511
-0.0037425
-0.0037339
-0.0037254
-0.0037168
-0.0037083
-0.0036997
-0.0036912
-0.0036827
-0.0036742
-0.0036658
-0.0036573
-0.0036489
-0.0036405
-0.0036321
-0.0036237
-0.0036153
-0.003607
-0.0035986
-0.0035903
-0.003582
-0.0035737
-0.0035654
-0.0035572
-0.0035489
-0.0035407
-0.0035325
-0.0035243
-0.0035161
-0.0035079
-0.0034998
-0.0034916
-0.0034835
-0.0034754
-0.0034673
-0.0034592
-0.0034512
-0.0034431
-0.0034351
-0.0034271
-0.0034191
-0.0034111
-0.0034031
-0.0033952
-0.0033872
-0.0033793
-0.0033714
-0.0033635
-0.0033556
-0.0033478
-0.0033399
-0.0033321
-0.0033243
-0.0033165
-0.0033087
-0.0033009
-0.0032932
-0.0032854
-0.0032777
-0.00327
-0.0032623
-0.0032546
-0.003247
-0.0032393
-0.0032317
-0.0032241
-0.0032165
-0.0032089
-0.0032013
-0.0031938
-0.0031862
-0.0031787
-0.0031712
-0.0031637
-0.0031562
-0.0031488
-0.0031413
-0.0031339
-0.0031265
-0.0031191
-0.0031117
-0.0031043
-0.0030969
-0.0030896
-0.0030823
-0.003075
-0.0030677
-0.0030604
-0.0030531
-0.0030459
-0.0030386
-0.0030314
-0.0030242
-0.003017
-0.0030098
-0.0030027
-0.0029955
-0.0029884
-0.0029813
-0.0029742
-0.0029671
-0.00296
-0.002953
-0.0029459
-0.0029389
-0.0029319
-0.0029249
-0.0029179
-0.002911
-0.002904
-0.0028971
-0.0028901
-0.0028832
-0.0028763
-0.0028695
-0.0028626
-0.0028558
-0.0028489
-0.0028421
-0.0028353
-0.0028285
-0.0028217
-0.002815
-0.0028082
-0.0028015
-0.0027948
-0.0027881
-0.0027814
-0.0027747
-0.0027681
-0.0027614
-0.0027548
-0.0027482
-0.0027416
-0.002735
-0.0027285
-0.0027219
-0.0027154
-0.0027089
-0.0027023
-0.0026959
-0.0026894
-0.0026829
-0.0026765
-0.00267
-0.0026636
-0.0026572
-0.0026508
-0.0026444
-0.0026381
-0.0026317
-0.0026254
-0.0026191
-0.0026128
-0.0026065
-0.0026002
-0.0025939
-0.0025877
-0.0025814
-0.0025752
-0.002569
-0.0025628
-0.0025567
-0.0025505
-0.0025443
-0.0025382
-0.0025321
-0.002526
-0.0025199
-0.0025138
-0.0025078
-0.0025017
-0.0024957
-0.0024897
-0.0024837
-0.0024777
-0.0024717
-0.0024657
-0.0024598
-0.0024539
-0.0024479
-0.002442
-0.0024361
-0.0024303
-0.0024244
-0.0024186
-0.0024127
-0.0024069
-0.0024011
-0.0023953
-0.0023895
-0.0023838
-0.002378
-0.0023723
-0.0023666
-0.0023608
-0.0023552
-0.0023495
-0.0023438
-0.0023382
-0.0023325
-0.0023269
-0.0023213
-0.0023157
-0.0023101
-0.0023045
-0.002299
-0.0022934
-0.0022879
-0.0022824
-0.0022769
-0.0022714
-0.0022659
-0.0022605
-0.002255
-0.0022496
-0.0022442
-0.0022388
-0.0022334
-0.002228
-0.0022226
-0.0022173
-0.002212
-0.0022066
-0.0022013
-0.002196
-0.0021908
-0.0021855
-0.0021802
-0.002175
-0.0021698
-0.0021646
-0.0021594
-0.0021542
-0.002149
-0.0021438
-0.0021387
-0.0021336
-0.0021284
-0.0021233
-0.0021182
-0.0021132
-0.0021081
-0.0021031
-0.002098
-0.002093
-0.002088
-0.002083
-0.002078
-0.002073
-0.0020681
-0.0020631
-0.0020582
-0.0020533
-0.0020484
-0.0020435
-0.0020386
-0.0020337
-0.0020289
-0.002024
-0.0020192
-0.0020144
-0.0020096
-0.0020048
-0.0020001
-0.0019953
-0.0019905
-0.0019858
-0.0019811
-0.0019764
-0.0019717
-0.001967
-0.0019623
-0.0019577
-0.001953
-0.0019484
-0.0019438
-0.0019392
-0.0019346
-0.00193
-0.0019255
-0.0019209
-0.0019164
-0.0019118
-0.0019073
-0.0019028
-0.0018983
-0.0018939
-0.0018894
-0.001885
-0.0018805
-0.0018761
-0.0018717
-0.0018673
-0.0018629
-0.0018585
-0.0018542
-0.0018498
-0.0018455
-0.0018412
-0.0018369
-0.0018326
-0.0018283
-0.001824
-0.0018198
-0.0018155
-0.0018113
-0.0018071
-0.0018029
-0.0017987
-0.0017945
-0.0017903
-0.0017862
-0.001782
-0.0017779
-0.0017738
-0.0017697
-0.0017656
-0.0017615
-0.0017574
-0.0017534
-0.0017493
-0.0017453
-0.0017413
-0.0017373
-0.0017333
-0.0017293
-0.0017253
-0.0017213
-0.0017174
-0.0017135
-0.0017095
-0.0017056
-0.0017017
-0.0016979
-0.001694
-0.0016901
-0.0016863
-0.0016824
-0.0016786
-0.0016748
-0.001671
-0.0016672
-0.0016634
-0.0016597
-0.0016559
-0.0016522
-0.0016485
-0.0016448
-0.001641
-0.0016374
-0.0016337
-0.00163
-0.0016264
-0.0016227
-0.0016191
-0.0016155
-0.0016119
-0.0016083
-0.0016047
-0.0016011
-0.0015975
-0.001594
-0.0015905
-0.0015869
-0.0015834
-0.0015799
-0.0015764
-0.001573
-0.0015695
-0.001566
-0.0015626
-0.0015592
-0.0015558
-0.0015523
-0.001549
-0.0015456
-0.0015422
-0.0015388
-0.0015355
-0.0015322
-0.0015288
-0.0015255
-0.0015222
-0.0015189
-0.0015156
-0.0015124
-0.0015091
-0.0015059
-0.0015026
-0.0014994
-0.0014962
-0.001493
-0.0014898
-0.0014866
-0.0014835
-0.0014803
-0.0014772
-0.001474
-0.0014709
-0.0014678
-0.0014647
-0.0014616
-0.0014586
-0.0014555
-0.0014524
-0.0014494
-0.0014464
-0.0014433
-0.0014403
-0.0014373
-0.0014343
-0.0014314
-0.0014284
-0.0014255
-0.0014225
-0.0014196
-0.0014167
-0.0014137
-0.0014109
-0.001408
-0.0014051
-0.0014022
-0.0013994
-0.0013965
-0.0013937
-0.0013909
-0.001388
-0.0013852
-0.0013825
-0.0013797
-0.0013769
-0.0013741
-0.0013714
-0.0013687
-0.0013659
-0.0013632
-0.0013605
-0.0013578
-0.0013551
-0.0013525
-0.0013498
-0.0013471
-0.0013445
-0.0013419
-0.0013392
-0.0013366
-0.001334
-0.0013314
-0.0013289
-0.0013263
-0.0013237
-0.0013212
-0.0013186
-0.0013161
-0.0013136
-0.0013111
-0.0013086
-0.0013061
-0.0013036
-0.0013011
-0.0012987
-0.0012962
-0.0012938
-0.0012914
-0.0012889
-0.0012865
-0.0012841
-0.0012817
-0.0012794
-0.001277
-0.0012746
-0.0012723
-0.00127
-0.0012676
-0.0012653
-0.001263
-0.0012607
-0.0012584
-0.0012561
-0.0012538
-0.0012516
-0.0012493
-0.0012471
-0.0012449
-0.0012426
-0.0012404
-0.0012382
-0.001236
-0.0012338
-0.0012316
-0.0012295
-0.0012273
-0.0012252
-0.001223
-0.0012209
-0.0012188
-0.0012167
-0.0012146
-0.0012125
-0.0012104
-0.0012083
-0.0012062
-0.0012042
-0.0012021
-0.0012001
-0.0011981
-0.001196
-0.001194
-0.001192
-0.00119
-0.001188
-0.0011861
-0.0011841
-0.0011821
-0.0011802
-0.0011782
-0.0011763
-0.0011744
-0.0011725
-0.0011706
-0.0011687
-0.0011668
-0.0011649
-0.001163
-0.0011611
-0.0011593
-0.0011574
-0.0011556
-0.0011538
-0.0011519
-0.0011501
-0.0011483
-0.0011465
-0.0011447
-0.0011429
-0.0011412
-0.0011394
-0.0011376
-0.0011359
-0.0011341
-0.0011324
-0.0011307
-0.001129
-0.0011273
-0.0011256
-0.0011239
-0.0011222
-0.0011205
-0.0011188
-0.0011171
-0.0011155
-0.0011138
-0.0011122
-0.0011106
-0.0011089
-0.0011073
-0.0011057
-0.0011041
-0.0011025
-0.0011009
-0.0010993
-0.0010978
-0.0010962
-0.0010946
-0.0010931
-0.0010915
-0.00109
-0.0010885
-0.0010869
-0.0010854
-0.0010839
-0.0010824
-0.0010809
-0.0010794
-0.0010779
-0.0010764
-0.001075
-0.0010735
-0.001072
-0.0010706
-0.0010692
-0.0010677
-0.0010663
-0.0010649
-0.0010634
-0.001062
-0.0010606
-0.0010592
-0.0010578
-0.0010564
-0.0010551
-0.0010537
-0.0010523
-0.001051
-0.0010496
-0.0010483
-0.0010469
-0.0010456
-0.0010443
-0.0010429
-0.0010416
-0.0010403
-0.001039
-0.0010377
-0.0010364
-0.0010351
-0.0010338
-0.0010325
-0.0010313
-0.00103
-0.0010287
-0.0010275
-0.0010262
-0.001025
-0.0010237
-0.0010225
-0.0010213
-0.00102
-0.0010188
-0.0010176
-0.0010164
-0.0010152
-0.001014
-0.0010128
-0.0010116
-0.0010104
-0.0010093
-0.0010081
-0.0010069
-0.0010057
-0.0010046
-0.0010034
-0.0010023
-0.0010011
-0.00099999
-0.00099885
-0.00099772
-0.00099659
-0.00099547
-0.00099435
-0.00099324
-0.00099213
-0.00099102
-0.00098992
-0.00098882
-0.00098773
-0.00098664
-0.00098555
-0.00098447
-0.00098339
-0.00098232
-0.00098125
-0.00098018
-0.00097912
-0.00097807
-0.00097701
-0.00097596
-0.00097491
-0.00097387
-0.00097283
-0.0009718
-0.00097076
-0.00096973
-0.00096871
-0.00096769
-0.00096667
-0.00096565
-0.00096464
-0.00096363
-0.00096263
-0.00096162
-0.00096062
-0.00095963
-0.00095864
-0.00095764
-0.00095666
-0.00095567
-0.00095469
-0.00095371
-0.00095274
-0.00095176
-0.00095079
-0.00094983
-0.00094886
-0.0009479
-0.00094694
-0.00094598
-0.00094503
-0.00094408
-0.00094313
-0.00094218
-0.00094123
-0.00094029
-0.00093935
-0.00093841
-0.00093747
-0.00093654
-0.00093561
-0.00093468
-0.00093375
-0.00093283
-0.0009319
-0.00093098
-0.00093006
-0.00092914
-0.00092822
-0.00092731
-0.0009264
-0.00092549
-0.00092458
-0.00092367
-0.00092276
-0.00092186
-0.00092095
-0.00092005
-0.00091915
-0.00091825
-0.00091735
-0.00091646
-0.00091556
-0.00091467
-0.00091377
-0.00091288
-0.00091199
-0.0009111
-0.00091022
-0.00090933
-0.00090844
-0.00090756
-0.00090667
-0.00090579
-0.00090491
-0.00090402
-0.00090314
-0.00090226
-0.00090138
-0.0009005
-0.00089963
-0.00089875
-0.00089787
-0.00089699
-0.00089612
-0.00089524
-0.00089437
-0.00089349
-0.00089262
-0.00089175
-0.00089087
-0.00089
-0.00088913
-0.00088825
-0.00088738
-0.00088651
-0.00088564
-0.00088476
-0.00088389
-0.00088302
-0.00088215
-0.00088128
-0.0008804
-0.00087953
-0.00087866
-0.00087779
-0.00087691
-0.00087604
-0.00087517
-0.0008743
-0.00087342
-0.00087255
-0.00087168
-0.0008708
-0.00086993
-0.00086905
-0.00086818
-0.0008673
-0.00086642
-0.00086555
-0.00086467
-0.00086379
-0.00086291
-0.00086203
-0.00086115
-0.00086027
-0.00085939
-0.00085851
-0.00085763
-0.00085674
-0.00085586
-0.00085497
-0.00085409
-0.0008532
-0.00085231
-0.00085142
-0.00085054
-0.00084965
-0.00084875
-0.00084786
-0.00084697
-0.00084608
-0.00084518
-0.00084428
-0.00084339
-0.00084249
-0.00084159
-0.00084069
-0.00083979
-0.00083889
-0.00083798
-0.00083708
-0.00083617
-0.00083526
-0.00083435
-0.00083344
-0.00083253
-0.00083162
-0.00083071
-0.00082979
-0.00082888
-0.00082796
-0.00082704
-0.00082612
-0.0008252
-0.00082428
-0.00082335
-0.00082243
-0.0008215
-0.00082057
-0.00081964
-0.00081871
-0.00081778
-0.00081684
-0.00081591
-0.00081497
-0.00081403
-0.00081309
-0.00081215
-0.00081121
-0.00081027
-0.00080932
-0.00080837
-0.00080742
-0.00080647
-0.00080552
-0.00080457
-0.00080361
-0.00080266
-0.0008017
-0.00080074
-0.00079978
-0.00079882
-0.00079785
-0.00079689
-0.00079592
-0.00079495
-0.00079398
-0.00079301
-0.00079203
-0.00079106
-0.00079008
-0.00078911
-0.00078813
-0.00078714
-0.00078616
-0.00078518
-0.00078419
-0.0007832
-0.00078222
-0.00078123
-0.00078023
-0.00077924
-0.00077824
-0.00077725
-0.00077625
-0.00077525
-0.00077425
-0.00077325
-0.00077224
-0.00077124
-0.00077023
-0.00076922
-0.00076821
-0.0007672
-0.00076619
-0.00076517
-0.00076416
-0.00076314
-0.00076212
-0.0007611
-0.00076008
-0.00075906
-0.00075803
-0.00075701
-0.00075598
-0.00075495
-0.00075392
-0.00075289
-0.00075186
-0.00075083
-0.00074979
-0.00074875
-0.00074772
-0.00074668
-0.00074564
-0.0007446
-0.00074355
-0.00074251
-0.00074146
-0.00074042
-0.00073937
-0.00073832
-0.00073727
-0.00073622
-0.00073517
-0.00073412
-0.00073306
-0.00073201
-0.00073095
-0.00072989
-0.00072883
-0.00072778
-0.00072671
-0.00072565
-0.00072459
-0.00072353
-0.00072246
-0.0007214
-0.00072033
-0.00071926
-0.00071819
-0.00071713
-0.00071606
-0.00071498
-0.00071391
-0.00071284
-0.00071177
-0.00071069
-0.00070962
-0.00070854
-0.00070747
-0.00070639
-0.00070531
-0.00070423
-0.00070315
-0.00070207
-0.00070099
-0.00069991
-0.00069883
-0.00069775
-0.00069666
-0.00069558
-0.00069449
-0.00069341
-0.00069232
-0.00069124
-0.00069015
-0.00068906
-0.00068798
-0.00068689
-0.0006858
-0.00068471
-0.00068362
-0.00068253
-0.00068144
-0.00068035
-0.00067926
-0.00067817
-0.00067708
-0.00067598
-0.00067489
-0.0006738
-0.00067271
-0.00067161
-0.00067052
-0.00066943
-0.00066833
-0.00066724
-0.00066614
-0.00066505
-0.00066395
-0.00066286
-0.00066176
-0.00066067
-0.00065957
-0.00065848
-0.00065738
-0.00065628
-0.00065519
-0.00065409
-0.00065299
-0.0006519
-0.0006508
-0.0006497
-0.00064861
-0.00064751
-0.00064641
-0.00064532
-0.00064422
-0.00064312
-0.00064202
-0.00064093
-0.00063983
-0.00063873
-0.00063764
-0.00063654
-0.00063544
-0.00063434
-0.00063325
-0.00063215
-0.00063105
-0.00062995
-0.00062886
-0.00062776
