0.00011515
0.00011534
0.00011554
0.00011573
0.00011593
0.00011612
0.00011632
0.00011651
0.00011671
0.00011691
0.0001171
0.0001173
0.00011749
0.00011769
0.00011788
0.00011808
0.00011828
0.00011847
0.00011867
0.00011886
0.00011906
0.00011925
0.00011945
0.00011964
0.00011984
0.00012003
0.00012023
0.00012043
0.00012062
0.00012082
0.00012101
0.00012121
0.0001214
0.0001216
0.00012179
0.00012199
0.00012218
0.00012238
0.00012257
0.00012277
0.00012296
0.00012316
0.00012335
0.00012355
0.00012374
0.00012394
0.00012413
0.00012433
0.00012452
0.00012471
0.00012491
0.0001251
0.0001253
0.00012549
0.00012569
0.00012588
0.00012607
0.00012627
0.00012646
0.00012665
0.00012685
0.00012704
0.00012723
0.00012743
0.00012762
0.00012781
0.00012801
0.0001282
0.00012839
0.00012858
0.00012878
0.00012897
0.00012916
0.00012935
0.00012954
0.00012973
0.00012993
0.00013012
0.00013031
0.0001305
0.00013069
0.00013088
0.00013107
0.00013126
0.00013145
0.00013164
0.00013183
0.00013202
0.00013221
0.0001324
0.00013259
0.00013278
0.00013297
0.00013316
0.00013334
0.00013353
0.00013372
0.00013391
0.00013409
0.00013428
0.00013447
0.00013466
0.00013484
0.00013503
0.00013522
0.0001354
0.00013559
0.00013577
0.00013596
0.00013614
0.00013633
0.00013651
0.0001367
0.00013688
0.00013707
0.00013725
0.00013743
0.00013762
0.0001378
0.00013798
0.00013816
0.00013835
0.00013853
0.00013871
0.00013889
0.00013907
0.00013925
0.00013943
0.00013961
0.00013979
0.00013997
0.00014015
0.00014033
0.00014051
0.00014069
0.00014087
0.00014104
0.00014122
0.0001414
0.00014158
0.00014175
0.00014193
0.00014211
0.00014228
0.00014246
0.00014263
0.00014281
0.00014298
0.00014316
0.00014333
0.00014351
0.00014368
0.00014385
0.00014403
0.0001442
0.00014437
0.00014454
0.00014472
0.00014489
0.00014506
0.00014523
0.0001454
0.00014557
0.00014574
0.00014591
0.00014608
0.00014625
0.00014642
0.00014659
0.00014676
0.00014692
0.00014709
0.00014726
0.00014743
0.00014759
0.00014776
0.00014793
0.00014809
0.00014826
0.00014842
0.00014859
0.00014875
0.00014892
0.00014908
0.00014925
0.00014941
0.00014957
0.00014974
0.0001499
0.00015006
0.00015022
0.00015039
0.00015055
0.00015071
0.00015087
0.00015103
0.00015119
0.00015135
0.00015151
0.00015167
0.00015183
0.00015199
0.00015215
0.00015231
0.00015247
0.00015263
0.00015279
0.00015295
0.0001531
0.00015326
0.00015342
0.00015358
0.00015373
0.00015389
0.00015405
0.0001542
0.00015436
0.00015452
0.00015467
0.00015483
0.00015498
0.00015514
0.00015529
0.00015545
0.0001556
0.00015576
0.00015591
0.00015607
0.00015622
0.00015638
0.00015653
0.00015668
0.00015684
0.00015699
0.00015714
0.0001573
0.00015745
0.0001576
0.00015776
0.00015791
0.00015806
0.00015821
0.00015837
0.00015852
0.00015867
0.00015882
0.00015898
0.00015913
0.00015928
0.00015943
0.00015958
0.00015973
0.00015989
0.00016004
0.00016019
0.00016034
0.00016049
0.00016065
0.0001608
0.00016095
0.0001611
0.00016125
0.0001614
0.00016156
0.00016171
0.00016186
0.00016201
0.00016216
0.00016231
0.00016247
0.00016262
0.00016277
0.00016292
0.00016307
0.00016323
0.00016338
0.00016353
0.00016368
0.00016384
0.00016399
0.00016414
0.00016429
0.00016445
0.0001646
0.00016475
0.00016491
0.00016506
0.00016521
0.00016537
0.00016552
0.00016568
0.00016583
0.00016599
0.00016614
0.00016629
0.00016645
0.00016661
0.00016676
0.00016692
0.00016707
0.00016723
0.00016739
0.00016754
0.0001677
0.00016786
0.00016801
0.00016817
0.00016833
0.00016849
0.00016865
0.00016881
0.00016897
0.00016913
0.00016929
0.00016945
0.00016961
0.00016977
0.00016993
0.00017009
0.00017025
0.00017042
0.00017058
0.00017074
0.00017091
0.00017107
0.00017124
0.0001714
0.00017157
0.00017173
0.0001719
0.00017206
0.00017223
0.0001724
0.00017257
0.00017273
0.0001729
0.00017307
0.00017324
0.00017341
0.00017358
0.00017376
0.00017393
0.0001741
0.00017427
0.00017445
0.00017462
0.0001748
0.00017497
0.00017515
0.00017532
0.0001755
0.00017568
0.00017586
0.00017603
0.00017621
0.00017639
0.00017657
0.00017676
0.00017694
0.00017712
0.0001773
0.00017749
0.00017767
0.00017786
0.00017804
0.00017823
0.00017842
0.0001786
0.00017879
0.00017898
0.00017917
0.00017936
0.00017955
0.00017975
0.00017994
0.00018013
0.00018033
0.00018052
0.00018072
0.00018092
0.00018111
0.00018131
0.00018151
0.00018171
0.00018191
0.00018211
0.00018232
0.00018252
0.00018272
0.00018293
0.00018313
0.00018334
0.00018355
0.00018376
0.00018397
0.00018418
0.00018439
0.0001846
0.00018481
0.00018503
0.00018524
0.00018546
0.00018567
0.00018589
0.00018611
0.00018633
0.00018655
0.00018677
0.00018699
0.00018722
0.00018744
0.00018767
0.00018789
0.00018812
0.00018835
0.00018858
0.00018881
0.00018904
0.00018927
0.00018951
0.00018974
0.00018998
0.00019021
0.00019045
0.00019069
0.00019093
0.00019117
0.00019141
0.00019166
0.0001919
0.00019215
0.00019239
0.00019264
0.00019289
0.00019314
0.00019339
0.00019364
0.0001939
0.00019415
0.00019441
0.00019466
0.00019492
0.00019518
0.00019544
0.0001957
0.00019597
0.00019623
0.0001965
0.00019676
0.00019703
0.0001973
0.00019757
0.00019784
0.00019811
0.00019839
0.00019866
0.00019894
0.00019922
0.00019949
0.00019977
0.00020006
0.00020034
0.00020062
0.00020091
0.00020119
0.00020148
0.00020177
0.00020206
0.00020235
0.00020265
0.00020294
0.00020324
0.00020354
0.00020383
0.00020413
0.00020444
0.00020474
0.00020504
0.00020535
0.00020565
0.00020596
0.00020627
0.00020658
0.0002069
0.00020721
0.00020752
0.00020784
0.00020816
0.00020848
0.0002088
0.00020912
0.00020945
0.00020977
0.0002101
0.00021043
0.00021076
0.00021109
0.00021142
0.00021175
0.00021209
0.00021242
0.00021276
0.0002131
0.00021344
0.00021379
0.00021413
0.00021448
0.00021482
0.00021517
0.00021552
0.00021588
0.00021623
0.00021658
0.00021694
0.0002173
0.00021766
0.00021802
0.00021838
0.00021875
0.00021911
0.00021948
0.00021985
0.00022022
0.00022059
0.00022096
0.00022134
0.00022171
0.00022209
0.00022247
0.00022285
0.00022324
0.00022362
0.00022401
0.0002244
0.00022479
0.00022518
0.00022557
0.00022596
0.00022636
0.00022676
0.00022716
0.00022756
0.00022796
0.00022836
0.00022877
0.00022918
0.00022959
0.00023
0.00023041
0.00023082
0.00023124
0.00023165
0.00023207
0.00023249
0.00023292
0.00023334
0.00023377
0.00023419
0.00023462
0.00023505
0.00023549
0.00023592
0.00023636
0.00023679
0.00023723
0.00023767
0.00023812
0.00023856
0.00023901
0.00023945
0.0002399
0.00024035
0.00024081
0.00024126
0.00024172
0.00024218
0.00024264
0.0002431
0.00024356
0.00024403
0.00024449
0.00024496
0.00024543
0.0002459
0.00024638
0.00024685
0.00024733
0.00024781
0.00024829
0.00024877
0.00024926
0.00024974
0.00025023
0.00025072
0.00025121
0.00025171
0.0002522
0.0002527
0.0002532
0.0002537
0.0002542
0.0002547
0.00025521
0.00025572
0.00025623
0.00025674
0.00025725
0.00025776
0.00025828
0.0002588
0.00025932
0.00025984
0.00026036
0.00026089
0.00026142
0.00026195
0.00026248
0.00026301
0.00026355
0.00026408
0.00026462
0.00026516
0.0002657
0.00026625
0.00026679
0.00026734
0.00026789
0.00026844
0.00026899
0.00026955
0.0002701
0.00027066
0.00027122
0.00027179
0.00027235
0.00027292
0.00027348
0.00027405
0.00027462
0.0002752
0.00027577
0.00027635
0.00027693
0.00027751
0.00027809
0.00027868
0.00027926
0.00027985
0.00028044
0.00028103
0.00028163
0.00028222
0.00028282
0.00028342
0.00028402
0.00028462
0.00028523
0.00028583
0.00028644
0.00028705
0.00028767
0.00028828
0.0002889
0.00028952
0.00029014
0.00029076
0.00029138
0.00029201
0.00029263
0.00029326
0.00029389
0.00029453
0.00029516
0.0002958
0.00029644
0.00029708
0.00029772
0.00029837
0.00029901
0.00029966
0.00030031
0.00030096
0.00030162
0.00030227
0.00030293
0.00030359
0.00030425
0.00030492
0.00030558
0.00030625
0.00030692
0.00030759
0.00030826
0.00030894
0.00030961
0.00031029
0.00031097
0.00031166
0.00031234
0.00031303
0.00031371
0.0003144
0.0003151
0.00031579
0.00031649
0.00031718
0.00031788
0.00031858
0.00031929
0.00031999
0.0003207
0.00032141
0.00032212
0.00032283
0.00032355
0.00032427
0.00032498
0.0003257
0.00032643
0.00032715
0.00032788
0.00032861
0.00032934
0.00033007
0.0003308
0.00033154
0.00033228
0.00033302
0.00033376
0.0003345
0.00033525
0.00033599
0.00033674
0.00033749
0.00033825
0.000339
0.00033976
0.00034052
0.00034128
0.00034204
0.00034281
0.00034357
0.00034434
0.00034511
0.00034588
0.00034666
0.00034743
0.00034821
0.00034899
0.00034977
0.00035056
0.00035134
0.00035213
0.00035292
0.00035371
0.0003545
0.0003553
0.0003561
0.00035689
0.0003577
0.0003585
0.0003593
0.00036011
0.00036092
0.00036173
0.00036254
0.00036335
0.00036417
0.00036499
0.00036581
0.00036663
0.00036745
0.00036828
0.00036911
0.00036994
0.00037077
0.0003716
0.00037244
0.00037327
0.00037411
0.00037495
0.0003758
0.00037664
0.00037749
0.00037834
0.00037919
0.00038004
0.00038089
0.00038175
0.00038261
0.00038347
0.00038433
0.00038519
0.00038606
0.00038692
0.00038779
0.00038866
0.00038954
0.00039041
0.00039129
0.00039217
0.00039305
0.00039393
0.00039481
0.0003957
0.00039659
0.00039748
0.00039837
0.00039926
0.00040016
0.00040106
0.00040196
0.00040286
0.00040376
0.00040467
0.00040557
0.00040648
0.00040739
0.00040831
0.00040922
0.00041014
0.00041105
0.00041197
0.0004129
0.00041382
0.00041475
0.00041567
0.0004166
0.00041753
0.00041847
0.0004194
0.00042034
0.00042128
0.00042222
0.00042316
0.0004241
0.00042505
0.000426
0.00042695
0.0004279
0.00042885
0.00042981
0.00043077
0.00043172
0.00043269
0.00043365
0.00043461
0.00043558
0.00043655
0.00043752
0.00043849
0.00043946
0.00044044
0.00044142
0.0004424
0.00044338
0.00044436
0.00044534
0.00044633
0.00044732
0.00044831
0.0004493
0.0004503
0.00045129
0.00045229
0.00045329
0.00045429
0.00045529
0.0004563
0.0004573
0.00045831
0.00045932
0.00046033
0.00046135
0.00046236
0.00046338
0.0004644
0.00046542
0.00046644
0.00046747
0.00046849
0.00046952
0.00047055
0.00047158
0.00047262
0.00047365
0.00047469
0.00047573
0.00047677
0.00047781
0.00047886
0.0004799
0.00048095
0.000482
0.00048305
0.0004841
0.00048516
0.00048621
0.00048727
0.00048833
0.00048939
0.00049046
0.00049152
0.00049259
0.00049366
0.00049473
0.0004958
0.00049688
0.00049795
0.00049903
0.00050011
0.00050119
0.00050227
0.00050336
0.00050444
0.00050553
0.00050662
0.00050771
0.0005088
0.0005099
0.000511
0.00051209
0.00051319
0.00051429
0.0005154
0.0005165
0.00051761
0.00051872
0.00051983
0.00052094
0.00052205
0.00052317
0.00052428
0.0005254
0.00052652
0.00052765
0.00052877
0.00052989
0.00053102
0.00053215
0.00053328
0.00053441
0.00053554
0.00053668
0.00053782
0.00053895
0.00054009
0.00054124
0.00054238
0.00054352
0.00054467
0.00054582
0.00054697
0.00054812
0.00054927
0.00055043
0.00055158
0.00055274
0.0005539
0.00055506
0.00055622
0.00055739
0.00055855
0.00055972
0.00056089
0.00056206
0.00056323
0.00056441
0.00056558
0.00056676
0.00056794
0.00056912
0.0005703
0.00057148
0.00057267
0.00057385
0.00057504
0.00057623
0.00057742
0.00057861
0.00057981
0.000581
0.0005822
0.0005834
0.0005846
0.0005858
0.000587
0.00058821
0.00058941
0.00059062
0.00059183
0.00059304
0.00059425
0.00059547
0.00059668
0.0005979
0.00059911
0.00060033
0.00060155
0.00060278
0.000604
0.00060523
0.00060645
0.00060768
0.00060891
0.00061014
0.00061137
0.00061261
0.00061384
0.00061508
0.00061632
0.00061756
0.0006188
0.00062004
0.00062128
0.00062253
0.00062377
0.00062502
0.00062627
0.00062752
0.00062877
0.00063003
0.00063128
0.00063254
0.00063379
0.00063505
0.00063631
0.00063757
0.00063884
0.0006401
0.00064137
0.00064263
0.0006439
0.00064517
0.00064644
0.00064771
0.00064899
0.00065026
0.00065154
0.00065281
0.00065409
0.00065537
0.00065665
0.00065793
0.00065922
0.0006605
0.00066179
0.00066307
0.00066436
0.00066565
0.00066694
0.00066823
0.00066952
0.00067082
0.00067211
0.00067341
0.00067471
0.00067601
0.00067731
0.00067861
0.00067991
0.00068121
0.00068252
0.00068382
0.00068513
0.00068644
0.00068775
0.00068906
0.00069037
0.00069168
0.000693
0.00069431
0.00069563
0.00069694
0.00069826
0.00069958
0.0007009
0.00070222
0.00070354
0.00070487
0.00070619
0.00070752
0.00070884
0.00071017
0.0007115
0.00071283
0.00071416
0.00071549
0.00071682
0.00071815
0.00071949
0.00072082
0.00072216
0.0007235
0.00072483
0.00072617
0.00072751
0.00072885
0.0007302
0.00073154
0.00073288
0.00073423
0.00073557
0.00073692
0.00073826
0.00073961
0.00074096
0.00074231
0.00074366
0.00074501
0.00074636
0.00074772
0.00074907
0.00075042
0.00075178
0.00075314
0.00075449
0.00075585
0.00075721
0.00075857
0.00075993
0.00076129
0.00076265
0.00076401
0.00076537
0.00076674
0.0007681
0.00076947
0.00077083
0.0007722
0.00077357
0.00077493
0.0007763
0.00077767
0.00077904
0.00078041
0.00078178
0.00078315
0.00078452
0.0007859
0.00078727
0.00078864
0.00079002
0.00079139
0.00079277
0.00079414
0.00079552
0.0007969
0.00079827
0.00079965
0.00080103
0.00080241
0.00080379
0.00080517
0.00080655
0.00080793
0.00080931
0.00081069
0.00081208
0.00081346
0.00081484
0.00081622
0.00081761
0.00081899
0.00082038
0.00082176
0.00082315
0.00082453
0.00082592
0.00082731
0.00082869
0.00083008
0.00083147
0.00083285
0.00083424
0.00083563
0.00083702
0.00083841
0.00083979
0.00084118
0.00084257
0.00084396
0.00084535
0.00084674
0.00084813
0.00084952
0.00085091
0.0008523
0.00085369
0.00085508
0.00085647
0.00085787
0.00085926
0.00086065
0.00086204
0.00086343
0.00086482
0.00086621
0.0008676
0.000869
0.00087039
0.00087178
0.00087317
0.00087456
0.00087595
0.00087734
0.00087874
0.00088013
0.00088152
0.00088291
0.0008843
0.00088569
0.00088708
0.00088847
0.00088986
0.00089125
0.00089264
0.00089403
0.00089542
0.00089681
0.0008982
0.00089959
0.00090098
0.00090237
0.00090376
0.00090515
0.00090653
0.00090792
0.00090931
0.00091069
0.00091208
0.00091347
0.00091485
0.00091624
0.00091762
0.00091901
0.00092039
0.00092178
0.00092316
0.00092455
0.00092593
0.00092731
0.00092869
0.00093007
0.00093145
0.00093283
0.00093421
0.00093559
0.00093697
0.00093835
0.00093973
0.00094111
0.00094248
0.00094386
0.00094523
0.00094661
0.00094798
0.00094936
0.00095073
0.0009521
0.00095347
0.00095484
0.00095621
0.00095758
0.00095895
0.00096032
0.00096169
0.00096305
0.00096442
0.00096578
0.00096715
0.00096851
0.00096987
0.00097123
0.00097259
0.00097395
0.00097531
0.00097667
0.00097803
0.00097938
0.00098074
0.00098209
0.00098344
0.0009848
0.00098615
0.0009875
0.00098885
0.00099019
0.00099154
0.00099289
0.00099423
0.00099557
0.00099692
0.00099826
0.0009996
0.0010009
0.0010023
0.0010036
0.0010049
0.0010063
0.0010076
0.0010089
0.0010103
0.0010116
0.0010129
0.0010143
0.0010156
0.0010169
0.0010182
0.0010196
0.0010209
0.0010222
0.0010235
0.0010248
0.0010261
0.0010275
0.0010288
0.0010301
0.0010314
0.0010327
0.001034
0.0010353
0.0010366
0.0010379
0.0010392
0.0010405
0.0010418
0.0010431
0.0010444
0.0010457
0.001047
0.0010483
0.0010495
0.0010508
0.0010521
0.0010534
0.0010547
0.001056
0.0010572
0.0010585
0.0010598
0.001061
0.0010623
0.0010636
0.0010649
0.0010661
0.0010674
0.0010686
0.0010699
0.0010712
0.0010724
0.0010737
0.0010749
0.0010762
0.0010774
0.0010786
0.0010799
0.0010811
0.0010824
0.0010836
0.0010848
0.0010861
0.0010873
0.0010885
0.0010897
0.001091
0.0010922
0.0010934
0.0010946
0.0010958
0.0010971
0.0010983
0.0010995
0.0011007
0.0011019
0.0011031
0.0011043
0.0011055
0.0011067
0.0011079
0.001109
0.0011102
0.0011114
0.0011126
0.0011138
0.001115
0.0011161
0.0011173
0.0011185
0.0011196
0.0011208
0.001122
0.0011231
0.0011243
0.0011254
0.0011266
0.0011277
0.0011289
0.00113
0.0011311
0.0011323
0.0011334
0.0011346
0.0011357
0.0011368
0.0011379
0.0011391
0.0011402
0.0011413
0.0011424
0.0011435
0.0011446
0.0011457
0.0011468
0.0011479
0.001149
0.0011501
0.0011512
0.0011523
0.0011534
0.0011544
0.0011555
0.0011566
0.0011577
0.0011587
0.0011598
0.0011609
0.0011619
0.001163
0.001164
0.0011651
0.0011661
0.0011672
0.0011682
0.0011692
0.0011703
0.0011713
0.0011723
0.0011733
0.0011744
0.0011754
0.0011764
0.0011774
0.0011784
0.0011794
0.0011804
0.0011814
0.0011824
0.0011834
0.0011844
0.0011853
0.0011863
0.0011873
0.0011883
0.0011892
0.0011902
0.0011912
0.0011921
0.0011931
0.001194
0.001195
0.0011959
0.0011968
0.0011978
0.0011987
0.0011996
0.0012006
0.0012015
0.0012024
0.0012033
0.0012042
0.0012051
0.001206
0.0012069
0.0012078
0.0012087
0.0012096
0.0012105
0.0012113
0.0012122
0.0012131
0.0012139
0.0012148
0.0012157
0.0012165
0.0012174
0.0012182
0.001219
0.0012199
0.0012207
0.0012215
0.0012224
0.0012232
0.001224
0.0012248
0.0012256
0.0012264
0.0012272
0.001228
0.0012288
0.0012296
0.0012304
0.0012312
0.0012319
0.0012327
0.0012335
0.0012342
0.001235
0.0012357
0.0012365
0.0012372
0.001238
0.0012387
0.0012394
0.0012402
0.0012409
0.0012416
0.0012423
0.001243
0.0012437
0.0012444
0.0012451
0.0012458
0.0012465
0.0012472
0.0012478
0.0012485
0.0012492
0.0012498
0.0012505
0.0012511
0.0012518
0.0012524
0.0012531
0.0012537
0.0012543
0.0012549
0.0012556
0.0012562
0.0012568
0.0012574
0.001258
0.0012586
0.0012592
0.0012597
0.0012603
0.0012609
0.0012615
0.001262
0.0012626
0.0012631
0.0012637
0.0012642
0.0012648
0.0012653
0.0012658
0.0012664
0.0012669
0.0012674
0.0012679
0.0012684
0.0012689
0.0012694
0.0012699
0.0012704
0.0012708
0.0012713
0.0012718
0.0012722
0.0012727
0.0012731
0.0012736
0.001274
0.0012745
0.0012749
0.0012753
0.0012757
0.0012762
0.0012766
0.001277
0.0012774
0.0012778
0.0012781
0.0012785
0.0012789
0.0012793
0.0012796
0.00128
0.0012804
0.0012807
0.001281
0.0012814
0.0012817
0.001282
0.0012824
0.0012827
0.001283
0.0012833
0.0012836
0.0012839
0.0012842
0.0012845
0.0012847
0.001285
0.0012853
0.0012855
0.0012858
0.001286
0.0012863
0.0012865
0.0012867
0.001287
0.0012872
0.0012874
0.0012876
0.0012878
0.001288
0.0012882
0.0012884
0.0012885
0.0012887
0.0012889
0.001289
0.0012892
0.0012893
0.0012895
0.0012896
0.0012898
0.0012899
0.00129
0.0012901
0.0012902
0.0012903
0.0012904
0.0012905
0.0012906
0.0012907
0.0012907
0.0012908
0.0012909
0.0012909
0.001291
0.001291
0.001291
0.0012911
0.0012911
0.0012911
0.0012911
0.0012911
0.0012911
0.0012911
0.0012911
0.0012911
0.0012911
0.001291
0.001291
0.001291
0.0012909
0.0012908
0.0012908
0.0012907
0.0012906
0.0012906
0.0012905
0.0012904
0.0012903
0.0012902
0.0012901
0.0012899
0.0012898
0.0012897
0.0012895
0.0012894
0.0012892
0.0012891
0.0012889
0.0012888
0.0012886
0.0012884
0.0012882
0.001288
0.0012878
0.0012876
0.0012874
0.0012872
0.0012869
0.0012867
0.0012865
0.0012862
0.001286
0.0012857
0.0012855
0.0012852
0.0012849
0.0012846
0.0012843
0.001284
0.0012837
0.0012834
0.0012831
0.0012828
0.0012825
0.0012821
0.0012818
0.0012814
0.0012811
0.0012807
0.0012803
0.00128
0.0012796
0.0012792
0.0012788
0.0012784
0.001278
0.0012776
0.0012772
0.0012767
0.0012763
0.0012759
0.0012754
0.001275
0.0012745
0.001274
0.0012736
0.0012731
0.0012726
0.0012721
0.0012716
0.0012711
0.0012706
0.0012701
0.0012695
0.001269
0.0012685
0.0012679
0.0012674
0.0012668
0.0012663
0.0012657
0.0012651
0.0012645
0.0012639
0.0012633
0.0012627
0.0012621
0.0012615
0.0012609
0.0012603
0.0012596
0.001259
0.0012583
0.0012577
0.001257
0.0012563
0.0012557
0.001255
0.0012543
0.0012536
0.0012529
0.0012522
0.0012515
0.0012507
0.00125
0.0012493
0.0012485
0.0012478
0.001247
0.0012463
0.0012455
0.0012447
0.0012439
0.0012431
0.0012423
0.0012415
0.0012407
0.0012399
0.0012391
0.0012383
0.0012374
0.0012366
0.0012358
0.0012349
0.001234
0.0012332
0.0012323
0.0012314
0.0012305
0.0012296
0.0012287
0.0012278
0.0012269
0.001226
0.0012251
0.0012241
0.0012232
0.0012222
0.0012213
0.0012203
0.0012194
0.0012184
0.0012174
0.0012164
0.0012154
0.0012144
0.0012134
0.0012124
0.0012114
0.0012104
0.0012094
0.0012083
0.0012073
0.0012062
0.0012052
0.0012041
0.001203
0.001202
0.0012009
0.0011998
0.0011987
0.0011976
0.0011965
0.0011954
0.0011942
0.0011931
0.001192
0.0011908
0.0011897
0.0011885
0.0011874
0.0011862
0.001185
0.0011839
0.0011827
0.0011815
0.0011803
0.0011791
0.0011779
0.0011767
0.0011754
0.0011742
0.001173
0.0011717
0.0011705
0.0011692
0.001168
0.0011667
0.0011654
0.0011642
0.0011629
0.0011616
0.0011603
0.001159
0.0011577
0.0011563
0.001155
0.0011537
0.0011524
0.001151
0.0011497
0.0011483
0.001147
0.0011456
0.0011442
0.0011428
0.0011415
0.0011401
0.0011387
0.0011373
0.0011359
0.0011345
0.001133
0.0011316
0.0011302
0.0011287
0.0011273
0.0011258
0.0011244
0.0011229
0.0011215
0.00112
0.0011185
0.001117
0.0011155
0.001114
0.0011125
0.001111
0.0011095
0.001108
0.0011064
0.0011049
0.0011034
0.0011018
0.0011003
0.0010987
0.0010972
0.0010956
0.001094
0.0010924
0.0010909
0.0010893
0.0010877
0.0010861
0.0010845
0.0010828
0.0010812
0.0010796
0.001078
0.0010763
0.0010747
0.0010731
0.0010714
0.0010697
0.0010681
0.0010664
0.0010647
0.0010631
0.0010614
0.0010597
0.001058
0.0010563
0.0010546
0.0010529
0.0010511
0.0010494
0.0010477
0.001046
0.0010442
0.0010425
0.0010407
0.001039
0.0010372
0.0010354
0.0010337
0.0010319
0.0010301
0.0010283
0.0010265
0.0010247
0.0010229
0.0010211
0.0010193
0.0010175
0.0010157
0.0010138
0.001012
0.0010102
0.0010083
0.0010065
0.0010046
0.0010028
0.0010009
0.00099903
0.00099716
0.00099528
0.0009934
0.00099151
0.00098962
0.00098772
0.00098582
0.00098391
0.000982
0.00098008
0.00097816
0.00097623
0.0009743
0.00097237
0.00097043
0.00096848
0.00096653
0.00096458
0.00096262
0.00096065
0.00095869
0.00095671
0.00095473
0.00095275
0.00095077
0.00094877
0.00094678
0.00094478
0.00094277
0.00094077
0.00093875
0.00093673
0.00093471
0.00093269
0.00093066
0.00092862
0.00092658
0.00092454
0.00092249
0.00092044
0.00091838
0.00091632
0.00091426
0.00091219
0.00091011
0.00090804
0.00090595
0.00090387
0.00090178
0.00089969
0.00089759
0.00089549
0.00089338
0.00089127
0.00088916
0.00088704
0.00088492
0.00088279
0.00088066
0.00087853
0.00087639
0.00087425
0.00087211
0.00086996
0.00086781
0.00086565
0.00086349
0.00086133
0.00085916
0.00085699
0.00085482
0.00085264
0.00085046
0.00084828
0.00084609
0.0008439
0.0008417
0.0008395
0.0008373
0.00083509
0.00083288
0.00083067
0.00082845
0.00082624
0.00082401
0.00082179
0.00081956
0.00081732
0.00081509
0.00081285
0.00081061
0.00080836
0.00080611
0.00080386
0.00080161
0.00079935
0.00079709
0.00079482
0.00079256
0.00079029
0.00078801
0.00078574
0.00078346
0.00078118
0.00077889
0.0007766
0.00077431
0.00077202
0.00076972
0.00076742
0.00076512
0.00076282
0.00076051
0.0007582
0.00075589
0.00075357
0.00075125
0.00074893
0.00074661
0.00074428
0.00074196
0.00073963
0.00073729
0.00073496
0.00073262
0.00073028
0.00072793
0.00072559
0.00072324
0.00072089
0.00071854
0.00071618
0.00071383
0.00071147
0.00070911
0.00070674
0.00070438
0.00070201
0.00069964
0.00069727
0.00069489
0.00069251
0.00069014
0.00068776
0.00068537
0.00068299
0.0006806
0.00067821
0.00067582
0.00067343
0.00067104
0.00066864
0.00066624
0.00066384
0.00066144
0.00065904
0.00065664
0.00065423
0.00065182
0.00064941
0.000647
0.00064459
0.00064217
0.00063976
0.00063734
0.00063492
0.0006325
0.00063008
0.00062765
0.00062523
0.0006228
0.00062038
0.00061795
0.00061552
0.00061308
0.00061065
0.00060822
0.00060578
0.00060335
0.00060091
0.00059847
0.00059603
0.00059359
0.00059115
0.0005887
0.00058626
0.00058381
0.00058137
0.00057892
0.00057647
0.00057402
0.00057157
0.00056912
0.00056667
0.00056422
0.00056176
0.00055931
0.00055686
0.0005544
0.00055194
0.00054949
0.00054703
0.00054457
0.00054211
0.00053965
0.00053719
0.00053473
0.00053227
0.00052981
0.00052735
0.00052488
0.00052242
0.00051996
0.00051749
0.00051503
0.00051257
0.0005101
0.00050764
0.00050517
0.00050271
0.00050024
0.00049777
0.00049531
0.00049284
0.00049038
0.00048791
0.00048544
0.00048298
0.00048051
0.00047804
0.00047558
0.00047311
0.00047064
0.00046818
0.00046571
0.00046325
0.00046078
0.00045831
0.00045585
0.00045338
0.00045092
0.00044845
0.00044599
0.00044353
0.00044106
0.0004386
0.00043614
0.00043367
0.00043121
0.00042875
0.00042629
0.00042383
0.00042137
0.00041891
0.00041645
0.00041399
0.00041153
0.00040907
0.00040662
0.00040416
0.00040171
0.00039925
0.0003968
0.00039435
0.00039189
0.00038944
0.00038699
0.00038454
0.00038209
0.00037965
0.0003772
0.00037475
0.00037231
0.00036987
0.00036742
0.00036498
0.00036254
0.0003601
0.00035766
0.00035522
0.00035279
0.00035035
0.00034792
0.00034549
0.00034306
0.00034063
0.0003382
0.00033577
0.00033334
0.00033092
0.00032849
0.00032607
0.00032365
0.00032123
0.00031881
0.0003164
0.00031398
0.00031157
0.00030916
0.00030675
0.00030434
0.00030193
0.00029953
0.00029712
0.00029472
0.00029232
0.00028992
0.00028753
0.00028513
0.00028274
0.00028035
0.00027796
0.00027557
0.00027318
0.0002708
0.00026842
0.00026604
0.00026366
0.00026128
0.00025891
0.00025653
0.00025416
0.0002518
0.00024943
0.00024707
0.0002447
0.00024234
0.00023999
0.00023763
0.00023528
0.00023293
0.00023058
0.00022823
0.00022589
0.00022354
0.0002212
0.00021887
0.00021653
0.0002142
0.00021187
0.00020954
0.00020721
0.00020489
0.00020257
0.00020025
0.00019793
0.00019562
0.00019331
0.000191
0.0001887
0.00018639
0.00018409
0.00018179
0.0001795
0.00017721
0.00017492
0.00017263
0.00017035
0.00016806
0.00016578
0.00016351
0.00016124
0.00015896
0.0001567
0.00015443
0.00015217
0.00014991
0.00014765
0.0001454
0.00014315
0.0001409
0.00013866
0.00013642
0.00013418
0.00013194
0.00012971
0.00012748
0.00012525
0.00012303
0.00012081
0.00011859
0.00011638
0.00011417
0.00011196
0.00010976
0.00010756
0.00010536
0.00010316
0.00010097
9.8785e-05
9.66e-05
9.4418e-05
9.224e-05
9.0065e-05
8.7894e-05
8.5725e-05
8.3561e-05
8.1399e-05
7.9241e-05
7.7087e-05
7.4936e-05
7.2788e-05
7.0644e-05
6.8503e-05
6.6366e-05
6.4232e-05
6.2102e-05
5.9976e-05
5.7853e-05
5.5734e-05
5.3618e-05
5.1506e-05
4.9397e-05
4.7292e-05
4.5191e-05
4.3094e-05
4.1e-05
3.891e-05
3.6823e-05
3.474e-05
3.2661e-05
3.0586e-05
2.8515e-05
2.6447e-05
2.4383e-05
2.2323e-05
2.0267e-05
1.8215e-05
1.6166e-05
1.4122e-05
1.2081e-05
1.0044e-05
8.0113e-06
5.9824e-06
3.9573e-06
1.9362e-06
-8.0931e-08
-2.0941e-06
-4.1033e-06
-6.1084e-06
-8.1096e-06
-1.0107e-05
-1.21e-05
-1.4089e-05
-1.6074e-05
-1.8055e-05
-2.0031e-05
-2.2004e-05
-2.3973e-05
-2.5937e-05
-2.7897e-05
-2.9854e-05
-3.1806e-05
-3.3753e-05
-3.5697e-05
-3.7637e-05
-3.9572e-05
-4.1503e-05
-4.343e-05
-4.5352e-05
-4.727e-05
-4.9184e-05
-5.1094e-05
-5.3e-05
-5.4901e-05
-5.6798e-05
-5.869e-05
-6.0578e-05
-6.2462e-05
-6.4342e-05
-6.6217e-05
-6.8087e-05
-6.9954e-05
-7.1816e-05
-7.3673e-05
-7.5526e-05
-7.7375e-05
-7.922e-05
-8.1059e-05
-8.2895e-05
-8.4726e-05
-8.6552e-05
-8.8374e-05
-9.0192e-05
-9.2005e-05
-9.3813e-05
-9.5617e-05
-9.7416e-05
-9.9211e-05
-0.000101
-0.00010279
-0.00010457
-0.00010635
-0.00010812
-0.00010988
-0.00011165
-0.00011341
-0.00011516
-0.00011691
-0.00011865
-0.00012039
-0.00012213
-0.00012386
-0.00012558
-0.0001273
-0.00012902
-0.00013073
-0.00013244
-0.00013414
-0.00013584
-0.00013753
-0.00013922
-0.0001409
-0.00014258
-0.00014426
-0.00014593
-0.00014759
-0.00014925
-0.0001509
-0.00015255
-0.0001542
-0.00015584
-0.00015748
-0.00015911
-0.00016073
-0.00016235
-0.00016397
-0.00016558
-0.00016719
-0.00016879
-0.00017039
-0.00017198
-0.00017357
-0.00017515
-0.00017673
-0.0001783
-0.00017987
-0.00018143
-0.00018299
-0.00018454
-0.00018609
-0.00018763
-0.00018917
-0.0001907
-0.00019223
-0.00019376
-0.00019528
-0.00019679
-0.0001983
-0.0001998
-0.0002013
-0.00020279
-0.00020428
-0.00020577
-0.00020725
-0.00020872
-0.00021019
-0.00021165
-0.00021311
-0.00021457
-0.00021602
-0.00021746
-0.0002189
-0.00022033
-0.00022176
-0.00022319
-0.0002246
-0.00022602
-0.00022743
-0.00022883
-0.00023023
-0.00023162
-0.00023301
-0.0002344
-0.00023578
-0.00023715
-0.00023852
-0.00023988
-0.00024124
-0.0002426
-0.00024394
-0.00024529
-0.00024663
-0.00024796
-0.00024929
-0.00025061
-0.00025193
-0.00025324
-0.00025455
-0.00025585
-0.00025715
-0.00025844
-0.00025973
-0.00026102
-0.00026229
-0.00026357
-0.00026483
-0.0002661
-0.00026735
-0.00026861
-0.00026985
-0.00027109
-0.00027233
-0.00027356
-0.00027479
-0.00027601
-0.00027723
-0.00027844
-0.00027965
-0.00028085
-0.00028205
-0.00028324
-0.00028442
-0.00028561
-0.00028678
-0.00028795
-0.00028912
-0.00029028
-0.00029144
-0.00029259
-0.00029373
-0.00029487
-0.00029601
-0.00029714
-0.00029826
-0.00029938
-0.0003005
-0.00030161
-0.00030272
-0.00030382
-0.00030491
-0.000306
-0.00030709
-0.00030816
-0.00030924
-0.00031031
-0.00031137
-0.00031243
-0.00031349
-0.00031454
-0.00031558
-0.00031662
-0.00031766
-0.00031869
-0.00031971
-0.00032073
-0.00032174
-0.00032275
-0.00032376
-0.00032476
-0.00032575
-0.00032674
-0.00032772
-0.0003287
-0.00032968
-0.00033065
-0.00033161
-0.00033257
-0.00033352
-0.00033447
-0.00033542
-0.00033636
-0.00033729
-0.00033822
-0.00033914
-0.00034006
-0.00034098
-0.00034189
-0.00034279
-0.00034369
-0.00034458
-0.00034547
-0.00034636
-0.00034724
-0.00034811
-0.00034898
-0.00034985
-0.00035071
-0.00035156
-0.00035241
-0.00035326
-0.0003541
-0.00035493
-0.00035576
-0.00035659
-0.00035741
-0.00035822
-0.00035903
-0.00035984
-0.00036064
-0.00036144
-0.00036223
-0.00036301
-0.0003638
-0.00036457
-0.00036534
-0.00036611
-0.00036687
-0.00036763
-0.00036838
-0.00036913
-0.00036987
-0.00037061
-0.00037135
-0.00037207
-0.0003728
-0.00037352
-0.00037423
-0.00037494
-0.00037564
-0.00037634
-0.00037704
-0.00037773
-0.00037842
-0.0003791
-0.00037977
-0.00038044
-0.00038111
-0.00038177
-0.00038243
-0.00038308
-0.00038373
-0.00038437
-0.00038501
-0.00038565
-0.00038628
-0.0003869
-0.00038752
-0.00038814
-0.00038875
-0.00038935
-0.00038995
-0.00039055
-0.00039114
-0.00039173
-0.00039231
-0.00039289
-0.00039347
-0.00039404
-0.0003946
-0.00039516
-0.00039572
-0.00039627
-0.00039681
-0.00039736
-0.00039789
-0.00039843
-0.00039896
-0.00039948
-0.0004
-0.00040051
-0.00040103
-0.00040153
-0.00040203
-0.00040253
-0.00040302
-0.00040351
-0.000404
-0.00040447
-0.00040495
-0.00040542
-0.00040589
-0.00040635
-0.00040681
-0.00040726
-0.00040771
-0.00040815
-0.00040859
-0.00040903
-0.00040946
-0.00040989
-0.00041031
-0.00041073
-0.00041114
-0.00041155
-0.00041196
-0.00041236
-0.00041276
-0.00041315
-0.00041354
-0.00041392
-0.0004143
-0.00041468
-0.00041505
-0.00041542
-0.00041578
-0.00041614
-0.0004165
-0.00041685
-0.0004172
-0.00041754
-0.00041788
-0.00041821
-0.00041854
-0.00041887
-0.00041919
-0.00041951
-0.00041982
-0.00042013
-0.00042044
-0.00042074
-0.00042104
-0.00042133
-0.00042162
-0.00042191
-0.00042219
-0.00042247
-0.00042274
-0.00042301
-0.00042327
-0.00042354
-0.00042379
-0.00042405
-0.0004243
-0.00042454
-0.00042479
-0.00042502
-0.00042526
-0.00042549
-0.00042572
-0.00042594
-0.00042616
-0.00042637
-0.00042658
-0.00042679
-0.000427
-0.0004272
-0.00042739
-0.00042758
-0.00042777
-0.00042796
-0.00042814
-0.00042832
-0.00042849
-0.00042866
-0.00042883
-0.00042899
-0.00042915
-0.0004293
-0.00042945
-0.0004296
-0.00042975
-0.00042989
-0.00043002
-0.00043016
-0.00043029
-0.00043041
-0.00043054
-0.00043065
-0.00043077
-0.00043088
-0.00043099
-0.0004311
-0.0004312
-0.00043129
-0.00043139
-0.00043148
-0.00043157
-0.00043165
-0.00043173
-0.00043181
-0.00043188
-0.00043195
-0.00043202
-0.00043208
-0.00043214
-0.0004322
-0.00043225
-0.0004323
-0.00043235
-0.00043239
-0.00043243
-0.00043247
-0.0004325
-0.00043253
-0.00043256
-0.00043258
-0.0004326
-0.00043262
-0.00043263
-0.00043264
-0.00043265
-0.00043265
-0.00043265
-0.00043265
-0.00043265
-0.00043264
-0.00043263
-0.00043261
-0.00043259
-0.00043257
-0.00043255
-0.00043252
-0.00043249
-0.00043245
-0.00043242
-0.00043238
-0.00043233
-0.00043229
-0.00043224
-0.00043219
-0.00043213
-0.00043207
-0.00043201
-0.00043195
-0.00043188
-0.00043181
-0.00043174
-0.00043167
-0.00043159
-0.0004315
-0.00043142
-0.00043133
-0.00043124
-0.00043115
-0.00043105
-0.00043096
-0.00043085
-0.00043075
-0.00043064
-0.00043053
-0.00043042
-0.0004303
-0.00043019
-0.00043006
-0.00042994
-0.00042981
-0.00042969
-0.00042955
-0.00042942
-0.00042928
-0.00042914
-0.000429
-0.00042885
-0.00042871
-0.00042856
-0.0004284
-0.00042825
-0.00042809
-0.00042793
-0.00042776
-0.0004276
-0.00042743
-0.00042726
-0.00042708
-0.00042691
-0.00042673
-0.00042655
-0.00042636
-0.00042618
-0.00042599
-0.0004258
-0.0004256
-0.00042541
-0.00042521
-0.00042501
-0.0004248
-0.0004246
-0.00042439
-0.00042418
-0.00042397
-0.00042375
-0.00042353
-0.00042331
-0.00042309
-0.00042287
-0.00042264
-0.00042241
-0.00042218
-0.00042195
-0.00042171
-0.00042147
-0.00042123
-0.00042099
-0.00042074
-0.0004205
-0.00042025
-0.00042
-0.00041974
-0.00041949
-0.00041923
-0.00041897
-0.00041871
-0.00041844
-0.00041818
-0.00041791
-0.00041764
-0.00041736
-0.00041709
-0.00041681
-0.00041653
-0.00041625
-0.00041597
-0.00041569
-0.0004154
-0.00041511
-0.00041482
-0.00041453
-0.00041423
-0.00041393
-0.00041364
-0.00041333
-0.00041303
-0.00041273
-0.00041242
-0.00041211
-0.0004118
-0.00041149
-0.00041118
-0.00041086
-0.00041054
-0.00041022
-0.0004099
-0.00040958
-0.00040926
-0.00040893
-0.0004086
-0.00040827
-0.00040794
-0.0004076
-0.00040727
-0.00040693
-0.00040659
-0.00040625
-0.00040591
-0.00040557
-0.00040522
-0.00040487
-0.00040452
-0.00040417
-0.00040382
-0.00040347
-0.00040311
-0.00040276
-0.0004024
-0.00040204
-0.00040167
-0.00040131
-0.00040095
-0.00040058
-0.00040021
-0.00039984
-0.00039947
-0.0003991
-0.00039872
-0.00039835
-0.00039797
-0.00039759
-0.00039721
-0.00039683
-0.00039645
-0.00039606
-0.00039568
-0.00039529
-0.0003949
-0.00039451
-0.00039412
-0.00039373
-0.00039333
-0.00039294
-0.00039254
-0.00039214
-0.00039174
-0.00039134
-0.00039094
-0.00039054
-0.00039013
-0.00038973
-0.00038932
-0.00038891
-0.0003885
-0.00038809
-0.00038768
-0.00038726
-0.00038685
-0.00038643
-0.00038601
-0.00038559
-0.00038518
-0.00038475
-0.00038433
-0.00038391
-0.00038348
-0.00038306
-0.00038263
-0.0003822
-0.00038178
-0.00038135
-0.00038091
-0.00038048
-0.00038005
-0.00037961
-0.00037918
-0.00037874
-0.00037831
-0.00037787
-0.00037743
-0.00037699
-0.00037655
-0.0003761
-0.00037566
-0.00037521
-0.00037477
-0.00037432
-0.00037387
-0.00037343
-0.00037298
-0.00037253
-0.00037207
-0.00037162
-0.00037117
-0.00037072
-0.00037026
-0.0003698
-0.00036935
-0.00036889
-0.00036843
-0.00036797
-0.00036751
-0.00036705
-0.00036659
-0.00036613
-0.00036566
-0.0003652
-0.00036473
-0.00036427
-0.0003638
-0.00036333
-0.00036287
-0.0003624
-0.00036193
-0.00036146
-0.00036099
-0.00036051
-0.00036004
-0.00035957
-0.00035909
-0.00035862
-0.00035814
-0.00035767
-0.00035719
-0.00035671
-0.00035623
-0.00035576
-0.00035528
-0.0003548
-0.00035431
-0.00035383
-0.00035335
-0.00035287
-0.00035239
-0.0003519
-0.00035142
-0.00035093
-0.00035045
-0.00034996
-0.00034947
-0.00034899
-0.0003485
-0.00034801
-0.00034752
-0.00034703
-0.00034654
-0.00034605
-0.00034556
-0.00034507
-0.00034458
-0.00034409
-0.00034359
-0.0003431
-0.00034261
-0.00034211
-0.00034162
-0.00034112
-0.00034063
-0.00034013
-0.00033963
-0.00033914
-0.00033864
-0.00033814
-0.00033764
-0.00033715
-0.00033665
-0.00033615
-0.00033565
-0.00033515
-0.00033465
-0.00033415
-0.00033365
-0.00033314
-0.00033264
-0.00033214
-0.00033164
-0.00033114
-0.00033063
-0.00033013
-0.00032963
-0.00032912
-0.00032862
-0.00032811
-0.00032761
-0.0003271
-0.0003266
-0.00032609
-0.00032559
-0.00032508
-0.00032458
-0.00032407
-0.00032356
-0.00032306
-0.00032255
-0.00032204
-0.00032154
-0.00032103
-0.00032052
-0.00032001
-0.0003195
-0.000319
-0.00031849
-0.00031798
-0.00031747
-0.00031696
-0.00031645
-0.00031594
-0.00031543
-0.00031492
-0.00031442
-0.00031391
-0.0003134
-0.00031289
-0.00031238
-0.00031187
-0.00031136
-0.00031085
-0.00031034
-0.00030983
-0.00030931
-0.0003088
-0.00030829
-0.00030778
-0.00030727
-0.00030676
-0.00030625
-0.00030574
-0.00030523
-0.00030472
-0.00030421
-0.0003037
-0.00030319
-0.00030268
-0.00030217
-0.00030165
-0.00030114
-0.00030063
-0.00030012
-0.00029961
-0.0002991
-0.00029859
-0.00029808
-0.00029757
-0.00029706
-0.00029655
-0.00029604
-0.00029553
-0.00029502
-0.00029451
-0.000294
-0.00029349
-0.00029298
-0.00029247
-0.00029196
-0.00029145
-0.00029094
-0.00029043
-0.00028992
-0.00028941
-0.00028891
-0.0002884
-0.00028789
-0.00028738
-0.00028687
-0.00028636
-0.00028586
-0.00028535
-0.00028484
-0.00028433
-0.00028383
-0.00028332
-0.00028281
-0.0002823
-0.0002818
-0.00028129
-0.00028079
-0.00028028
-0.00027977
-0.00027927
-0.00027876
-0.00027826
-0.00027775
-0.00027725
-0.00027674
-0.00027624
-0.00027574
-0.00027523
-0.00027473
-0.00027423
-0.00027372
-0.00027322
-0.00027272
-0.00027222
-0.00027171
-0.00027121
-0.00027071
-0.00027021
-0.00026971
-0.00026921
-0.00026871
-0.00026821
-0.00026771
-0.00026721
-0.00026671
-0.00026621
-0.00026571
-0.00026522
-0.00026472
-0.00026422
-0.00026372
-0.00026323
-0.00026273
-0.00026223
-0.00026174
-0.00026124
-0.00026075
-0.00026025
-0.00025976
-0.00025927
-0.00025877
-0.00025828
-0.00025779
-0.00025729
-0.0002568
-0.00025631
-0.00025582
-0.00025533
-0.00025484
-0.00025435
-0.00025386
-0.00025337
-0.00025288
-0.00025239
-0.0002519
-0.00025141
-0.00025093
-0.00025044
-0.00024995
-0.00024947
-0.00024898
-0.00024849
-0.00024801
-0.00024753
-0.00024704
-0.00024656
-0.00024607
-0.00024559
-0.00024511
-0.00024463
-0.00024415
-0.00024367
-0.00024318
-0.0002427
-0.00024223
-0.00024175
-0.00024127
-0.00024079
-0.00024031
-0.00023983
-0.00023936
-0.00023888
-0.00023841
-0.00023793
-0.00023746
-0.00023698
-0.00023651
-0.00023603
-0.00023556
-0.00023509
-0.00023462
-0.00023415
-0.00023368
-0.00023321
-0.00023274
-0.00023227
-0.0002318
-0.00023133
-0.00023086
-0.00023039
-0.00022993
-0.00022946
-0.000229
-0.00022853
-0.00022807
-0.0002276
-0.00022714
-0.00022668
-0.00022621
-0.00022575
-0.00022529
-0.00022483
-0.00022437
-0.00022391
-0.00022345
-0.00022299
-0.00022254
-0.00022208
-0.00022162
-0.00022116
-0.00022071
-0.00022025
-0.0002198
-0.00021935
-0.00021889
-0.00021844
-0.00021799
-0.00021754
-0.00021708
-0.00021663
-0.00021618
-0.00021574
-0.00021529
-0.00021484
-0.00021439
-0.00021394
-0.0002135
-0.00021305
-0.00021261
-0.00021216
-0.00021172
-0.00021128
-0.00021083
-0.00021039
-0.00020995
-0.00020951
-0.00020907
-0.00020863
-0.00020819
-0.00020775
-0.00020732
-0.00020688
-0.00020644
-0.00020601
-0.00020557
-0.00020514
-0.0002047
-0.00020427
-0.00020384
-0.00020341
-0.00020297
-0.00020254
-0.00020211
-0.00020168
-0.00020126
-0.00020083
-0.0002004
-0.00019997
-0.00019955
-0.00019912
-0.0001987
-0.00019827
-0.00019785
-0.00019743
-0.000197
-0.00019658
-0.00019616
-0.00019574
-0.00019532
-0.0001949
-0.00019449
-0.00019407
-0.00019365
-0.00019324
-0.00019282
-0.00019241
-0.00019199
-0.00019158
-0.00019117
-0.00019075
-0.00019034
-0.00018993
-0.00018952
-0.00018911
-0.0001887
-0.0001883
-0.00018789
-0.00018748
-0.00018708
-0.00018667
-0.00018627
-0.00018586
-0.00018546
-0.00018506
-0.00018466
-0.00018426
-0.00018386
-0.00018346
-0.00018306
-0.00018266
-0.00018226
-0.00018187
-0.00018147
-0.00018107
-0.00018068
-0.00018029
-0.00017989
-0.0001795
-0.00017911
-0.00017872
-0.00017833
-0.00017794
-0.00017755
-0.00017716
-0.00017677
-0.00017639
-0.000176
-0.00017562
-0.00017523
-0.00017485
-0.00017447
-0.00017408
-0.0001737
-0.00017332
-0.00017294
-0.00017256
-0.00017218
-0.00017181
-0.00017143
-0.00017105
-0.00017068
-0.0001703
-0.00016993
-0.00016955
-0.00016918
-0.00016881
-0.00016844
-0.00016807
-0.0001677
-0.00016733
-0.00016696
-0.00016659
-0.00016623
-0.00016586
-0.0001655
-0.00016513
-0.00016477
-0.00016441
-0.00016404
-0.00016368
-0.00016332
-0.00016296
-0.0001626
-0.00016224
-0.00016189
-0.00016153
-0.00016117
-0.00016082
-0.00016046
-0.00016011
-0.00015976
-0.0001594
-0.00015905
-0.0001587
-0.00015835
-0.000158
-0.00015765
-0.00015731
-0.00015696
-0.00015661
-0.00015627
-0.00015592
-0.00015558
-0.00015524
-0.00015489
-0.00015455
-0.00015421
-0.00015387
-0.00015353
-0.00015319
-0.00015285
-0.00015252
-0.00015218
-0.00015185
-0.00015151
-0.00015118
-0.00015084
-0.00015051
-0.00015018
-0.00014985
-0.00014952
-0.00014919
-0.00014886
-0.00014853
-0.00014821
-0.00014788
-0.00014756
-0.00014723
-0.00014691
-0.00014658
-0.00014626
-0.00014594
-0.00014562
-0.0001453
-0.00014498
-0.00014466
-0.00014435
-0.00014403
-0.00014371
-0.0001434
-0.00014308
-0.00014277
-0.00014246
-0.00014214
-0.00014183
-0.00014152
-0.00014121
-0.0001409
-0.0001406
-0.00014029
-0.00013998
-0.00013968
-0.00013937
-0.00013907
-0.00013876
-0.00013846
-0.00013816
-0.00013786
-0.00013756
-0.00013726
-0.00013696
-0.00013666
-0.00013636
-0.00013607
-0.00013577
-0.00013548
-0.00013518
-0.00013489
-0.0001346
-0.00013431
-0.00013402
-0.00013373
-0.00013344
-0.00013315
-0.00013286
-0.00013257
-0.00013229
-0.000132
-0.00013172
-0.00013143
-0.00013115
-0.00013087
-0.00013059
-0.00013031
-0.00013003
-0.00012975
-0.00012947
-0.00012919
-0.00012892
-0.00012864
-0.00012837
-0.00012809
-0.00012782
-0.00012755
-0.00012727
-0.000127
-0.00012673
-0.00012646
-0.00012619
-0.00012593
-0.00012566
-0.00012539
-0.00012513
-0.00012486
-0.0001246
-0.00012434
-0.00012407
-0.00012381
-0.00012355
-0.00012329
-0.00012303
-0.00012277
-0.00012252
-0.00012226
-0.000122
-0.00012175
-0.00012149
-0.00012124
-0.00012099
-0.00012073
-0.00012048
-0.00012023
-0.00011998
-0.00011973
-0.00011948
-0.00011924
-0.00011899
-0.00011874
-0.0001185
-0.00011826
-0.00011801
-0.00011777
-0.00011753
-0.00011729
-0.00011705
-0.00011681
-0.00011657
-0.00011633
-0.00011609
-0.00011585
-0.00011562
-0.00011538
-0.00011515
-0.00011492
-0.00011468
-0.00011445
-0.00011422
-0.00011399
-0.00011376
-0.00011353
-0.0001133
-0.00011308
-0.00011285
-0.00011262
-0.0001124
-0.00011218
-0.00011195
-0.00011173
-0.00011151
-0.00011129
-0.00011107
-0.00011085
-0.00011063
-0.00011041
-0.00011019
-0.00010998
-0.00010976
-0.00010954
-0.00010933
-0.00010912
-0.0001089
-0.00010869
-0.00010848
-0.00010827
-0.00010806
-0.00010785
-0.00010764
-0.00010744
-0.00010723
-0.00010702
-0.00010682
-0.00010661
-0.00010641
-0.00010621
-0.00010601
-0.0001058
-0.0001056
-0.0001054
-0.0001052
-0.00010501
-0.00010481
-0.00010461
-0.00010441
-0.00010422
-0.00010402
-0.00010383
-0.00010364
-0.00010344
-0.00010325
-0.00010306
-0.00010287
-0.00010268
-0.00010249
-0.00010231
-0.00010212
-0.00010193
-0.00010174
-0.00010156
-0.00010138
-0.00010119
-0.00010101
-0.00010083
-0.00010064
-0.00010046
-0.00010028
-0.0001001
-9.9925e-05
-9.9747e-05
-9.957e-05
-9.9393e-05
-9.9217e-05
-9.9042e-05
-9.8868e-05
-9.8694e-05
-9.8521e-05
-9.8348e-05
-9.8177e-05
-9.8006e-05
-9.7835e-05
-9.7666e-05
-9.7497e-05
-9.7329e-05
-9.7161e-05
-9.6995e-05
-9.6828e-05
-9.6663e-05
-9.6498e-05
-9.6334e-05
-9.6171e-05
-9.6008e-05
-9.5846e-05
-9.5685e-05
-9.5524e-05
-9.5365e-05
-9.5205e-05
-9.5047e-05
-9.4889e-05
-9.4732e-05
-9.4575e-05
-9.4419e-05
-9.4264e-05
-9.4109e-05
-9.3955e-05
-9.3802e-05
-9.365e-05
-9.3498e-05
-9.3346e-05
-9.3196e-05
-9.3046e-05
-9.2897e-05
-9.2748e-05
-9.26e-05
-9.2453e-05
-9.2306e-05
-9.216e-05
-9.2015e-05
-9.187e-05
-9.1726e-05
-9.1582e-05
-9.1439e-05
-9.1297e-05
-9.1156e-05
-9.1015e-05
-9.0874e-05
-9.0735e-05
-9.0596e-05
-9.0457e-05
-9.0319e-05
-9.0182e-05
-9.0046e-05
-8.991e-05
-8.9774e-05
-8.964e-05
-8.9506e-05
-8.9372e-05
-8.9239e-05
-8.9107e-05
-8.8975e-05
-8.8844e-05
-8.8713e-05
-8.8584e-05
-8.8454e-05
-8.8326e-05
-8.8197e-05
-8.807e-05
-8.7943e-05
-8.7816e-05
-8.7691e-05
-8.7565e-05
-8.7441e-05
-8.7317e-05
-8.7193e-05
-8.707e-05
-8.6948e-05
-8.6826e-05
-8.6705e-05
-8.6584e-05
-8.6464e-05
-8.6345e-05
-8.6226e-05
-8.6107e-05
-8.5989e-05
-8.5872e-05
-8.5755e-05
-8.5639e-05
-8.5523e-05
-8.5408e-05
-8.5294e-05
-8.5179e-05
-8.5066e-05
-8.4953e-05
-8.484e-05
-8.4728e-05
-8.4617e-05
-8.4506e-05
-8.4396e-05
-8.4286e-05
-8.4176e-05
-8.4068e-05
-8.3959e-05
-8.3851e-05
-8.3744e-05
-8.3637e-05
-8.3531e-05
-8.3425e-05
-8.332e-05
-8.3215e-05
-8.311e-05
-8.3006e-05
-8.2903e-05
-8.28e-05
-8.2698e-05
-8.2596e-05
-8.2494e-05
-8.2393e-05
-8.2292e-05
-8.2192e-05
-8.2093e-05
-8.1994e-05
-8.1895e-05
-8.1797e-05
-8.1699e-05
-8.1601e-05
-8.1504e-05
-8.1408e-05
-8.1312e-05
-8.1216e-05
-8.1121e-05
-8.1026e-05
-8.0932e-05
-8.0838e-05
-8.0745e-05
-8.0652e-05
-8.0559e-05
-8.0467e-05
-8.0375e-05
-8.0284e-05
-8.0193e-05
-8.0102e-05
-8.0012e-05
-7.9922e-05
-7.9833e-05
-7.9744e-05
-7.9656e-05
-7.9567e-05
-7.948e-05
-7.9392e-05
-7.9305e-05
-7.9219e-05
-7.9132e-05
-7.9046e-05
-7.8961e-05
-7.8876e-05
-7.8791e-05
-7.8706e-05
-7.8622e-05
-7.8539e-05
-7.8455e-05
-7.8372e-05
-7.829e-05
-7.8207e-05
-7.8125e-05
-7.8044e-05
-7.7962e-05
-7.7881e-05
-7.7801e-05
-7.772e-05
-7.764e-05
-7.756e-05
-7.7481e-05
-7.7402e-05
-7.7323e-05
-7.7245e-05
-7.7167e-05
-7.7089e-05
-7.7011e-05
-7.6934e-05
-7.6857e-05
-7.678e-05
-7.6704e-05
-7.6628e-05
-7.6552e-05
-7.6476e-05
-7.6401e-05
-7.6326e-05
-7.6251e-05
-7.6177e-05
-7.6103e-05
-7.6029e-05
-7.5955e-05
-7.5881e-05
-7.5808e-05
-7.5735e-05
-7.5663e-05
-7.559e-05
-7.5518e-05
-7.5446e-05
-7.5374e-05
-7.5303e-05
-7.5231e-05
-7.516e-05
-7.5089e-05
-7.5019e-05
-7.4948e-05
-7.4878e-05
-7.4808e-05
-7.4738e-05
-7.4669e-05
-7.4599e-05
-7.453e-05
-7.4461e-05
-7.4392e-05
-7.4323e-05
-7.4255e-05
-7.4187e-05
-7.4118e-05
-7.405e-05
-7.3983e-05
-7.3915e-05
-7.3848e-05
-7.378e-05
-7.3713e-05
-7.3646e-05
-7.358e-05
-7.3513e-05
-7.3446e-05
-7.338e-05
-7.3314e-05
-7.3248e-05
-7.3182e-05
-7.3116e-05
-7.305e-05
-7.2985e-05
-7.2919e-05
-7.2854e-05
-7.2789e-05
-7.2724e-05
-7.2659e-05
-7.2594e-05
-7.2529e-05
-7.2464e-05
-7.24e-05
-7.2335e-05
-7.2271e-05
-7.2207e-05
-7.2143e-05
-7.2079e-05
-7.2015e-05
-7.1951e-05
-7.1887e-05
-7.1823e-05
-7.1759e-05
-7.1696e-05
-7.1632e-05
-7.1569e-05
-7.1505e-05
-7.1442e-05
-7.1378e-05
-7.1315e-05
-7.1252e-05
-7.1189e-05
-7.1126e-05
-7.1063e-05
-7.1e-05
-7.0937e-05
-7.0874e-05
-7.0811e-05
-7.0748e-05
-7.0685e-05
-7.0622e-05
-7.0559e-05
-7.0496e-05
-7.0434e-05
-7.0371e-05
-7.0308e-05
-7.0245e-05
-7.0183e-05
-7.012e-05
-7.0057e-05
-6.9994e-05
-6.9932e-05
-6.9869e-05
-6.9806e-05
-6.9744e-05
-6.9681e-05
-6.9618e-05
-6.9555e-05
-6.9492e-05
-6.9429e-05
-6.9367e-05
-6.9304e-05
-6.9241e-05
-6.9178e-05
-6.9115e-05
-6.9052e-05
-6.8989e-05
-6.8926e-05
-6.8863e-05
-6.8799e-05
-6.8736e-05
-6.8673e-05
-6.861e-05
-6.8546e-05
-6.8483e-05
-6.8419e-05
-6.8356e-05
-6.8292e-05
-6.8229e-05
-6.8165e-05
-6.8101e-05
-6.8037e-05
-6.7974e-05
-6.791e-05
-6.7846e-05
-6.7781e-05
-6.7717e-05
-6.7653e-05
-6.7589e-05
-6.7524e-05
-6.746e-05
-6.7395e-05
-6.733e-05
-6.7266e-05
-6.7201e-05
-6.7136e-05
-6.7071e-05
-6.7006e-05
-6.6941e-05
-6.6875e-05
-6.681e-05
-6.6744e-05
-6.6679e-05
-6.6613e-05
-6.6547e-05
-6.6481e-05
-6.6415e-05
-6.6349e-05
-6.6283e-05
-6.6217e-05
-6.615e-05
-6.6084e-05
-6.6017e-05
-6.595e-05
-6.5883e-05
-6.5816e-05
-6.5749e-05
-6.5682e-05
-6.5615e-05
-6.5547e-05
-6.5479e-05
-6.5412e-05
-6.5344e-05
-6.5276e-05
-6.5208e-05
-6.514e-05
-6.5071e-05
-6.5003e-05
-6.4934e-05
-6.4866e-05
-6.4797e-05
-6.4728e-05
-6.4659e-05
-6.4589e-05
-6.452e-05
-6.4451e-05
-6.4381e-05
-6.4311e-05
-6.4241e-05
-6.4171e-05
-6.4101e-05
-6.4031e-05
-6.3961e-05
-6.389e-05
-6.3819e-05
-6.3749e-05
-6.3678e-05
-6.3607e-05
-6.3535e-05
-6.3464e-05
-6.3393e-05
-6.3321e-05
-6.3249e-05
-6.3177e-05
-6.3105e-05
-6.3033e-05
-6.2961e-05
-6.2888e-05
-6.2816e-05
-6.2743e-05
-6.267e-05
-6.2597e-05
-6.2524e-05
-6.2451e-05
-6.2378e-05
-6.2304e-05
-6.2231e-05
-6.2157e-05
-6.2083e-05
-6.2009e-05
-6.1935e-05
-6.1861e-05
-6.1786e-05
-6.1712e-05
-6.1637e-05
-6.1562e-05
-6.1487e-05
-6.1412e-05
-6.1337e-05
-6.1262e-05
-6.1186e-05
-6.1111e-05
-6.1035e-05
-6.0959e-05
-6.0883e-05
-6.0807e-05
-6.0731e-05
-6.0655e-05
-6.0578e-05
-6.0502e-05
-6.0425e-05
-6.0348e-05
-6.0271e-05
-6.0194e-05
-6.0117e-05
-6.004e-05
-5.9963e-05
-5.9885e-05
-5.9808e-05
-5.973e-05
-5.9652e-05
-5.9574e-05
-5.9496e-05
-5.9418e-05
-5.934e-05
-5.9262e-05
-5.9183e-05
-5.9105e-05
-5.9026e-05
-5.8947e-05
-5.8868e-05
-5.8789e-05
-5.871e-05
-5.8631e-05
-5.8552e-05
-5.8473e-05
-5.8393e-05
-5.8314e-05
-5.8234e-05
-5.8154e-05
-5.8075e-05
-5.7995e-05
-5.7915e-05
-5.7835e-05
-5.7755e-05
-5.7674e-05
-5.7594e-05
-5.7514e-05
-5.7433e-05
-5.7353e-05
-5.7272e-05
-5.7192e-05
-5.7111e-05
-5.703e-05
-5.6949e-05
-5.6868e-05
-5.6787e-05
-5.6706e-05
-5.6625e-05
-5.6544e-05
-5.6462e-05
-5.6381e-05
-5.63e-05
-5.6218e-05
-5.6137e-05
-5.6055e-05
-5.5974e-05
-5.5892e-05
-5.581e-05
-5.5728e-05
-5.5647e-05
-5.5565e-05
-5.5483e-05
-5.5401e-05
-5.5319e-05
-5.5237e-05
-5.5155e-05
-5.5072e-05
-5.499e-05
-5.4908e-05
-5.4826e-05
-5.4743e-05
-5.4661e-05
-5.4579e-05
-5.4496e-05
-5.4414e-05
-5.4331e-05
-5.4249e-05
-5.4166e-05
-5.4084e-05
-5.4001e-05
-5.3919e-05
-5.3836e-05
-5.3753e-05
-5.3671e-05
-5.3588e-05
-5.3505e-05
-5.3423e-05
-5.334e-05
-5.3257e-05
-5.3174e-05
-5.3092e-05
-5.3009e-05
-5.2926e-05
-5.2843e-05
-5.276e-05
-5.2677e-05
-5.2595e-05
-5.2512e-05
-5.2429e-05
-5.2346e-05
-5.2263e-05
-5.218e-05
-5.2097e-05
-5.2014e-05
-5.1931e-05
-5.1848e-05
-5.1765e-05
-5.1682e-05
-5.1599e-05
-5.1516e-05
-5.1434e-05
-5.1351e-05
-5.1268e-05
-5.1185e-05
-5.1102e-05
-5.1019e-05
-5.0936e-05
-5.0853e-05
-5.077e-05
-5.0687e-05
-5.0604e-05
-5.0521e-05
