0.00042972
0.00043045
0.00043118
0.00043191
0.00043264
0.00043337
0.0004341
0.00043483
0.00043556
0.00043629
0.00043702
0.00043775
0.00043848
0.00043921
0.00043994
0.00044067
0.0004414
0.00044213
0.00044286
0.00044359
0.00044432
0.00044505
0.00044578
0.00044651
0.00044723
0.00044796
0.00044869
0.00044942
0.00045015
0.00045088
0.00045161
0.00045234
0.00045306
0.00045379
0.00045452
0.00045525
0.00045598
0.0004567
0.00045743
0.00045816
0.00045889
0.00045961
0.00046034
0.00046107
0.00046179
0.00046252
0.00046325
0.00046397
0.0004647
0.00046542
0.00046615
0.00046687
0.00046759
0.00046832
0.00046904
0.00046977
0.00047049
0.00047121
0.00047193
0.00047266
0.00047338
0.0004741
0.00047482
0.00047554
0.00047626
0.00047698
0.0004777
0.00047842
0.00047913
0.00047985
0.00048057
0.00048129
0.000482
0.00048272
0.00048343
0.00048415
0.00048486
0.00048558
0.00048629
0.000487
0.00048771
0.00048842
0.00048913
0.00048985
0.00049055
0.00049126
0.00049197
0.00049268
0.00049339
0.00049409
0.0004948
0.0004955
0.00049621
0.00049691
0.00049761
0.00049831
0.00049901
0.00049971
0.00050041
0.00050111
0.00050181
0.00050251
0.0005032
0.0005039
0.00050459
0.00050529
0.00050598
0.00050667
0.00050737
0.00050806
0.00050875
0.00050943
0.00051012
0.00051081
0.00051149
0.00051218
0.00051286
0.00051355
0.00051423
0.00051491
0.00051559
0.00051627
0.00051695
0.00051763
0.0005183
0.00051898
0.00051965
0.00052033
0.000521
0.00052167
0.00052234
0.00052301
0.00052368
0.00052434
0.00052501
0.00052568
0.00052634
0.000527
0.00052766
0.00052833
0.00052898
0.00052964
0.0005303
0.00053096
0.00053161
0.00053227
0.00053292
0.00053357
0.00053422
0.00053487
0.00053552
0.00053617
0.00053682
0.00053746
0.00053811
0.00053875
0.00053939
0.00054003
0.00054067
0.00054131
0.00054195
0.00054259
0.00054322
0.00054386
0.00054449
0.00054512
0.00054575
0.00054638
0.00054701
0.00054764
0.00054827
0.00054889
0.00054952
0.00055014
0.00055076
0.00055139
0.00055201
0.00055263
0.00055324
0.00055386
0.00055448
0.00055509
0.00055571
0.00055632
0.00055693
0.00055754
0.00055815
0.00055876
0.00055937
0.00055997
0.00056058
0.00056118
0.00056179
0.00056239
0.00056299
0.00056359
0.00056419
0.00056479
0.00056539
0.00056599
0.00056658
0.00056718
0.00056777
0.00056837
0.00056896
0.00056955
0.00057014
0.00057073
0.00057132
0.00057191
0.0005725
0.00057308
0.00057367
0.00057425
0.00057484
0.00057542
0.00057601
0.00057659
0.00057717
0.00057775
0.00057833
0.00057891
0.00057949
0.00058007
0.00058064
0.00058122
0.0005818
0.00058237
0.00058295
0.00058352
0.00058409
0.00058467
0.00058524
0.00058581
0.00058639
0.00058696
0.00058753
0.0005881
0.00058867
0.00058924
0.00058981
0.00059038
0.00059094
0.00059151
0.00059208
0.00059265
0.00059322
0.00059378
0.00059435
0.00059492
0.00059548
0.00059605
0.00059662
0.00059718
0.00059775
0.00059831
0.00059888
0.00059944
0.00060001
0.00060057
0.00060114
0.00060171
0.00060227
0.00060284
0.0006034
0.00060397
0.00060453
0.0006051
0.00060567
0.00060623
0.0006068
0.00060737
0.00060793
0.0006085
0.00060907
0.00060963
0.0006102
0.00061077
0.00061134
0.00061191
0.00061248
0.00061305
0.00061362
0.00061419
0.00061476
0.00061533
0.00061591
0.00061648
0.00061705
0.00061763
0.0006182
0.00061878
0.00061936
0.00061993
0.00062051
0.00062109
0.00062167
0.00062225
0.00062283
0.00062341
0.000624
0.00062458
0.00062517
0.00062575
0.00062634
0.00062693
0.00062751
0.0006281
0.0006287
0.00062929
0.00062988
0.00063048
0.00063107
0.00063167
0.00063227
0.00063287
0.00063347
0.00063407
0.00063467
0.00063528
0.00063588
0.00063649
0.0006371
0.00063771
0.00063832
0.00063893
0.00063955
0.00064016
0.00064078
0.0006414
0.00064202
0.00064265
0.00064327
0.0006439
0.00064453
0.00064516
0.00064579
0.00064642
0.00064706
0.00064769
0.00064833
0.00064898
0.00064962
0.00065026
0.00065091
0.00065156
0.00065221
0.00065286
0.00065352
0.00065418
0.00065484
0.0006555
0.00065616
0.00065683
0.0006575
0.00065817
0.00065884
0.00065952
0.0006602
0.00066088
0.00066156
0.00066225
0.00066293
0.00066362
0.00066432
0.00066501
0.00066571
0.00066641
0.00066711
0.00066782
0.00066853
0.00066924
0.00066995
0.00067067
0.00067139
0.00067211
0.00067284
0.00067357
0.0006743
0.00067503
0.00067577
0.00067651
0.00067725
0.000678
0.00067875
0.0006795
0.00068025
0.00068101
0.00068177
0.00068254
0.00068331
0.00068408
0.00068485
0.00068563
0.00068641
0.00068719
0.00068798
0.00068877
0.00068957
0.00069036
0.00069117
0.00069197
0.00069278
0.00069359
0.00069441
0.00069522
0.00069605
0.00069687
0.0006977
0.00069854
0.00069937
0.00070021
0.00070106
0.00070191
0.00070276
0.00070361
0.00070447
0.00070534
0.0007062
0.00070707
0.00070795
0.00070883
0.00070971
0.0007106
0.00071149
0.00071238
0.00071328
0.00071419
0.00071509
0.000716
0.00071692
0.00071784
0.00071876
0.00071969
0.00072062
0.00072156
0.0007225
0.00072345
0.0007244
0.00072535
0.00072631
0.00072727
0.00072824
0.00072921
0.00073019
0.00073117
0.00073215
0.00073314
0.00073413
0.00073513
0.00073614
0.00073714
0.00073816
0.00073917
0.00074019
0.00074122
0.00074225
0.00074329
0.00074433
0.00074537
0.00074642
0.00074748
0.00074854
0.0007496
0.00075067
0.00075175
0.00075283
0.00075391
0.000755
0.00075609
0.00075719
0.0007583
0.0007594
0.00076052
0.00076164
0.00076276
0.00076389
0.00076503
0.00076617
0.00076731
0.00076846
0.00076961
0.00077078
0.00077194
0.00077311
0.00077429
0.00077547
0.00077665
0.00077785
0.00077904
0.00078025
0.00078145
0.00078267
0.00078389
0.00078511
0.00078634
0.00078757
0.00078881
0.00079006
0.00079131
0.00079257
0.00079383
0.0007951
0.00079637
0.00079765
0.00079894
0.00080023
0.00080152
0.00080282
0.00080413
0.00080544
0.00080676
0.00080809
0.00080942
0.00081075
0.00081209
0.00081344
0.00081479
0.00081615
0.00081752
0.00081889
0.00082026
0.00082164
0.00082303
0.00082443
0.00082583
0.00082723
0.00082864
0.00083006
0.00083148
0.00083291
0.00083435
0.00083579
0.00083724
0.00083869
0.00084015
0.00084161
0.00084308
0.00084456
0.00084604
0.00084753
0.00084903
0.00085053
0.00085204
0.00085355
0.00085507
0.0008566
0.00085813
0.00085967
0.00086122
0.00086277
0.00086432
0.00086589
0.00086746
0.00086903
0.00087062
0.0008722
0.0008738
0.0008754
0.00087701
0.00087862
0.00088024
0.00088187
0.0008835
0.00088514
0.00088678
0.00088844
0.00089009
0.00089176
0.00089343
0.00089511
0.00089679
0.00089848
0.00090018
0.00090188
0.00090359
0.00090531
0.00090703
0.00090876
0.00091049
0.00091224
0.00091399
0.00091574
0.0009175
0.00091927
0.00092105
0.00092283
0.00092462
0.00092641
0.00092821
0.00093002
0.00093183
0.00093365
0.00093548
0.00093732
0.00093916
0.00094101
0.00094286
0.00094472
0.00094659
0.00094846
0.00095034
0.00095223
0.00095413
0.00095603
0.00095793
0.00095985
0.00096177
0.0009637
0.00096563
0.00096757
0.00096952
0.00097148
0.00097344
0.00097541
0.00097738
0.00097937
0.00098136
0.00098335
0.00098535
0.00098736
0.00098938
0.0009914
0.00099343
0.00099547
0.00099751
0.00099956
0.0010016
0.0010037
0.0010058
0.0010078
0.0010099
0.001012
0.0010141
0.0010162
0.0010183
0.0010204
0.0010226
0.0010247
0.0010268
0.001029
0.0010311
0.0010333
0.0010355
0.0010377
0.0010398
0.001042
0.0010442
0.0010464
0.0010486
0.0010508
0.0010531
0.0010553
0.0010575
0.0010598
0.001062
0.0010643
0.0010666
0.0010688
0.0010711
0.0010734
0.0010757
0.001078
0.0010803
0.0010826
0.0010849
0.0010873
0.0010896
0.0010919
0.0010943
0.0010966
0.001099
0.0011014
0.0011038
0.0011061
0.0011085
0.0011109
0.0011133
0.0011158
0.0011182
0.0011206
0.001123
0.0011255
0.0011279
0.0011304
0.0011328
0.0011353
0.0011378
0.0011403
0.0011428
0.0011453
0.0011478
0.0011503
0.0011528
0.0011553
0.0011579
0.0011604
0.001163
0.0011655
0.0011681
0.0011706
0.0011732
0.0011758
0.0011784
0.001181
0.0011836
0.0011862
0.0011888
0.0011915
0.0011941
0.0011967
0.0011994
0.001202
0.0012047
0.0012074
0.00121
0.0012127
0.0012154
0.0012181
0.0012208
0.0012235
0.0012262
0.001229
0.0012317
0.0012344
0.0012372
0.0012399
0.0012427
0.0012455
0.0012483
0.001251
0.0012538
0.0012566
0.0012594
0.0012622
0.0012651
0.0012679
0.0012707
0.0012736
0.0012764
0.0012793
0.0012821
0.001285
0.0012879
0.0012908
0.0012936
0.0012965
0.0012994
0.0013024
0.0013053
0.0013082
0.0013111
0.0013141
0.001317
0.00132
0.0013229
0.0013259
0.0013289
0.0013319
0.0013349
0.0013379
0.0013409
0.0013439
0.0013469
0.0013499
0.0013529
0.001356
0.001359
0.0013621
0.0013651
0.0013682
0.0013713
0.0013744
0.0013775
0.0013806
0.0013837
0.0013868
0.0013899
0.001393
0.0013961
0.0013993
0.0014024
0.0014056
0.0014087
0.0014119
0.0014151
0.0014183
0.0014215
0.0014247
0.0014279
0.0014311
0.0014343
0.0014375
0.0014407
0.001444
0.0014472
0.0014505
0.0014537
0.001457
0.0014603
0.0014636
0.0014668
0.0014701
0.0014734
0.0014767
0.0014801
0.0014834
0.0014867
0.00149
0.0014934
0.0014967
0.0015001
0.0015035
0.0015068
0.0015102
0.0015136
0.001517
0.0015204
0.0015238
0.0015272
0.0015306
0.0015341
0.0015375
0.0015409
0.0015444
0.0015478
0.0015513
0.0015548
0.0015582
0.0015617
0.0015652
0.0015687
0.0015722
0.0015757
0.0015792
0.0015828
0.0015863
0.0015898
0.0015934
0.0015969
0.0016005
0.001604
0.0016076
0.0016112
0.0016148
0.0016184
0.001622
0.0016256
0.0016292
0.0016328
0.0016364
0.0016401
0.0016437
0.0016474
0.001651
0.0016547
0.0016583
0.001662
0.0016657
0.0016694
0.0016731
0.0016768
0.0016805
0.0016842
0.0016879
0.0016917
0.0016954
0.0016991
0.0017029
0.0017066
0.0017104
0.0017142
0.0017179
0.0017217
0.0017255
0.0017293
0.0017331
0.0017369
0.0017407
0.0017446
0.0017484
0.0017522
0.0017561
0.0017599
0.0017638
0.0017676
0.0017715
0.0017754
0.0017792
0.0017831
0.001787
0.0017909
0.0017948
0.0017987
0.0018027
0.0018066
0.0018105
0.0018145
0.0018184
0.0018224
0.0018263
0.0018303
0.0018343
0.0018382
0.0018422
0.0018462
0.0018502
0.0018542
0.0018582
0.0018622
0.0018663
0.0018703
0.0018743
0.0018784
0.0018824
0.0018865
0.0018905
0.0018946
0.0018987
0.0019028
0.0019068
0.0019109
0.001915
0.0019191
0.0019232
0.0019274
0.0019315
0.0019356
0.0019398
0.0019439
0.001948
0.0019522
0.0019564
0.0019605
0.0019647
0.0019689
0.0019731
0.0019773
0.0019815
0.0019857
0.0019899
0.0019941
0.0019983
0.0020025
0.0020068
0.002011
0.0020152
0.0020195
0.0020238
0.002028
0.0020323
0.0020366
0.0020408
0.0020451
0.0020494
0.0020537
0.002058
0.0020623
0.0020666
0.002071
0.0020753
0.0020796
0.002084
0.0020883
0.0020927
0.002097
0.0021014
0.0021058
0.0021101
0.0021145
0.0021189
0.0021233
0.0021277
0.0021321
0.0021365
0.0021409
0.0021453
0.0021497
0.0021542
0.0021586
0.002163
0.0021675
0.0021719
0.0021764
0.0021809
0.0021853
0.0021898
0.0021943
0.0021988
0.0022033
0.0022077
0.0022122
0.0022168
0.0022213
0.0022258
0.0022303
0.0022348
0.0022394
0.0022439
0.0022484
0.002253
0.0022575
0.0022621
0.0022667
0.0022712
0.0022758
0.0022804
0.002285
0.0022895
0.0022941
0.0022987
0.0023033
0.0023079
0.0023125
0.0023172
0.0023218
0.0023264
0.002331
0.0023357
0.0023403
0.002345
0.0023496
0.0023543
0.0023589
0.0023636
0.0023683
0.0023729
0.0023776
0.0023823
0.002387
0.0023917
0.0023964
0.0024011
0.0024058
0.0024105
0.0024152
0.0024199
0.0024247
0.0024294
0.0024341
0.0024389
0.0024436
0.0024484
0.0024531
0.0024579
0.0024626
0.0024674
0.0024721
0.0024769
0.0024817
0.0024865
0.0024913
0.002496
0.0025008
0.0025056
0.0025104
0.0025152
0.00252
0.0025249
0.0025297
0.0025345
0.0025393
0.0025441
0.002549
0.0025538
0.0025586
0.0025635
0.0025683
0.0025732
0.002578
0.0025829
0.0025878
0.0025926
0.0025975
0.0026024
0.0026072
0.0026121
0.002617
0.0026219
0.0026268
0.0026317
0.0026366
0.0026414
0.0026463
0.0026513
0.0026562
0.0026611
0.002666
0.0026709
0.0026758
0.0026807
0.0026857
0.0026906
0.0026955
0.0027005
0.0027054
0.0027104
0.0027153
0.0027202
0.0027252
0.0027301
0.0027351
0.0027401
0.002745
0.00275
0.0027549
0.0027599
0.0027649
0.0027699
0.0027748
0.0027798
0.0027848
0.0027898
0.0027948
0.0027997
0.0028047
0.0028097
0.0028147
0.0028197
0.0028247
0.0028297
0.0028347
0.0028397
0.0028447
0.0028497
0.0028547
0.0028598
0.0028648
0.0028698
0.0028748
0.0028798
0.0028848
0.0028899
0.0028949
0.0028999
0.002905
0.00291
0.002915
0.00292
0.0029251
0.0029301
0.0029351
0.0029402
0.0029452
0.0029503
0.0029553
0.0029604
0.0029654
0.0029704
0.0029755
0.0029805
0.0029856
0.0029906
0.0029957
0.0030007
0.0030058
0.0030108
0.0030159
0.0030209
0.003026
0.003031
0.0030361
0.0030412
0.0030462
0.0030513
0.0030563
0.0030614
0.0030664
0.0030715
0.0030766
0.0030816
0.0030867
0.0030917
0.0030968
0.0031019
0.0031069
0.003112
0.003117
0.0031221
0.0031272
0.0031322
0.0031373
0.0031423
0.0031474
0.0031524
0.0031575
0.0031626
0.0031676
0.0031727
0.0031777
0.0031828
0.0031878
0.0031929
0.0031979
0.003203
0.003208
0.0032131
0.0032181
0.0032232
0.0032282
0.0032333
0.0032383
0.0032433
0.0032484
0.0032534
0.0032585
0.0032635
0.0032685
0.0032736
0.0032786
0.0032836
0.0032887
0.0032937
0.0032987
0.0033037
0.0033088
0.0033138
0.0033188
0.0033238
0.0033288
0.0033338
0.0033389
0.0033439
0.0033489
0.0033539
0.0033589
0.0033639
0.0033689
0.0033739
0.0033788
0.0033838
0.0033888
0.0033938
0.0033988
0.0034038
0.0034087
0.0034137
0.0034187
0.0034236
0.0034286
0.0034336
0.0034385
0.0034435
0.0034484
0.0034534
0.0034583
0.0034632
0.0034682
0.0034731
0.003478
0.003483
0.0034879
0.0034928
0.0034977
0.0035026
0.0035075
0.0035124
0.0035173
0.0035222
0.0035271
0.003532
0.0035369
0.0035418
0.0035466
0.0035515
0.0035564
0.0035612
0.0035661
0.0035709
0.0035758
0.0035806
0.0035854
0.0035903
0.0035951
0.0035999
0.0036047
0.0036095
0.0036143
0.0036191
0.0036239
0.0036287
0.0036335
0.0036383
0.0036431
0.0036478
0.0036526
0.0036573
0.0036621
0.0036668
0.0036716
0.0036763
0.003681
0.0036857
0.0036905
0.0036952
0.0036999
0.0037046
0.0037093
0.0037139
0.0037186
0.0037233
0.0037279
0.0037326
0.0037372
0.0037419
0.0037465
0.0037511
0.0037558
0.0037604
0.003765
0.0037696
0.0037742
0.0037788
0.0037833
0.0037879
0.0037925
0.003797
0.0038016
0.0038061
0.0038106
0.0038152
0.0038197
0.0038242
0.0038287
0.0038332
0.0038377
0.0038421
0.0038466
0.0038511
0.0038555
0.00386
0.0038644
0.0038688
0.0038732
0.0038776
0.003882
0.0038864
0.0038908
0.0038952
0.0038995
0.0039039
0.0039082
0.0039126
0.0039169
0.0039212
0.0039255
0.0039298
0.0039341
0.0039384
0.0039426
0.0039469
0.0039511
0.0039554
0.0039596
0.0039638
0.003968
0.0039722
0.0039764
0.0039806
0.0039848
0.0039889
0.0039931
0.0039972
0.0040013
0.0040054
0.0040095
0.0040136
0.0040177
0.0040218
0.0040258
0.0040299
0.0040339
0.004038
0.004042
0.004046
0.00405
0.0040539
0.0040579
0.0040619
0.0040658
0.0040697
0.0040737
0.0040776
0.0040815
0.0040853
0.0040892
0.0040931
0.0040969
0.0041008
0.0041046
0.0041084
0.0041122
0.004116
0.0041197
0.0041235
0.0041272
0.004131
0.0041347
0.0041384
0.0041421
0.0041458
0.0041494
0.0041531
0.0041567
0.0041604
0.004164
0.0041676
0.0041711
0.0041747
0.0041783
0.0041818
0.0041853
0.0041889
0.0041924
0.0041958
0.0041993
0.0042028
0.0042062
0.0042097
0.0042131
0.0042165
0.0042198
0.0042232
0.0042266
0.0042299
0.0042332
0.0042365
0.0042398
0.0042431
0.0042464
0.0042496
0.0042529
0.0042561
0.0042593
0.0042625
0.0042656
0.0042688
0.0042719
0.0042751
0.0042782
0.0042813
0.0042843
0.0042874
0.0042904
0.0042935
0.0042965
0.0042995
0.0043024
0.0043054
0.0043083
0.0043113
0.0043142
0.0043171
0.0043199
0.0043228
0.0043256
0.0043285
0.0043313
0.0043341
0.0043368
0.0043396
0.0043423
0.004345
0.0043477
0.0043504
0.0043531
0.0043557
0.0043584
0.004361
0.0043636
0.0043661
0.0043687
0.0043712
0.0043737
0.0043762
0.0043787
0.0043812
0.0043836
0.0043861
0.0043885
0.0043909
0.0043932
0.0043956
0.0043979
0.0044002
0.0044025
0.0044048
0.004407
0.0044093
0.0044115
0.0044137
0.0044159
0.004418
0.0044202
0.0044223
0.0044244
0.0044264
0.0044285
0.0044305
0.0044325
0.0044345
0.0044365
0.0044385
0.0044404
0.0044423
0.0044442
0.0044461
0.0044479
0.0044498
0.0044516
0.0044534
0.0044551
0.0044569
0.0044586
0.0044603
0.004462
0.0044637
0.0044653
0.0044669
0.0044685
0.0044701
0.0044716
0.0044732
0.0044747
0.0044762
0.0044776
0.0044791
0.0044805
0.0044819
0.0044833
0.0044846
0.004486
0.0044873
0.0044886
0.0044898
0.0044911
0.0044923
0.0044935
0.0044947
0.0044958
0.0044969
0.004498
0.0044991
0.0045002
0.0045012
0.0045022
0.0045032
0.0045042
0.0045051
0.0045061
0.004507
0.0045078
0.0045087
0.0045095
0.0045103
0.0045111
0.0045118
0.0045126
0.0045133
0.004514
0.0045146
0.0045153
0.0045159
0.0045164
0.004517
0.0045175
0.0045181
0.0045185
0.004519
0.0045194
0.0045199
0.0045202
0.0045206
0.0045209
0.0045213
0.0045216
0.0045218
0.0045221
0.0045223
0.0045225
0.0045226
0.0045228
0.0045229
0.004523
0.004523
0.0045231
0.0045231
0.0045231
0.004523
0.0045229
0.0045229
0.0045227
0.0045226
0.0045224
0.0045222
0.004522
0.0045218
0.0045215
0.0045212
0.0045209
0.0045205
0.0045201
0.0045197
0.0045193
0.0045188
0.0045183
0.0045178
0.0045173
0.0045167
0.0045161
0.0045155
0.0045149
0.0045142
0.0045135
0.0045128
0.004512
0.0045112
0.0045104
0.0045096
0.0045087
0.0045079
0.0045069
0.004506
0.004505
0.004504
0.004503
0.0045019
0.0045009
0.0044998
0.0044986
0.0044975
0.0044963
0.004495
0.0044938
0.0044925
0.0044912
0.0044899
0.0044885
0.0044872
0.0044857
0.0044843
0.0044828
0.0044813
0.0044798
0.0044782
0.0044767
0.0044751
0.0044734
0.0044717
0.00447
0.0044683
0.0044666
0.0044648
0.004463
0.0044611
0.0044593
0.0044574
0.0044555
0.0044535
0.0044515
0.0044495
0.0044475
0.0044454
0.0044433
0.0044412
0.004439
0.0044368
0.0044346
0.0044324
0.0044301
0.0044278
0.0044255
0.0044231
0.0044207
0.0044183
0.0044159
0.0044134
0.0044109
0.0044084
0.0044058
0.0044032
0.0044006
0.004398
0.0043953
0.0043926
0.0043898
0.0043871
0.0043843
0.0043814
0.0043786
0.0043757
0.0043728
0.0043698
0.0043669
0.0043639
0.0043608
0.0043578
0.0043547
0.0043516
0.0043484
0.0043452
0.004342
0.0043388
0.0043355
0.0043322
0.0043289
0.0043255
0.0043221
0.0043187
0.0043153
0.0043118
0.0043083
0.0043047
0.0043012
0.0042976
0.0042939
0.0042903
0.0042866
0.0042829
0.0042791
0.0042753
0.0042715
0.0042677
0.0042638
0.0042599
0.004256
0.0042521
0.0042481
0.0042441
0.00424
0.0042359
0.0042318
0.0042277
0.0042235
0.0042193
0.0042151
0.0042108
0.0042066
0.0042022
0.0041979
0.0041935
0.0041891
0.0041847
0.0041802
0.0041757
0.0041712
0.0041666
0.004162
0.0041574
0.0041528
0.0041481
0.0041434
0.0041387
0.0041339
0.0041291
0.0041243
0.0041194
0.0041145
0.0041096
0.0041047
0.0040997
0.0040947
0.0040897
0.0040846
0.0040795
0.0040744
0.0040692
0.0040641
0.0040588
0.0040536
0.0040483
0.004043
0.0040377
0.0040323
0.0040269
0.0040215
0.0040161
0.0040106
0.0040051
0.0039995
0.003994
0.0039884
0.0039828
0.0039771
0.0039714
0.0039657
0.00396
0.0039542
0.0039484
0.0039425
0.0039367
0.0039308
0.0039249
0.0039189
0.0039129
0.0039069
0.0039009
0.0038948
0.0038887
0.0038826
0.0038764
0.0038703
0.003864
0.0038578
0.0038515
0.0038452
0.0038389
0.0038326
0.0038262
0.0038198
0.0038133
0.0038068
0.0038003
0.0037938
0.0037872
0.0037807
0.003774
0.0037674
0.0037607
0.003754
0.0037473
0.0037405
0.0037338
0.0037269
0.0037201
0.0037132
0.0037063
0.0036994
0.0036925
0.0036855
0.0036785
0.0036714
0.0036644
0.0036573
0.0036501
0.003643
0.0036358
0.0036286
0.0036214
0.0036141
0.0036068
0.0035995
0.0035922
0.0035848
0.0035774
0.00357
0.0035625
0.003555
0.0035475
0.00354
0.0035324
0.0035249
0.0035172
0.0035096
0.0035019
0.0034942
0.0034865
0.0034788
0.003471
0.0034632
0.0034554
0.0034475
0.0034396
0.0034317
0.0034238
0.0034158
0.0034078
0.0033998
0.0033918
0.0033837
0.0033756
0.0033675
0.0033594
0.0033512
0.003343
0.0033348
0.0033266
0.0033183
0.00331
0.0033017
0.0032933
0.003285
0.0032766
0.0032682
0.0032597
0.0032512
0.0032427
0.0032342
0.0032257
0.0032171
0.0032085
0.0031999
0.0031913
0.0031826
0.0031739
0.0031652
0.0031564
0.0031477
0.0031389
0.0031301
0.0031212
0.0031124
0.0031035
0.0030946
0.0030857
0.0030767
0.0030677
0.0030587
0.0030497
0.0030407
0.0030316
0.0030225
0.0030134
0.0030042
0.0029951
0.0029859
0.0029767
0.0029675
0.0029582
0.0029489
0.0029396
0.0029303
0.002921
0.0029116
0.0029022
0.0028928
0.0028834
0.002874
0.0028645
0.002855
0.0028455
0.0028359
0.0028264
0.0028168
0.0028072
0.0027976
0.0027879
0.0027783
0.0027686
0.0027589
0.0027492
0.0027394
0.0027297
0.0027199
0.0027101
0.0027002
0.0026904
0.0026805
0.0026706
0.0026607
0.0026508
0.0026409
0.0026309
0.0026209
0.0026109
0.0026009
0.0025909
0.0025808
0.0025707
0.0025606
0.0025505
0.0025404
0.0025302
0.0025201
0.0025099
0.0024997
0.0024894
0.0024792
0.0024689
0.0024587
0.0024484
0.002438
0.0024277
0.0024174
0.002407
0.0023966
0.0023862
0.0023758
0.0023654
0.0023549
0.0023444
0.002334
0.0023235
0.0023129
0.0023024
0.0022919
0.0022813
0.0022707
0.0022601
0.0022495
0.0022389
0.0022282
0.0022176
0.0022069
0.0021962
0.0021855
0.0021748
0.002164
0.0021533
0.0021425
0.0021317
0.0021209
0.0021101
0.0020993
0.0020885
0.0020776
0.0020668
0.0020559
0.002045
0.0020341
0.0020232
0.0020122
0.0020013
0.0019903
0.0019794
0.0019684
0.0019574
0.0019464
0.0019354
0.0019243
0.0019133
0.0019022
0.0018912
0.0018801
0.001869
0.0018579
0.0018468
0.0018356
0.0018245
0.0018133
0.0018022
0.001791
0.0017798
0.0017686
0.0017574
0.0017462
0.001735
0.0017237
0.0017125
0.0017012
0.00169
0.0016787
0.0016674
0.0016561
0.0016448
0.0016335
0.0016221
0.0016108
0.0015995
0.0015881
0.0015768
0.0015654
0.001554
0.0015426
0.0015312
0.0015198
0.0015084
0.001497
0.0014856
0.0014741
0.0014627
0.0014512
0.0014398
0.0014283
0.0014168
0.0014054
0.0013939
0.0013824
0.0013709
0.0013594
0.0013479
0.0013364
0.0013248
0.0013133
0.0013018
0.0012902
0.0012787
0.0012671
0.0012556
0.001244
0.0012324
0.0012209
0.0012093
0.0011977
0.0011861
0.0011745
0.0011629
0.0011513
0.0011397
0.0011281
0.0011165
0.0011049
0.0010933
0.0010816
0.00107
0.0010584
0.0010467
0.0010351
0.0010235
0.0010118
0.0010002
0.00098853
0.00097688
0.00096523
0.00095358
0.00094192
0.00093026
0.0009186
0.00090694
0.00089527
0.00088361
0.00087194
0.00086027
0.00084861
0.00083694
0.00082527
0.00081359
0.00080192
0.00079025
0.00077858
0.0007669
0.00075523
0.00074356
0.00073189
0.00072021
0.00070854
0.00069687
0.0006852
0.00067353
0.00066186
0.00065019
0.00063853
0.00062686
0.0006152
0.00060353
0.00059187
0.00058021
0.00056856
0.0005569
0.00054525
0.0005336
0.00052195
0.0005103
0.00049866
0.00048702
0.00047538
0.00046375
0.00045211
0.00044049
0.00042886
0.00041724
0.00040562
0.00039401
0.0003824
0.00037079
0.00035919
0.00034759
0.000336
0.00032441
0.00031282
0.00030124
0.00028967
0.0002781
0.00026653
0.00025497
0.00024342
0.00023187
0.00022033
0.00020879
0.00019726
0.00018573
0.00017421
0.00016269
0.00015119
0.00013969
0.00012819
0.0001167
0.00010522
9.3745e-05
8.2277e-05
7.0817e-05
5.9363e-05
4.7917e-05
3.6478e-05
2.5047e-05
1.3623e-05
2.2071e-06
-9.2008e-06
-2.0601e-05
-3.1992e-05
-4.3376e-05
-5.4751e-05
-6.6118e-05
-7.7476e-05
-8.8825e-05
-0.00010017
-0.0001115
-0.00012282
-0.00013413
-0.00014544
-0.00015673
-0.00016802
-0.00017929
-0.00019056
-0.00020181
-0.00021306
-0.0002243
-0.00023552
-0.00024674
-0.00025794
-0.00026914
-0.00028032
-0.00029149
-0.00030266
-0.00031381
-0.00032495
-0.00033608
-0.00034719
-0.0003583
-0.00036939
-0.00038048
-0.00039155
-0.00040261
-0.00041366
-0.00042469
-0.00043572
-0.00044673
-0.00045773
-0.00046871
-0.00047968
-0.00049065
-0.00050159
-0.00051253
-0.00052345
-0.00053436
-0.00054526
-0.00055614
-0.00056701
-0.00057786
-0.0005887
-0.00059953
-0.00061035
-0.00062115
-0.00063193
-0.0006427
-0.00065346
-0.00066421
-0.00067493
-0.00068565
-0.00069635
-0.00070703
-0.0007177
-0.00072836
-0.000739
-0.00074962
-0.00076023
-0.00077083
-0.00078141
-0.00079197
-0.00080252
-0.00081305
-0.00082356
-0.00083406
-0.00084455
-0.00085501
-0.00086547
-0.0008759
-0.00088632
-0.00089672
-0.00090711
-0.00091748
-0.00092783
-0.00093816
-0.00094848
-0.00095878
-0.00096906
-0.00097933
-0.00098958
-0.00099981
-0.00101
-0.0010202
-0.0010304
-0.0010406
-0.0010507
-0.0010608
-0.0010709
-0.001081
-0.0010911
-0.0011011
-0.0011112
-0.0011212
-0.0011312
-0.0011412
-0.0011511
-0.0011611
-0.001171
-0.0011809
-0.0011908
-0.0012006
-0.0012105
-0.0012203
-0.0012301
-0.0012399
-0.0012497
-0.0012594
-0.0012691
-0.0012789
-0.0012885
-0.0012982
-0.0013079
-0.0013175
-0.0013271
-0.0013367
-0.0013462
-0.0013558
-0.0013653
-0.0013748
-0.0013843
-0.0013938
-0.0014032
-0.0014126
-0.001422
-0.0014314
-0.0014408
-0.0014501
-0.0014594
-0.0014687
-0.001478
-0.0014872
-0.0014965
-0.0015057
-0.0015149
-0.001524
-0.0015332
-0.0015423
-0.0015514
-0.0015605
-0.0015695
-0.0015785
-0.0015875
-0.0015965
-0.0016055
-0.0016144
-0.0016234
-0.0016323
-0.0016411
-0.00165
-0.0016588
-0.0016676
-0.0016764
-0.0016852
-0.0016939
-0.0017026
-0.0017113
-0.00172
-0.0017286
-0.0017372
-0.0017458
-0.0017544
-0.001763
-0.0017715
-0.00178
-0.0017885
-0.0017969
-0.0018054
-0.0018138
-0.0018221
-0.0018305
-0.0018388
-0.0018471
-0.0018554
-0.0018637
-0.0018719
-0.0018802
-0.0018883
-0.0018965
-0.0019047
-0.0019128
-0.0019209
-0.0019289
-0.001937
-0.001945
-0.001953
-0.001961
-0.0019689
-0.0019768
-0.0019847
-0.0019926
-0.0020004
-0.0020082
-0.002016
-0.0020238
-0.0020315
-0.0020393
-0.002047
-0.0020546
-0.0020623
-0.0020699
-0.0020775
-0.002085
-0.0020926
-0.0021001
-0.0021076
-0.002115
-0.0021225
-0.0021299
-0.0021373
-0.0021446
-0.002152
-0.0021593
-0.0021666
-0.0021738
-0.0021811
-0.0021883
-0.0021954
-0.0022026
-0.0022097
-0.0022168
-0.0022239
-0.0022309
-0.002238
-0.0022449
-0.0022519
-0.0022589
-0.0022658
-0.0022727
-0.0022795
-0.0022864
-0.0022932
-0.0023
-0.0023067
-0.0023134
-0.0023201
-0.0023268
-0.0023335
-0.0023401
-0.0023467
-0.0023533
-0.0023598
-0.0023663
-0.0023728
-0.0023793
-0.0023857
-0.0023921
-0.0023985
-0.0024049
-0.0024112
-0.0024175
-0.0024238
-0.00243
-0.0024362
-0.0024424
-0.0024486
-0.0024547
-0.0024608
-0.0024669
-0.002473
-0.002479
-0.002485
-0.002491
-0.002497
-0.0025029
-0.0025088
-0.0025146
-0.0025205
-0.0025263
-0.0025321
-0.0025378
-0.0025436
-0.0025493
-0.002555
-0.0025606
-0.0025662
-0.0025718
-0.0025774
-0.0025829
-0.0025884
-0.0025939
-0.0025994
-0.0026048
-0.0026102
-0.0026156
-0.002621
-0.0026263
-0.0026316
-0.0026368
-0.0026421
-0.0026473
-0.0026525
-0.0026576
-0.0026628
-0.0026679
-0.002673
-0.002678
-0.002683
-0.002688
-0.002693
-0.0026979
-0.0027028
-0.0027077
-0.0027126
-0.0027174
-0.0027222
-0.002727
-0.0027317
-0.0027365
-0.0027411
-0.0027458
-0.0027504
-0.0027551
-0.0027596
-0.0027642
-0.0027687
-0.0027732
-0.0027777
-0.0027822
-0.0027866
-0.002791
-0.0027953
-0.0027997
-0.002804
-0.0028083
-0.0028125
-0.0028168
-0.002821
-0.0028251
-0.0028293
-0.0028334
-0.0028375
-0.0028416
-0.0028456
-0.0028496
-0.0028536
-0.0028576
-0.0028615
-0.0028654
-0.0028693
-0.0028731
-0.002877
-0.0028807
-0.0028845
-0.0028883
-0.002892
-0.0028957
-0.0028993
-0.002903
-0.0029066
-0.0029102
-0.0029137
-0.0029172
-0.0029207
-0.0029242
-0.0029277
-0.0029311
-0.0029345
-0.0029378
-0.0029412
-0.0029445
-0.0029478
-0.0029511
-0.0029543
-0.0029575
-0.0029607
-0.0029638
-0.002967
-0.0029701
-0.0029732
-0.0029762
-0.0029792
-0.0029822
-0.0029852
-0.0029881
-0.0029911
-0.002994
-0.0029968
-0.0029997
-0.0030025
-0.0030053
-0.003008
-0.0030108
-0.0030135
-0.0030162
-0.0030188
-0.0030215
-0.0030241
-0.0030267
-0.0030292
-0.0030318
-0.0030343
-0.0030367
-0.0030392
-0.0030416
-0.003044
-0.0030464
-0.0030488
-0.0030511
-0.0030534
-0.0030557
-0.0030579
-0.0030601
-0.0030623
-0.0030645
-0.0030667
-0.0030688
-0.0030709
-0.003073
-0.003075
-0.003077
-0.003079
-0.003081
-0.003083
-0.0030849
-0.0030868
-0.0030887
-0.0030905
-0.0030923
-0.0030941
-0.0030959
-0.0030977
-0.0030994
-0.0031011
-0.0031028
-0.0031044
-0.0031061
-0.0031077
-0.0031093
-0.0031108
-0.0031124
-0.0031139
-0.0031154
-0.0031168
-0.0031183
-0.0031197
-0.0031211
-0.0031224
-0.0031238
-0.0031251
-0.0031264
-0.0031277
-0.0031289
-0.0031301
-0.0031313
-0.0031325
-0.0031337
-0.0031348
-0.0031359
-0.003137
-0.003138
-0.0031391
-0.0031401
-0.0031411
-0.0031421
-0.003143
-0.0031439
-0.0031448
-0.0031457
-0.0031466
-0.0031474
-0.0031482
-0.003149
-0.0031498
-0.0031505
-0.0031512
-0.0031519
-0.0031526
-0.0031532
-0.0031539
-0.0031545
-0.0031551
-0.0031556
-0.0031562
-0.0031567
-0.0031572
-0.0031577
-0.0031581
-0.0031585
-0.003159
-0.0031593
-0.0031597
-0.0031601
-0.0031604
-0.0031607
-0.003161
-0.0031612
-0.0031615
-0.0031617
-0.0031619
-0.003162
-0.0031622
-0.0031623
-0.0031624
-0.0031625
-0.0031626
-0.0031627
-0.0031627
-0.0031627
-0.0031627
-0.0031626
-0.0031626
-0.0031625
-0.0031624
-0.0031623
-0.0031622
-0.003162
-0.0031618
-0.0031616
-0.0031614
-0.0031612
-0.0031609
-0.0031607
-0.0031604
-0.0031601
-0.0031597
-0.0031594
-0.003159
-0.0031586
-0.0031582
-0.0031578
-0.0031573
-0.0031568
-0.0031563
-0.0031558
-0.0031553
-0.0031548
-0.0031542
-0.0031536
-0.003153
-0.0031524
-0.0031517
-0.0031511
-0.0031504
-0.0031497
-0.003149
-0.0031482
-0.0031475
-0.0031467
-0.0031459
-0.0031451
-0.0031443
-0.0031435
-0.0031426
-0.0031417
-0.0031408
-0.0031399
-0.003139
-0.003138
-0.003137
-0.0031361
-0.0031351
-0.003134
-0.003133
-0.0031319
-0.0031309
-0.0031298
-0.0031287
-0.0031275
-0.0031264
-0.0031252
-0.0031241
-0.0031229
-0.0031217
-0.0031204
-0.0031192
-0.0031179
-0.0031167
-0.0031154
-0.0031141
-0.0031127
-0.0031114
-0.00311
-0.0031087
-0.0031073
-0.0031059
-0.0031044
-0.003103
-0.0031015
-0.0031001
-0.0030986
-0.0030971
-0.0030956
-0.003094
-0.0030925
-0.0030909
-0.0030893
-0.0030877
-0.0030861
-0.0030845
-0.0030829
-0.0030812
-0.0030796
-0.0030779
-0.0030762
-0.0030745
-0.0030727
-0.003071
-0.0030692
-0.0030675
-0.0030657
-0.0030639
-0.003062
-0.0030602
-0.0030584
-0.0030565
-0.0030546
-0.0030528
-0.0030509
-0.0030489
-0.003047
-0.0030451
-0.0030431
-0.0030411
-0.0030392
-0.0030372
-0.0030351
-0.0030331
-0.0030311
-0.003029
-0.003027
-0.0030249
-0.0030228
-0.0030207
-0.0030186
-0.0030165
-0.0030143
-0.0030122
-0.00301
-0.0030078
-0.0030056
-0.0030034
-0.0030012
-0.002999
-0.0029967
-0.0029945
-0.0029922
-0.0029899
-0.0029876
-0.0029853
-0.002983
-0.0029807
-0.0029783
-0.002976
-0.0029736
-0.0029713
-0.0029689
-0.0029665
-0.0029641
-0.0029616
-0.0029592
-0.0029568
-0.0029543
-0.0029518
-0.0029494
-0.0029469
-0.0029444
-0.0029419
-0.0029394
-0.0029368
-0.0029343
-0.0029317
-0.0029292
-0.0029266
-0.002924
-0.0029214
-0.0029188
-0.0029162
-0.0029136
-0.0029109
-0.0029083
-0.0029056
-0.0029029
-0.0029003
-0.0028976
-0.0028949
-0.0028922
-0.0028895
-0.0028867
-0.002884
-0.0028813
-0.0028785
-0.0028757
-0.002873
-0.0028702
-0.0028674
-0.0028646
-0.0028618
-0.0028589
-0.0028561
-0.0028533
-0.0028504
-0.0028476
-0.0028447
-0.0028418
-0.002839
-0.0028361
-0.0028332
-0.0028303
-0.0028273
-0.0028244
-0.0028215
-0.0028185
-0.0028156
-0.0028126
-0.0028097
-0.0028067
-0.0028037
-0.0028007
-0.0027977
-0.0027947
-0.0027917
-0.0027887
-0.0027856
-0.0027826
-0.0027796
-0.0027765
-0.0027734
-0.0027704
-0.0027673
-0.0027642
-0.0027611
-0.002758
-0.0027549
-0.0027518
-0.0027487
-0.0027456
-0.0027424
-0.0027393
-0.0027362
-0.002733
-0.0027298
-0.0027267
-0.0027235
-0.0027203
-0.0027171
-0.002714
-0.0027108
-0.0027075
-0.0027043
-0.0027011
-0.0026979
-0.0026947
-0.0026914
-0.0026882
-0.0026849
-0.0026817
-0.0026784
-0.0026752
-0.0026719
-0.0026686
-0.0026653
-0.002662
-0.0026588
-0.0026555
-0.0026521
-0.0026488
-0.0026455
-0.0026422
-0.0026389
-0.0026355
-0.0026322
-0.0026289
-0.0026255
-0.0026222
-0.0026188
-0.0026155
-0.0026121
-0.0026087
-0.0026053
-0.002602
-0.0025986
-0.0025952
-0.0025918
-0.0025884
-0.002585
-0.0025816
-0.0025782
-0.0025748
-0.0025713
-0.0025679
-0.0025645
-0.002561
-0.0025576
-0.0025542
-0.0025507
-0.0025473
-0.0025438
-0.0025404
-0.0025369
-0.0025334
-0.00253
-0.0025265
-0.002523
-0.0025195
-0.0025161
-0.0025126
-0.0025091
-0.0025056
-0.0025021
-0.0024986
-0.0024951
-0.0024916
-0.0024881
-0.0024846
-0.002481
-0.0024775
-0.002474
-0.0024705
-0.002467
-0.0024634
-0.0024599
-0.0024564
-0.0024528
-0.0024493
-0.0024457
-0.0024422
-0.0024386
-0.0024351
-0.0024315
-0.002428
-0.0024244
-0.0024209
-0.0024173
-0.0024137
-0.0024102
-0.0024066
-0.002403
-0.0023994
-0.0023959
-0.0023923
-0.0023887
-0.0023851
-0.0023815
-0.0023779
-0.0023744
-0.0023708
-0.0023672
-0.0023636
-0.00236
-0.0023564
-0.0023528
-0.0023492
-0.0023456
-0.002342
-0.0023384
-0.0023348
-0.0023312
-0.0023276
-0.002324
-0.0023203
-0.0023167
-0.0023131
-0.0023095
-0.0023059
-0.0023023
-0.0022987
-0.002295
-0.0022914
-0.0022878
-0.0022842
-0.0022806
-0.0022769
-0.0022733
-0.0022697
-0.0022661
-0.0022624
-0.0022588
-0.0022552
-0.0022515
-0.0022479
-0.0022443
-0.0022407
-0.002237
-0.0022334
-0.0022298
-0.0022261
-0.0022225
-0.0022189
-0.0022153
-0.0022116
-0.002208
-0.0022044
-0.0022007
-0.0021971
-0.0021935
-0.0021898
-0.0021862
-0.0021826
-0.0021789
-0.0021753
-0.0021717
-0.002168
-0.0021644
-0.0021608
-0.0021572
-0.0021535
-0.0021499
-0.0021463
-0.0021426
-0.002139
-0.0021354
-0.0021318
-0.0021281
-0.0021245
-0.0021209
-0.0021173
-0.0021136
-0.00211
-0.0021064
-0.0021028
-0.0020991
-0.0020955
-0.0020919
-0.0020883
-0.0020847
-0.0020811
-0.0020774
-0.0020738
-0.0020702
-0.0020666
-0.002063
-0.0020594
-0.0020558
-0.0020522
-0.0020486
-0.0020449
-0.0020413
-0.0020377
-0.0020341
-0.0020305
-0.0020269
-0.0020233
-0.0020197
-0.0020162
-0.0020126
-0.002009
-0.0020054
-0.0020018
-0.0019982
-0.0019946
-0.001991
-0.0019875
-0.0019839
-0.0019803
-0.0019767
-0.0019731
-0.0019696
-0.001966
-0.0019624
-0.0019589
-0.0019553
-0.0019517
-0.0019482
-0.0019446
-0.001941
-0.0019375
-0.0019339
-0.0019304
-0.0019268
-0.0019233
-0.0019197
-0.0019162
-0.0019127
-0.0019091
-0.0019056
-0.001902
-0.0018985
-0.001895
-0.0018914
-0.0018879
-0.0018844
-0.0018809
-0.0018774
-0.0018738
-0.0018703
-0.0018668
-0.0018633
-0.0018598
-0.0018563
-0.0018528
-0.0018493
-0.0018458
-0.0018423
-0.0018388
-0.0018353
-0.0018318
-0.0018283
-0.0018249
-0.0018214
-0.0018179
-0.0018144
-0.001811
-0.0018075
-0.001804
-0.0018006
-0.0017971
-0.0017937
-0.0017902
-0.0017868
-0.0017833
-0.0017799
-0.0017764
-0.001773
-0.0017695
-0.0017661
-0.0017627
-0.0017593
-0.0017558
-0.0017524
-0.001749
-0.0017456
-0.0017422
-0.0017388
-0.0017353
-0.0017319
-0.0017285
-0.0017251
-0.0017218
-0.0017184
-0.001715
-0.0017116
-0.0017082
-0.0017048
-0.0017015
-0.0016981
-0.0016947
-0.0016914
-0.001688
-0.0016846
-0.0016813
-0.0016779
-0.0016746
-0.0016713
-0.0016679
-0.0016646
-0.0016612
-0.0016579
-0.0016546
-0.0016513
-0.0016479
-0.0016446
-0.0016413
-0.001638
-0.0016347
-0.0016314
-0.0016281
-0.0016248
-0.0016215
-0.0016182
-0.001615
-0.0016117
-0.0016084
-0.0016051
-0.0016019
-0.0015986
-0.0015953
-0.0015921
-0.0015888
-0.0015856
-0.0015823
-0.0015791
-0.0015759
-0.0015726
-0.0015694
-0.0015662
-0.0015629
-0.0015597
-0.0015565
-0.0015533
-0.0015501
-0.0015469
-0.0015437
-0.0015405
-0.0015373
-0.0015341
-0.0015309
-0.0015277
-0.0015246
-0.0015214
-0.0015182
-0.0015151
-0.0015119
-0.0015088
-0.0015056
-0.0015025
-0.0014993
-0.0014962
-0.001493
-0.0014899
-0.0014868
-0.0014837
-0.0014805
-0.0014774
-0.0014743
-0.0014712
-0.0014681
-0.001465
-0.0014619
-0.0014588
-0.0014557
-0.0014527
-0.0014496
-0.0014465
-0.0014434
-0.0014404
-0.0014373
-0.0014343
-0.0014312
-0.0014282
-0.0014251
-0.0014221
-0.0014191
-0.001416
-0.001413
-0.00141
-0.001407
-0.0014039
-0.0014009
-0.0013979
-0.0013949
-0.0013919
-0.0013889
-0.001386
-0.001383
-0.00138
-0.001377
-0.0013741
-0.0013711
-0.0013681
-0.0013652
-0.0013622
-0.0013593
-0.0013563
-0.0013534
-0.0013505
-0.0013475
-0.0013446
-0.0013417
-0.0013388
-0.0013359
-0.001333
-0.0013301
-0.0013272
-0.0013243
-0.0013214
-0.0013185
-0.0013156
-0.0013127
-0.0013099
-0.001307
-0.0013041
-0.0013013
-0.0012984
-0.0012956
-0.0012927
-0.0012899
-0.0012871
-0.0012842
-0.0012814
-0.0012786
-0.0012758
-0.001273
-0.0012702
-0.0012674
-0.0012646
-0.0012618
-0.001259
-0.0012562
-0.0012534
-0.0012507
-0.0012479
-0.0012451
-0.0012424
-0.0012396
-0.0012369
-0.0012341
-0.0012314
-0.0012286
-0.0012259
-0.0012232
-0.0012204
-0.0012177
-0.001215
-0.0012123
-0.0012096
-0.0012069
-0.0012042
-0.0012015
-0.0011988
-0.0011962
-0.0011935
-0.0011908
-0.0011881
-0.0011855
-0.0011828
-0.0011802
-0.0011775
-0.0011749
-0.0011722
-0.0011696
-0.001167
-0.0011644
-0.0011617
-0.0011591
-0.0011565
-0.0011539
-0.0011513
-0.0011487
-0.0011461
-0.0011435
-0.001141
-0.0011384
-0.0011358
-0.0011333
-0.0011307
-0.0011281
-0.0011256
-0.001123
-0.0011205
-0.001118
-0.0011154
-0.0011129
-0.0011104
-0.0011079
-0.0011053
-0.0011028
-0.0011003
-0.0010978
-0.0010953
-0.0010929
-0.0010904
-0.0010879
-0.0010854
-0.0010829
-0.0010805
-0.001078
-0.0010756
-0.0010731
-0.0010707
-0.0010682
-0.0010658
-0.0010634
-0.0010609
-0.0010585
-0.0010561
-0.0010537
-0.0010513
-0.0010489
-0.0010465
-0.0010441
-0.0010417
-0.0010393
-0.0010369
-0.0010346
-0.0010322
-0.0010298
-0.0010275
-0.0010251
-0.0010228
-0.0010204
-0.0010181
-0.0010158
-0.0010134
-0.0010111
-0.0010088
-0.0010065
-0.0010042
-0.0010019
-0.00099955
-0.00099726
-0.00099497
-0.00099268
-0.0009904
-0.00098813
-0.00098586
-0.00098359
-0.00098133
-0.00097907
-0.00097682
-0.00097458
-0.00097233
-0.0009701
-0.00096787
-0.00096564
-0.00096342
-0.0009612
-0.00095899
-0.00095678
-0.00095458
-0.00095238
-0.00095019
-0.000948
-0.00094582
-0.00094364
-0.00094147
-0.0009393
-0.00093713
-0.00093497
-0.00093282
-0.00093067
-0.00092853
-0.00092639
-0.00092425
-0.00092212
-0.00092
-0.00091788
-0.00091577
-0.00091366
-0.00091155
-0.00090945
-0.00090736
-0.00090526
-0.00090318
-0.0009011
-0.00089902
-0.00089695
-0.00089489
-0.00089282
-0.00089077
-0.00088872
-0.00088667
-0.00088463
-0.00088259
-0.00088056
-0.00087853
-0.00087651
-0.00087449
-0.00087248
-0.00087047
-0.00086847
-0.00086647
-0.00086448
-0.00086249
-0.00086051
-0.00085853
-0.00085655
-0.00085459
-0.00085262
-0.00085066
-0.00084871
-0.00084676
-0.00084481
-0.00084287
-0.00084094
-0.00083901
-0.00083708
-0.00083516
-0.00083325
-0.00083134
-0.00082943
-0.00082753
-0.00082563
-0.00082374
-0.00082186
-0.00081997
-0.0008181
-0.00081623
-0.00081436
-0.0008125
-0.00081064
-0.00080879
-0.00080694
-0.00080509
-0.00080326
-0.00080142
-0.00079959
-0.00079777
-0.00079595
-0.00079414
-0.00079233
-0.00079052
-0.00078872
-0.00078693
-0.00078514
-0.00078335
-0.00078157
-0.0007798
-0.00077802
-0.00077626
-0.0007745
-0.00077274
-0.00077099
-0.00076924
-0.0007675
-0.00076576
-0.00076403
-0.0007623
-0.00076058
-0.00075886
-0.00075715
-0.00075544
-0.00075373
-0.00075203
-0.00075034
-0.00074865
-0.00074697
-0.00074528
-0.00074361
-0.00074194
-0.00074027
-0.00073861
-0.00073695
-0.0007353
-0.00073366
-0.00073201
-0.00073038
-0.00072874
-0.00072712
-0.00072549
-0.00072387
-0.00072226
-0.00072065
-0.00071905
-0.00071745
-0.00071585
-0.00071426
-0.00071267
-0.00071109
-0.00070952
-0.00070795
-0.00070638
-0.00070482
-0.00070326
-0.00070171
-0.00070016
-0.00069862
-0.00069708
-0.00069554
-0.00069401
-0.00069249
-0.00069097
-0.00068945
-0.00068794
-0.00068644
-0.00068493
-0.00068344
-0.00068195
-0.00068046
-0.00067897
-0.0006775
-0.00067602
-0.00067455
-0.00067309
-0.00067163
-0.00067017
-0.00066872
-0.00066728
-0.00066584
-0.0006644
-0.00066297
-0.00066154
-0.00066012
-0.0006587
-0.00065729
-0.00065588
-0.00065447
-0.00065307
-0.00065168
-0.00065029
-0.0006489
-0.00064752
-0.00064614
-0.00064477
-0.0006434
-0.00064204
-0.00064068
-0.00063932
-0.00063797
-0.00063663
-0.00063528
-0.00063395
-0.00063262
-0.00063129
-0.00062997
-0.00062865
-0.00062733
-0.00062602
-0.00062472
-0.00062342
-0.00062212
-0.00062083
-0.00061954
-0.00061826
-0.00061698
-0.00061571
-0.00061444
-0.00061317
-0.00061191
-0.00061066
-0.00060941
-0.00060816
-0.00060692
-0.00060568
-0.00060444
-0.00060321
-0.00060199
-0.00060077
-0.00059955
-0.00059834
-0.00059713
-0.00059593
-0.00059473
-0.00059353
-0.00059234
-0.00059116
-0.00058998
-0.0005888
-0.00058763
-0.00058646
-0.00058529
-0.00058413
-0.00058298
-0.00058182
-0.00058068
-0.00057953
-0.0005784
-0.00057726
-0.00057613
-0.000575
-0.00057388
-0.00057277
-0.00057165
-0.00057054
-0.00056944
-0.00056834
-0.00056724
-0.00056615
-0.00056506
-0.00056398
-0.0005629
-0.00056182
-0.00056075
-0.00055968
-0.00055862
-0.00055756
-0.00055651
-0.00055546
-0.00055441
-0.00055337
-0.00055233
-0.0005513
-0.00055027
-0.00054924
-0.00054822
-0.0005472
-0.00054619
-0.00054518
-0.00054417
-0.00054317
-0.00054217
-0.00054118
-0.00054019
-0.00053921
-0.00053822
-0.00053725
-0.00053627
-0.0005353
-0.00053434
-0.00053338
-0.00053242
-0.00053146
-0.00053051
-0.00052957
-0.00052863
-0.00052769
-0.00052675
-0.00052582
-0.0005249
-0.00052398
-0.00052306
-0.00052214
-0.00052123
-0.00052032
-0.00051942
-0.00051852
-0.00051763
-0.00051673
-0.00051585
-0.00051496
-0.00051408
-0.00051321
-0.00051233
-0.00051146
-0.0005106
-0.00050974
-0.00050888
-0.00050802
-0.00050717
-0.00050633
-0.00050548
-0.00050464
-0.00050381
-0.00050297
-0.00050215
-0.00050132
-0.0005005
-0.00049968
-0.00049887
-0.00049806
-0.00049725
-0.00049645
-0.00049565
-0.00049485
-0.00049406
-0.00049327
-0.00049248
-0.0004917
-0.00049092
-0.00049014
-0.00048937
-0.0004886
-0.00048784
-0.00048708
-0.00048632
-0.00048556
-0.00048481
-0.00048407
-0.00048332
-0.00048258
-0.00048184
-0.00048111
-0.00048038
-0.00047965
-0.00047892
-0.0004782
-0.00047748
-0.00047677
-0.00047606
-0.00047535
-0.00047464
-0.00047394
-0.00047324
-0.00047255
-0.00047186
-0.00047117
-0.00047048
-0.0004698
-0.00046912
-0.00046844
-0.00046777
-0.0004671
-0.00046643
-0.00046577
-0.00046511
-0.00046445
-0.00046379
-0.00046314
-0.00046249
-0.00046185
-0.0004612
-0.00046056
-0.00045993
-0.00045929
-0.00045866
-0.00045803
-0.00045741
-0.00045678
-0.00045616
-0.00045555
-0.00045493
-0.00045432
-0.00045371
-0.00045311
-0.0004525
-0.0004519
-0.00045131
-0.00045071
-0.00045012
-0.00044953
-0.00044895
-0.00044836
-0.00044778
-0.0004472
-0.00044663
-0.00044605
-0.00044548
-0.00044492
-0.00044435
-0.00044379
-0.00044323
-0.00044267
-0.00044211
-0.00044156
-0.00044101
-0.00044046
-0.00043992
-0.00043938
-0.00043884
-0.0004383
-0.00043776
-0.00043723
-0.0004367
-0.00043617
-0.00043565
-0.00043512
-0.0004346
-0.00043408
-0.00043356
-0.00043305
-0.00043254
-0.00043203
-0.00043152
-0.00043102
-0.00043051
-0.00043001
-0.00042951
-0.00042901
-0.00042852
-0.00042803
-0.00042754
-0.00042705
-0.00042656
-0.00042608
-0.0004256
-0.00042512
-0.00042464
-0.00042416
-0.00042369
-0.00042322
-0.00042274
-0.00042228
-0.00042181
-0.00042135
-0.00042088
-0.00042042
-0.00041996
-0.00041951
-0.00041905
-0.0004186
-0.00041814
-0.00041769
-0.00041725
-0.0004168
-0.00041635
-0.00041591
-0.00041547
-0.00041503
-0.00041459
-0.00041416
-0.00041372
-0.00041329
-0.00041286
-0.00041243
-0.000412
-0.00041157
-0.00041114
-0.00041072
-0.0004103
-0.00040988
-0.00040946
-0.00040904
-0.00040862
-0.00040821
-0.00040779
-0.00040738
-0.00040697
-0.00040656
-0.00040615
-0.00040574
-0.00040534
-0.00040493
-0.00040453
-0.00040412
-0.00040372
-0.00040332
-0.00040293
-0.00040253
-0.00040213
-0.00040174
-0.00040134
-0.00040095
-0.00040056
-0.00040017
-0.00039978
-0.00039939
-0.000399
-0.00039861
-0.00039823
-0.00039784
-0.00039746
-0.00039708
-0.00039669
-0.00039631
-0.00039593
-0.00039555
-0.00039517
-0.0003948
-0.00039442
-0.00039404
-0.00039367
-0.00039329
-0.00039292
-0.00039255
-0.00039218
-0.0003918
-0.00039143
-0.00039106
-0.00039069
-0.00039033
-0.00038996
-0.00038959
-0.00038922
-0.00038886
-0.00038849
-0.00038813
-0.00038776
-0.0003874
-0.00038703
-0.00038667
-0.00038631
-0.00038595
-0.00038558
-0.00038522
-0.00038486
-0.0003845
-0.00038414
-0.00038378
-0.00038342
-0.00038306
-0.00038271
-0.00038235
-0.00038199
-0.00038163
-0.00038128
-0.00038092
-0.00038056
-0.0003802
-0.00037985
-0.00037949
-0.00037914
-0.00037878
-0.00037842
-0.00037807
-0.00037771
-0.00037736
-0.000377
-0.00037665
-0.00037629
-0.00037594
-0.00037558
-0.00037523
-0.00037488
-0.00037452
-0.00037417
-0.00037381
-0.00037346
-0.0003731
-0.00037275
-0.00037239
-0.00037204
-0.00037168
-0.00037133
-0.00037097
-0.00037062
-0.00037026
-0.00036991
-0.00036955
-0.0003692
-0.00036884
-0.00036848
-0.00036813
-0.00036777
-0.00036741
-0.00036706
-0.0003667
-0.00036634
-0.00036598
-0.00036563
-0.00036527
-0.00036491
-0.00036455
-0.00036419
-0.00036383
-0.00036347
-0.00036311
-0.00036275
-0.00036239
-0.00036203
-0.00036167
-0.00036131
-0.00036094
-0.00036058
-0.00036022
-0.00035985
-0.00035949
-0.00035912
-0.00035876
-0.00035839
-0.00035803
-0.00035766
-0.0003573
-0.00035693
-0.00035656
-0.00035619
-0.00035582
-0.00035545
-0.00035508
-0.00035471
-0.00035434
-0.00035397
-0.0003536
-0.00035323
-0.00035285
-0.00035248
-0.00035211
-0.00035173
-0.00035136
-0.00035098
-0.0003506
-0.00035023
-0.00034985
-0.00034947
-0.00034909
-0.00034871
-0.00034833
-0.00034795
-0.00034757
-0.00034719
-0.0003468
-0.00034642
-0.00034604
-0.00034565
-0.00034527
-0.00034488
-0.0003445
-0.00034411
-0.00034372
-0.00034333
-0.00034294
-0.00034255
-0.00034216
-0.00034177
-0.00034138
-0.00034099
-0.00034059
-0.0003402
-0.0003398
-0.00033941
-0.00033901
-0.00033862
-0.00033822
-0.00033782
-0.00033742
-0.00033702
-0.00033662
-0.00033622
-0.00033582
-0.00033542
-0.00033502
-0.00033461
-0.00033421
-0.0003338
-0.0003334
-0.00033299
-0.00033258
-0.00033218
-0.00033177
-0.00033136
-0.00033095
-0.00033054
-0.00033013
-0.00032972
-0.0003293
-0.00032889
-0.00032848
-0.00032806
-0.00032765
-0.00032723
-0.00032682
-0.0003264
-0.00032598
-0.00032556
-0.00032514
-0.00032473
-0.00032431
-0.00032388
-0.00032346
-0.00032304
-0.00032262
-0.0003222
-0.00032177
-0.00032135
-0.00032092
-0.0003205
-0.00032007
-0.00031964
-0.00031922
-0.00031879
-0.00031836
-0.00031793
-0.0003175
-0.00031707
-0.00031664
-0.00031621
-0.00031578
-0.00031534
-0.00031491
-0.00031448
-0.00031404
-0.00031361
-0.00031318
-0.00031274
-0.0003123
-0.00031187
-0.00031143
-0.00031099
-0.00031056
-0.00031012
-0.00030968
-0.00030924
-0.0003088
-0.00030836
-0.00030792
-0.00030748
-0.00030704
-0.00030659
-0.00030615
-0.00030571
-0.00030527
-0.00030482
-0.00030438
-0.00030393
-0.00030349
-0.00030305
-0.0003026
-0.00030215
-0.00030171
-0.00030126
-0.00030082
-0.00030037
-0.00029992
-0.00029947
-0.00029903
-0.00029858
-0.00029813
-0.00029768
-0.00029723
-0.00029678
-0.00029633
-0.00029588
-0.00029543
-0.00029498
-0.00029453
-0.00029408
-0.00029363
-0.00029318
-0.00029273
-0.00029228
-0.00029182
-0.00029137
-0.00029092
-0.00029047
-0.00029001
-0.00028956
-0.00028911
-0.00028866
-0.0002882
-0.00028775
-0.00028729
-0.00028684
-0.00028639
-0.00028593
-0.00028548
-0.00028503
-0.00028457
-0.00028412
-0.00028366
-0.00028321
-0.00028275
-0.0002823
-0.00028184
-0.00028139
-0.00028093
-0.00028048
-0.00028002
-0.00027957
-0.00027911
-0.00027866
-0.0002782
-0.00027775
-0.00027729
-0.00027684
-0.00027638
-0.00027592
-0.00027547
-0.00027501
-0.00027456
-0.0002741
-0.00027365
-0.00027319
-0.00027274
-0.00027228
-0.00027182
-0.00027137
-0.00027091
-0.00027046
-0.00027
-0.00026955
-0.00026909
-0.00026863
-0.00026818
-0.00026772
