0.00033414
0.00033471
0.00033528
0.00033584
0.00033641
0.00033698
0.00033755
0.00033811
0.00033868
0.00033925
0.00033981
0.00034038
0.00034095
0.00034152
0.00034208
0.00034265
0.00034322
0.00034378
0.00034435
0.00034492
0.00034549
0.00034605
0.00034662
0.00034719
0.00034775
0.00034832
0.00034889
0.00034945
0.00035002
0.00035058
0.00035115
0.00035172
0.00035228
0.00035285
0.00035342
0.00035398
0.00035455
0.00035511
0.00035568
0.00035624
0.00035681
0.00035737
0.00035794
0.0003585
0.00035907
0.00035963
0.0003602
0.00036076
0.00036132
0.00036189
0.00036245
0.00036301
0.00036358
0.00036414
0.0003647
0.00036526
0.00036582
0.00036639
0.00036695
0.00036751
0.00036807
0.00036863
0.00036919
0.00036975
0.00037031
0.00037087
0.00037143
0.00037199
0.00037254
0.0003731
0.00037366
0.00037422
0.00037477
0.00037533
0.00037589
0.00037644
0.000377
0.00037755
0.0003781
0.00037866
0.00037921
0.00037976
0.00038032
0.00038087
0.00038142
0.00038197
0.00038252
0.00038307
0.00038362
0.00038417
0.00038472
0.00038526
0.00038581
0.00038636
0.0003869
0.00038745
0.00038799
0.00038854
0.00038908
0.00038963
0.00039017
0.00039071
0.00039125
0.00039179
0.00039233
0.00039287
0.00039341
0.00039395
0.00039448
0.00039502
0.00039556
0.00039609
0.00039663
0.00039716
0.00039769
0.00039823
0.00039876
0.00039929
0.00039982
0.00040035
0.00040088
0.0004014
0.00040193
0.00040246
0.00040298
0.00040351
0.00040403
0.00040456
0.00040508
0.0004056
0.00040612
0.00040664
0.00040716
0.00040768
0.0004082
0.00040871
0.00040923
0.00040974
0.00041026
0.00041077
0.00041128
0.0004118
0.00041231
0.00041282
0.00041333
0.00041384
0.00041434
0.00041485
0.00041536
0.00041586
0.00041637
0.00041687
0.00041737
0.00041787
0.00041837
0.00041887
0.00041937
0.00041987
0.00042037
0.00042087
0.00042136
0.00042186
0.00042235
0.00042284
0.00042333
0.00042383
0.00042432
0.00042481
0.00042529
0.00042578
0.00042627
0.00042676
0.00042724
0.00042773
0.00042821
0.00042869
0.00042917
0.00042966
0.00043014
0.00043061
0.00043109
0.00043157
0.00043205
0.00043252
0.000433
0.00043347
0.00043395
0.00043442
0.00043489
0.00043537
0.00043584
0.00043631
0.00043677
0.00043724
0.00043771
0.00043818
0.00043864
0.00043911
0.00043957
0.00044004
0.0004405
0.00044096
0.00044143
0.00044189
0.00044235
0.00044281
0.00044327
0.00044372
0.00044418
0.00044464
0.0004451
0.00044555
0.00044601
0.00044646
0.00044692
0.00044737
0.00044782
0.00044827
0.00044873
0.00044918
0.00044963
0.00045008
0.00045053
0.00045098
0.00045142
0.00045187
0.00045232
0.00045277
0.00045321
0.00045366
0.00045411
0.00045455
0.000455
0.00045544
0.00045589
0.00045633
0.00045677
0.00045722
0.00045766
0.0004581
0.00045854
0.00045899
0.00045943
0.00045987
0.00046031
0.00046075
0.00046119
0.00046163
0.00046207
0.00046251
0.00046295
0.00046339
0.00046383
0.00046427
0.00046471
0.00046515
0.00046559
0.00046603
0.00046647
0.00046691
0.00046735
0.00046779
0.00046823
0.00046867
0.00046911
0.00046955
0.00046999
0.00047043
0.00047087
0.00047131
0.00047175
0.00047219
0.00047263
0.00047307
0.00047351
0.00047395
0.00047439
0.00047483
0.00047527
0.00047572
0.00047616
0.0004766
0.00047705
0.00047749
0.00047793
0.00047838
0.00047882
0.00047927
0.00047971
0.00048016
0.00048061
0.00048105
0.0004815
0.00048195
0.0004824
0.00048285
0.0004833
0.00048375
0.0004842
0.00048465
0.00048511
0.00048556
0.00048601
0.00048647
0.00048693
0.00048738
0.00048784
0.0004883
0.00048876
0.00048922
0.00048968
0.00049014
0.0004906
0.00049107
0.00049153
0.000492
0.00049246
0.00049293
0.0004934
0.00049387
0.00049434
0.00049481
0.00049529
0.00049576
0.00049623
0.00049671
0.00049719
0.00049767
0.00049815
0.00049863
0.00049911
0.0004996
0.00050008
0.00050057
0.00050106
0.00050155
0.00050204
0.00050253
0.00050302
0.00050352
0.00050402
0.00050451
0.00050501
0.00050551
0.00050602
0.00050652
0.00050703
0.00050754
0.00050804
0.00050856
0.00050907
0.00050958
0.0005101
0.00051062
0.00051114
0.00051166
0.00051218
0.00051271
0.00051323
0.00051376
0.00051429
0.00051482
0.00051536
0.0005159
0.00051643
0.00051697
0.00051752
0.00051806
0.00051861
0.00051916
0.00051971
0.00052026
0.00052081
0.00052137
0.00052193
0.00052249
0.00052306
0.00052362
0.00052419
0.00052476
0.00052533
0.00052591
0.00052649
0.00052707
0.00052765
0.00052823
0.00052882
0.00052941
0.00053
0.00053059
0.00053119
0.00053179
0.00053239
0.000533
0.0005336
0.00053421
0.00053482
0.00053544
0.00053606
0.00053668
0.0005373
0.00053792
0.00053855
0.00053918
0.00053982
0.00054045
0.00054109
0.00054173
0.00054238
0.00054303
0.00054368
0.00054433
0.00054499
0.00054565
0.00054631
0.00054697
0.00054764
0.00054831
0.00054899
0.00054966
0.00055034
0.00055103
0.00055171
0.0005524
0.00055309
0.00055379
0.00055449
0.00055519
0.0005559
0.0005566
0.00055732
0.00055803
0.00055875
0.00055947
0.0005602
0.00056092
0.00056165
0.00056239
0.00056313
0.00056387
0.00056461
0.00056536
0.00056611
0.00056687
0.00056763
0.00056839
0.00056916
0.00056992
0.0005707
0.00057147
0.00057225
0.00057304
0.00057382
0.00057461
0.00057541
0.00057621
0.00057701
0.00057781
0.00057862
0.00057943
0.00058025
0.00058107
0.0005819
0.00058272
0.00058355
0.00058439
0.00058523
0.00058607
0.00058692
0.00058777
0.00058862
0.00058948
0.00059034
0.00059121
0.00059208
0.00059295
0.00059383
0.00059471
0.0005956
0.00059649
0.00059738
0.00059828
0.00059918
0.00060009
0.000601
0.00060191
0.00060283
0.00060376
0.00060468
0.00060561
0.00060655
0.00060749
0.00060843
0.00060938
0.00061033
0.00061129
0.00061225
0.00061321
0.00061418
0.00061515
0.00061613
0.00061711
0.0006181
0.00061909
0.00062008
0.00062108
0.00062208
0.00062309
0.0006241
0.00062512
0.00062614
0.00062717
0.0006282
0.00062923
0.00063027
0.00063131
0.00063236
0.00063341
0.00063447
0.00063553
0.0006366
0.00063767
0.00063874
0.00063982
0.0006409
0.00064199
0.00064309
0.00064418
0.00064529
0.00064639
0.0006475
0.00064862
0.00064974
0.00065087
0.000652
0.00065313
0.00065427
0.00065542
0.00065657
0.00065772
0.00065888
0.00066004
0.00066121
0.00066238
0.00066356
0.00066474
0.00066593
0.00066712
0.00066832
0.00066952
0.00067073
0.00067194
0.00067315
0.00067437
0.0006756
0.00067683
0.00067807
0.00067931
0.00068055
0.0006818
0.00068306
0.00068432
0.00068558
0.00068685
0.00068813
0.00068941
0.00069069
0.00069198
0.00069328
0.00069458
0.00069588
0.00069719
0.00069851
0.00069983
0.00070115
0.00070248
0.00070382
0.00070516
0.0007065
0.00070785
0.00070921
0.00071057
0.00071193
0.0007133
0.00071468
0.00071606
0.00071745
0.00071884
0.00072023
0.00072164
0.00072304
0.00072445
0.00072587
0.00072729
0.00072872
0.00073015
0.00073159
0.00073303
0.00073448
0.00073593
0.00073739
0.00073885
0.00074032
0.0007418
0.00074328
0.00074476
0.00074625
0.00074775
0.00074925
0.00075075
0.00075226
0.00075378
0.0007553
0.00075682
0.00075836
0.00075989
0.00076144
0.00076298
0.00076454
0.00076609
0.00076766
0.00076923
0.0007708
0.00077238
0.00077397
0.00077556
0.00077715
0.00077875
0.00078036
0.00078197
0.00078359
0.00078521
0.00078684
0.00078847
0.00079011
0.00079175
0.0007934
0.00079506
0.00079672
0.00079838
0.00080005
0.00080173
0.00080341
0.0008051
0.00080679
0.00080849
0.00081019
0.0008119
0.00081361
0.00081533
0.00081706
0.00081879
0.00082052
0.00082226
0.00082401
0.00082576
0.00082752
0.00082928
0.00083105
0.00083282
0.0008346
0.00083639
0.00083818
0.00083997
0.00084178
0.00084358
0.00084539
0.00084721
0.00084904
0.00085086
0.0008527
0.00085454
0.00085638
0.00085823
0.00086009
0.00086195
0.00086382
0.00086569
0.00086757
0.00086945
0.00087134
0.00087324
0.00087514
0.00087704
0.00087895
0.00088087
0.00088279
0.00088472
0.00088665
0.00088859
0.00089053
0.00089248
0.00089444
0.0008964
0.00089837
0.00090034
0.00090232
0.0009043
0.00090629
0.00090828
0.00091028
0.00091229
0.0009143
0.00091631
0.00091833
0.00092036
0.00092239
0.00092443
0.00092648
0.00092853
0.00093058
0.00093264
0.00093471
0.00093678
0.00093886
0.00094094
0.00094303
0.00094512
0.00094722
0.00094933
0.00095144
0.00095355
0.00095567
0.0009578
0.00095993
0.00096207
0.00096421
0.00096636
0.00096852
0.00097068
0.00097284
0.00097502
0.00097719
0.00097938
0.00098156
0.00098376
0.00098596
0.00098816
0.00099037
0.00099259
0.00099481
0.00099704
0.00099927
0.0010015
0.0010037
0.001006
0.0010083
0.0010105
0.0010128
0.0010151
0.0010173
0.0010196
0.0010219
0.0010242
0.0010265
0.0010288
0.0010311
0.0010334
0.0010357
0.0010381
0.0010404
0.0010427
0.0010451
0.0010474
0.0010498
0.0010521
0.0010545
0.0010569
0.0010593
0.0010616
0.001064
0.0010664
0.0010688
0.0010712
0.0010736
0.001076
0.0010785
0.0010809
0.0010833
0.0010858
0.0010882
0.0010906
0.0010931
0.0010956
0.001098
0.0011005
0.001103
0.0011054
0.0011079
0.0011104
0.0011129
0.0011154
0.0011179
0.0011204
0.001123
0.0011255
0.001128
0.0011306
0.0011331
0.0011356
0.0011382
0.0011407
0.0011433
0.0011459
0.0011485
0.001151
0.0011536
0.0011562
0.0011588
0.0011614
0.001164
0.0011666
0.0011692
0.0011719
0.0011745
0.0011771
0.0011798
0.0011824
0.001185
0.0011877
0.0011904
0.001193
0.0011957
0.0011984
0.0012011
0.0012037
0.0012064
0.0012091
0.0012118
0.0012145
0.0012173
0.00122
0.0012227
0.0012254
0.0012282
0.0012309
0.0012336
0.0012364
0.0012392
0.0012419
0.0012447
0.0012475
0.0012502
0.001253
0.0012558
0.0012586
0.0012614
0.0012642
0.001267
0.0012698
0.0012726
0.0012755
0.0012783
0.0012811
0.001284
0.0012868
0.0012897
0.0012925
0.0012954
0.0012982
0.0013011
0.001304
0.0013069
0.0013098
0.0013126
0.0013155
0.0013184
0.0013214
0.0013243
0.0013272
0.0013301
0.001333
0.001336
0.0013389
0.0013418
0.0013448
0.0013477
0.0013507
0.0013537
0.0013566
0.0013596
0.0013626
0.0013656
0.0013686
0.0013716
0.0013746
0.0013776
0.0013806
0.0013836
0.0013866
0.0013896
0.0013927
0.0013957
0.0013987
0.0014018
0.0014048
0.0014079
0.0014109
0.001414
0.0014171
0.0014201
0.0014232
0.0014263
0.0014294
0.0014325
0.0014356
0.0014387
0.0014418
0.0014449
0.001448
0.0014511
0.0014543
0.0014574
0.0014605
0.0014637
0.0014668
0.00147
0.0014731
0.0014763
0.0014795
0.0014826
0.0014858
0.001489
0.0014922
0.0014953
0.0014985
0.0015017
0.0015049
0.0015081
0.0015114
0.0015146
0.0015178
0.001521
0.0015243
0.0015275
0.0015307
0.001534
0.0015372
0.0015405
0.0015437
0.001547
0.0015503
0.0015535
0.0015568
0.0015601
0.0015634
0.0015667
0.00157
0.0015733
0.0015766
0.0015799
0.0015832
0.0015865
0.0015898
0.0015931
0.0015965
0.0015998
0.0016031
0.0016065
0.0016098
0.0016132
0.0016165
0.0016199
0.0016233
0.0016266
0.00163
0.0016334
0.0016368
0.0016401
0.0016435
0.0016469
0.0016503
0.0016537
0.0016571
0.0016605
0.001664
0.0016674
0.0016708
0.0016742
0.0016776
0.0016811
0.0016845
0.001688
0.0016914
0.0016949
0.0016983
0.0017018
0.0017052
0.0017087
0.0017122
0.0017156
0.0017191
0.0017226
0.0017261
0.0017296
0.0017331
0.0017366
0.0017401
0.0017436
0.0017471
0.0017506
0.0017541
0.0017576
0.0017611
0.0017647
0.0017682
0.0017717
0.0017753
0.0017788
0.0017824
0.0017859
0.0017894
0.001793
0.0017966
0.0018001
0.0018037
0.0018073
0.0018108
0.0018144
0.001818
0.0018216
0.0018252
0.0018287
0.0018323
0.0018359
0.0018395
0.0018431
0.0018467
0.0018503
0.001854
0.0018576
0.0018612
0.0018648
0.0018684
0.0018721
0.0018757
0.0018793
0.001883
0.0018866
0.0018902
0.0018939
0.0018975
0.0019012
0.0019048
0.0019085
0.0019122
0.0019158
0.0019195
0.0019232
0.0019268
0.0019305
0.0019342
0.0019379
0.0019415
0.0019452
0.0019489
0.0019526
0.0019563
0.00196
0.0019637
0.0019674
0.0019711
0.0019748
0.0019785
0.0019822
0.0019859
0.0019897
0.0019934
0.0019971
0.0020008
0.0020045
0.0020083
0.002012
0.0020157
0.0020195
0.0020232
0.0020269
0.0020307
0.0020344
0.0020382
0.0020419
0.0020457
0.0020494
0.0020532
0.0020569
0.0020607
0.0020644
0.0020682
0.0020719
0.0020757
0.0020795
0.0020832
0.002087
0.0020908
0.0020946
0.0020983
0.0021021
0.0021059
0.0021097
0.0021134
0.0021172
0.002121
0.0021248
0.0021286
0.0021324
0.0021361
0.0021399
0.0021437
0.0021475
0.0021513
0.0021551
0.0021589
0.0021627
0.0021665
0.0021703
0.0021741
0.0021779
0.0021817
0.0021855
0.0021893
0.0021931
0.0021969
0.0022007
0.0022045
0.0022084
0.0022122
0.002216
0.0022198
0.0022236
0.0022274
0.0022312
0.002235
0.0022388
0.0022427
0.0022465
0.0022503
0.0022541
0.0022579
0.0022617
0.0022656
0.0022694
0.0022732
0.002277
0.0022808
0.0022846
0.0022885
0.0022923
0.0022961
0.0022999
0.0023037
0.0023075
0.0023114
0.0023152
0.002319
0.0023228
0.0023266
0.0023304
0.0023343
0.0023381
0.0023419
0.0023457
0.0023495
0.0023533
0.0023571
0.002361
0.0023648
0.0023686
0.0023724
0.0023762
0.00238
0.0023838
0.0023876
0.0023914
0.0023952
0.002399
0.0024028
0.0024066
0.0024104
0.0024142
0.002418
0.0024218
0.0024256
0.0024294
0.0024332
0.002437
0.0024408
0.0024446
0.0024484
0.0024522
0.002456
0.0024597
0.0024635
0.0024673
0.0024711
0.0024749
0.0024786
0.0024824
0.0024862
0.0024899
0.0024937
0.0024975
0.0025012
0.002505
0.0025087
0.0025125
0.0025163
0.00252
0.0025238
0.0025275
0.0025312
0.002535
0.0025387
0.0025425
0.0025462
0.0025499
0.0025536
0.0025574
0.0025611
0.0025648
0.0025685
0.0025722
0.002576
0.0025797
0.0025834
0.0025871
0.0025908
0.0025945
0.0025982
0.0026018
0.0026055
0.0026092
0.0026129
0.0026166
0.0026202
0.0026239
0.0026276
0.0026312
0.0026349
0.0026385
0.0026422
0.0026458
0.0026495
0.0026531
0.0026567
0.0026604
0.002664
0.0026676
0.0026712
0.0026748
0.0026784
0.002682
0.0026856
0.0026892
0.0026928
0.0026964
0.0027
0.0027036
0.0027071
0.0027107
0.0027143
0.0027178
0.0027214
0.0027249
0.0027285
0.002732
0.0027355
0.002739
0.0027426
0.0027461
0.0027496
0.0027531
0.0027566
0.0027601
0.0027636
0.0027671
0.0027705
0.002774
0.0027775
0.0027809
0.0027844
0.0027878
0.0027913
0.0027947
0.0027981
0.0028016
0.002805
0.0028084
0.0028118
0.0028152
0.0028186
0.002822
0.0028253
0.0028287
0.0028321
0.0028354
0.0028388
0.0028421
0.0028455
0.0028488
0.0028521
0.0028554
0.0028587
0.002862
0.0028653
0.0028686
0.0028719
0.0028752
0.0028784
0.0028817
0.0028849
0.0028882
0.0028914
0.0028946
0.0028979
0.0029011
0.0029043
0.0029075
0.0029107
0.0029138
0.002917
0.0029202
0.0029233
0.0029265
0.0029296
0.0029327
0.0029359
0.002939
0.0029421
0.0029452
0.0029483
0.0029513
0.0029544
0.0029575
0.0029605
0.0029636
0.0029666
0.0029696
0.0029726
0.0029756
0.0029786
0.0029816
0.0029846
0.0029876
0.0029905
0.0029935
0.0029964
0.0029993
0.0030022
0.0030051
0.003008
0.0030109
0.0030138
0.0030167
0.0030195
0.0030224
0.0030252
0.0030281
0.0030309
0.0030337
0.0030365
0.0030393
0.003042
0.0030448
0.0030475
0.0030503
0.003053
0.0030557
0.0030584
0.0030611
0.0030638
0.0030665
0.0030692
0.0030718
0.0030745
0.0030771
0.0030797
0.0030823
0.0030849
0.0030875
0.0030901
0.0030926
0.0030952
0.0030977
0.0031002
0.0031027
0.0031052
0.0031077
0.0031102
0.0031127
0.0031151
0.0031175
0.00312
0.0031224
0.0031248
0.0031272
0.0031295
0.0031319
0.0031342
0.0031366
0.0031389
0.0031412
0.0031435
0.0031458
0.003148
0.0031503
0.0031525
0.0031548
0.003157
0.0031592
0.0031614
0.0031635
0.0031657
0.0031678
0.00317
0.0031721
0.0031742
0.0031763
0.0031784
0.0031804
0.0031825
0.0031845
0.0031865
0.0031885
0.0031905
0.0031925
0.0031944
0.0031964
0.0031983
0.0032002
0.0032021
0.003204
0.0032059
0.0032077
0.0032095
0.0032114
0.0032132
0.003215
0.0032167
0.0032185
0.0032202
0.003222
0.0032237
0.0032254
0.0032271
0.0032287
0.0032304
0.003232
0.0032336
0.0032352
0.0032368
0.0032384
0.0032399
0.0032415
0.003243
0.0032445
0.003246
0.0032474
0.0032489
0.0032503
0.0032517
0.0032531
0.0032545
0.0032559
0.0032572
0.0032586
0.0032599
0.0032612
0.0032625
0.0032637
0.003265
0.0032662
0.0032674
0.0032686
0.0032698
0.0032709
0.0032721
0.0032732
0.0032743
0.0032754
0.0032765
0.0032775
0.0032785
0.0032795
0.0032805
0.0032815
0.0032825
0.0032834
0.0032843
0.0032852
0.0032861
0.003287
0.0032878
0.0032886
0.0032894
0.0032902
0.003291
0.0032917
0.0032925
0.0032932
0.0032939
0.0032945
0.0032952
0.0032958
0.0032964
0.003297
0.0032976
0.0032981
0.0032987
0.0032992
0.0032997
0.0033002
0.0033006
0.003301
0.0033015
0.0033018
0.0033022
0.0033026
0.0033029
0.0033032
0.0033035
0.0033038
0.003304
0.0033042
0.0033045
0.0033046
0.0033048
0.0033049
0.0033051
0.0033052
0.0033053
0.0033053
0.0033054
0.0033054
0.0033054
0.0033053
0.0033053
0.0033052
0.0033051
0.003305
0.0033049
0.0033047
0.0033046
0.0033044
0.0033041
0.0033039
0.0033036
0.0033034
0.003303
0.0033027
0.0033024
0.003302
0.0033016
0.0033012
0.0033007
0.0033003
0.0032998
0.0032993
0.0032987
0.0032982
0.0032976
0.003297
0.0032964
0.0032957
0.0032951
0.0032944
0.0032937
0.0032929
0.0032922
0.0032914
0.0032906
0.0032898
0.0032889
0.003288
0.0032871
0.0032862
0.0032853
0.0032843
0.0032833
0.0032823
0.0032812
0.0032802
0.0032791
0.003278
0.0032768
0.0032757
0.0032745
0.0032733
0.0032721
0.0032708
0.0032695
0.0032682
0.0032669
0.0032655
0.0032642
0.0032628
0.0032613
0.0032599
0.0032584
0.0032569
0.0032554
0.0032538
0.0032523
0.0032507
0.0032491
0.0032474
0.0032457
0.0032441
0.0032423
0.0032406
0.0032388
0.003237
0.0032352
0.0032334
0.0032315
0.0032296
0.0032277
0.0032257
0.0032238
0.0032218
0.0032198
0.0032177
0.0032156
0.0032135
0.0032114
0.0032093
0.0032071
0.0032049
0.0032027
0.0032004
0.0031982
0.0031959
0.0031935
0.0031912
0.0031888
0.0031864
0.003184
0.0031815
0.0031791
0.0031766
0.003174
0.0031715
0.0031689
0.0031663
0.0031637
0.003161
0.0031583
0.0031556
0.0031529
0.0031501
0.0031473
0.0031445
0.0031416
0.0031388
0.0031359
0.003133
0.00313
0.0031271
0.0031241
0.003121
0.003118
0.0031149
0.0031118
0.0031087
0.0031055
0.0031023
0.0030991
0.0030959
0.0030926
0.0030893
0.003086
0.0030827
0.0030793
0.0030759
0.0030725
0.003069
0.0030656
0.0030621
0.0030585
0.003055
0.0030514
0.0030478
0.0030442
0.0030405
0.0030368
0.0030331
0.0030294
0.0030256
0.0030218
0.003018
0.0030142
0.0030103
0.0030064
0.0030025
0.0029985
0.0029945
0.0029905
0.0029865
0.0029824
0.0029783
0.0029742
0.0029701
0.0029659
0.0029617
0.0029575
0.0029533
0.002949
0.0029447
0.0029404
0.002936
0.0029316
0.0029272
0.0029228
0.0029183
0.0029138
0.0029093
0.0029048
0.0029002
0.0028956
0.002891
0.0028864
0.0028817
0.002877
0.0028723
0.0028675
0.0028627
0.0028579
0.0028531
0.0028482
0.0028433
0.0028384
0.0028335
0.0028285
0.0028235
0.0028185
0.0028134
0.0028084
0.0028033
0.0027981
0.002793
0.0027878
0.0027826
0.0027774
0.0027721
0.0027668
0.0027615
0.0027562
0.0027508
0.0027454
0.00274
0.0027345
0.0027291
0.0027236
0.0027181
0.0027125
0.0027069
0.0027013
0.0026957
0.00269
0.0026844
0.0026787
0.0026729
0.0026672
0.0026614
0.0026556
0.0026497
0.0026439
0.002638
0.0026321
0.0026261
0.0026202
0.0026142
0.0026081
0.0026021
0.002596
0.0025899
0.0025838
0.0025777
0.0025715
0.0025653
0.0025591
0.0025528
0.0025465
0.0025402
0.0025339
0.0025276
0.0025212
0.0025148
0.0025084
0.0025019
0.0024954
0.0024889
0.0024824
0.0024758
0.0024693
0.0024627
0.002456
0.0024494
0.0024427
0.002436
0.0024293
0.0024225
0.0024157
0.0024089
0.0024021
0.0023953
0.0023884
0.0023815
0.0023746
0.0023676
0.0023606
0.0023536
0.0023466
0.0023396
0.0023325
0.0023254
0.0023183
0.0023111
0.002304
0.0022968
0.0022896
0.0022823
0.0022751
0.0022678
0.0022605
0.0022531
0.0022458
0.0022384
0.002231
0.0022236
0.0022161
0.0022086
0.0022011
0.0021936
0.0021861
0.0021785
0.0021709
0.0021633
0.0021557
0.002148
0.0021403
0.0021326
0.0021249
0.0021172
0.0021094
0.0021016
0.0020938
0.0020859
0.0020781
0.0020702
0.0020623
0.0020544
0.0020464
0.0020384
0.0020305
0.0020224
0.0020144
0.0020063
0.0019983
0.0019902
0.001982
0.0019739
0.0019657
0.0019575
0.0019493
0.0019411
0.0019329
0.0019246
0.0019163
0.001908
0.0018996
0.0018913
0.0018829
0.0018745
0.0018661
0.0018577
0.0018492
0.0018407
0.0018322
0.0018237
0.0018152
0.0018066
0.0017981
0.0017895
0.0017808
0.0017722
0.0017636
0.0017549
0.0017462
0.0017375
0.0017287
0.00172
0.0017112
0.0017024
0.0016936
0.0016848
0.001676
0.0016671
0.0016582
0.0016493
0.0016404
0.0016315
0.0016225
0.0016135
0.0016045
0.0015955
0.0015865
0.0015775
0.0015684
0.0015593
0.0015502
0.0015411
0.001532
0.0015228
0.0015137
0.0015045
0.0014953
0.0014861
0.0014768
0.0014676
0.0014583
0.001449
0.0014397
0.0014304
0.0014211
0.0014117
0.0014024
0.001393
0.0013836
0.0013742
0.0013648
0.0013553
0.0013459
0.0013364
0.0013269
0.0013174
0.0013079
0.0012984
0.0012888
0.0012793
0.0012697
0.0012601
0.0012505
0.0012409
0.0012312
0.0012216
0.0012119
0.0012022
0.0011926
0.0011829
0.0011731
0.0011634
0.0011537
0.0011439
0.0011341
0.0011244
0.0011146
0.0011048
0.0010949
0.0010851
0.0010753
0.0010654
0.0010555
0.0010457
0.0010358
0.0010259
0.0010159
0.001006
0.00099606
0.00098611
0.00097615
0.00096617
0.00095619
0.00094619
0.00093618
0.00092616
0.00091613
0.00090609
0.00089604
0.00088598
0.00087591
0.00086582
0.00085573
0.00084563
0.00083552
0.0008254
0.00081527
0.00080513
0.00079498
0.00078482
0.00077465
0.00076447
0.00075428
0.00074409
0.00073389
0.00072367
0.00071345
0.00070322
0.00069299
0.00068274
0.00067249
0.00066222
0.00065196
0.00064168
0.00063139
0.0006211
0.0006108
0.0006005
0.00059018
0.00057986
0.00056954
0.0005592
0.00054886
0.00053852
0.00052816
0.0005178
0.00050744
0.00049707
0.00048669
0.0004763
0.00046592
0.00045552
0.00044512
0.00043472
0.00042431
0.00041389
0.00040347
0.00039305
0.00038262
0.00037218
0.00036174
0.0003513
0.00034085
0.0003304
0.00031995
0.00030949
0.00029902
0.00028856
0.00027809
0.00026761
0.00025714
0.00024666
0.00023618
0.00022569
0.0002152
0.00020471
0.00019422
0.00018372
0.00017322
0.00016272
0.00015222
0.00014172
0.00013121
0.00012071
0.0001102
9.9686e-05
8.9174e-05
7.8661e-05
6.8147e-05
5.7632e-05
4.7117e-05
3.6601e-05
2.6084e-05
1.5567e-05
5.049e-06
-5.4687e-06
-1.5987e-05
-2.6504e-05
-3.7022e-05
-4.7539e-05
-5.8056e-05
-6.8572e-05
-7.9088e-05
-8.9602e-05
-0.00010012
-0.00011063
-0.00012114
-0.00013165
-0.00014216
-0.00015267
-0.00016317
-0.00017368
-0.00018418
-0.00019468
-0.00020518
-0.00021567
-0.00022617
-0.00023666
-0.00024715
-0.00025763
-0.00026811
-0.00027859
-0.00028907
-0.00029954
-0.00031001
-0.00032048
-0.00033094
-0.0003414
-0.00035186
-0.00036231
-0.00037275
-0.0003832
-0.00039364
-0.00040407
-0.0004145
-0.00042492
-0.00043534
-0.00044576
-0.00045617
-0.00046657
-0.00047697
-0.00048737
-0.00049776
-0.00050814
-0.00051852
-0.00052889
-0.00053925
-0.00054961
-0.00055997
-0.00057031
-0.00058065
-0.00059099
-0.00060131
-0.00061163
-0.00062195
-0.00063225
-0.00064255
-0.00065284
-0.00066313
-0.0006734
-0.00068367
-0.00069393
-0.00070419
-0.00071443
-0.00072467
-0.0007349
-0.00074512
-0.00075533
-0.00076553
-0.00077573
-0.00078591
-0.00079609
-0.00080626
-0.00081642
-0.00082657
-0.00083671
-0.00084684
-0.00085696
-0.00086707
-0.00087717
-0.00088726
-0.00089734
-0.00090741
-0.00091747
-0.00092752
-0.00093756
-0.00094759
-0.00095761
-0.00096762
-0.00097761
-0.0009876
-0.00099757
-0.0010075
-0.0010175
-0.0010274
-0.0010374
-0.0010473
-0.0010572
-0.0010671
-0.001077
-0.0010868
-0.0010967
-0.0011065
-0.0011164
-0.0011262
-0.001136
-0.0011458
-0.0011555
-0.0011653
-0.0011751
-0.0011848
-0.0011945
-0.0012043
-0.001214
-0.0012236
-0.0012333
-0.001243
-0.0012526
-0.0012622
-0.0012719
-0.0012815
-0.0012911
-0.0013006
-0.0013102
-0.0013197
-0.0013293
-0.0013388
-0.0013483
-0.0013578
-0.0013672
-0.0013767
-0.0013861
-0.0013955
-0.0014049
-0.0014143
-0.0014237
-0.0014331
-0.0014424
-0.0014517
-0.0014611
-0.0014704
-0.0014796
-0.0014889
-0.0014981
-0.0015074
-0.0015166
-0.0015258
-0.001535
-0.0015441
-0.0015533
-0.0015624
-0.0015715
-0.0015806
-0.0015897
-0.0015987
-0.0016078
-0.0016168
-0.0016258
-0.0016348
-0.0016437
-0.0016527
-0.0016616
-0.0016705
-0.0016794
-0.0016883
-0.0016972
-0.001706
-0.0017148
-0.0017236
-0.0017324
-0.0017412
-0.0017499
-0.0017587
-0.0017674
-0.0017761
-0.0017847
-0.0017934
-0.001802
-0.0018106
-0.0018192
-0.0018278
-0.0018363
-0.0018448
-0.0018534
-0.0018618
-0.0018703
-0.0018788
-0.0018872
-0.0018956
-0.001904
-0.0019124
-0.0019207
-0.001929
-0.0019373
-0.0019456
-0.0019539
-0.0019621
-0.0019703
-0.0019785
-0.0019867
-0.0019949
-0.002003
-0.0020111
-0.0020192
-0.0020273
-0.0020353
-0.0020434
-0.0020514
-0.0020594
-0.0020673
-0.0020753
-0.0020832
-0.0020911
-0.0020989
-0.0021068
-0.0021146
-0.0021224
-0.0021302
-0.002138
-0.0021457
-0.0021534
-0.0021611
-0.0021688
-0.0021764
-0.0021841
-0.0021917
-0.0021992
-0.0022068
-0.0022143
-0.0022218
-0.0022293
-0.0022368
-0.0022442
-0.0022516
-0.002259
-0.0022664
-0.0022737
-0.0022811
-0.0022884
-0.0022956
-0.0023029
-0.0023101
-0.0023173
-0.0023245
-0.0023316
-0.0023388
-0.0023459
-0.002353
-0.00236
-0.002367
-0.0023741
-0.002381
-0.002388
-0.0023949
-0.0024018
-0.0024087
-0.0024156
-0.0024224
-0.0024292
-0.002436
-0.0024428
-0.0024495
-0.0024562
-0.0024629
-0.0024696
-0.0024762
-0.0024828
-0.0024894
-0.002496
-0.0025025
-0.002509
-0.0025155
-0.002522
-0.0025284
-0.0025348
-0.0025412
-0.0025476
-0.0025539
-0.0025602
-0.0025665
-0.0025727
-0.002579
-0.0025852
-0.0025913
-0.0025975
-0.0026036
-0.0026097
-0.0026158
-0.0026219
-0.0026279
-0.0026339
-0.0026398
-0.0026458
-0.0026517
-0.0026576
-0.0026635
-0.0026693
-0.0026751
-0.0026809
-0.0026867
-0.0026924
-0.0026981
-0.0027038
-0.0027095
-0.0027151
-0.0027207
-0.0027263
-0.0027318
-0.0027374
-0.0027429
-0.0027483
-0.0027538
-0.0027592
-0.0027646
-0.00277
-0.0027753
-0.0027806
-0.0027859
-0.0027912
-0.0027964
-0.0028016
-0.0028068
-0.002812
-0.0028171
-0.0028222
-0.0028273
-0.0028323
-0.0028373
-0.0028423
-0.0028473
-0.0028522
-0.0028572
-0.002862
-0.0028669
-0.0028717
-0.0028765
-0.0028813
-0.0028861
-0.0028908
-0.0028955
-0.0029002
-0.0029048
-0.0029094
-0.002914
-0.0029186
-0.0029231
-0.0029277
-0.0029321
-0.0029366
-0.002941
-0.0029454
-0.0029498
-0.0029542
-0.0029585
-0.0029628
-0.0029671
-0.0029713
-0.0029755
-0.0029797
-0.0029839
-0.002988
-0.0029921
-0.0029962
-0.0030002
-0.0030043
-0.0030083
-0.0030122
-0.0030162
-0.0030201
-0.003024
-0.0030279
-0.0030317
-0.0030355
-0.0030393
-0.0030431
-0.0030468
-0.0030505
-0.0030542
-0.0030578
-0.0030615
-0.0030651
-0.0030686
-0.0030722
-0.0030757
-0.0030792
-0.0030827
-0.0030861
-0.0030895
-0.0030929
-0.0030963
-0.0030996
-0.0031029
-0.0031062
-0.0031094
-0.0031126
-0.0031158
-0.003119
-0.0031222
-0.0031253
-0.0031284
-0.0031314
-0.0031345
-0.0031375
-0.0031405
-0.0031434
-0.0031464
-0.0031493
-0.0031522
-0.003155
-0.0031579
-0.0031607
-0.0031634
-0.0031662
-0.0031689
-0.0031716
-0.0031743
-0.0031769
-0.0031795
-0.0031821
-0.0031847
-0.0031873
-0.0031898
-0.0031923
-0.0031947
-0.0031972
-0.0031996
-0.003202
-0.0032043
-0.0032067
-0.003209
-0.0032112
-0.0032135
-0.0032157
-0.0032179
-0.0032201
-0.0032223
-0.0032244
-0.0032265
-0.0032286
-0.0032306
-0.0032327
-0.0032347
-0.0032367
-0.0032386
-0.0032405
-0.0032424
-0.0032443
-0.0032462
-0.003248
-0.0032498
-0.0032516
-0.0032533
-0.003255
-0.0032567
-0.0032584
-0.0032601
-0.0032617
-0.0032633
-0.0032649
-0.0032664
-0.003268
-0.0032695
-0.0032709
-0.0032724
-0.0032738
-0.0032752
-0.0032766
-0.003278
-0.0032793
-0.0032806
-0.0032819
-0.0032831
-0.0032844
-0.0032856
-0.0032868
-0.0032879
-0.0032891
-0.0032902
-0.0032913
-0.0032923
-0.0032934
-0.0032944
-0.0032954
-0.0032964
-0.0032973
-0.0032982
-0.0032991
-0.0033
-0.0033009
-0.0033017
-0.0033025
-0.0033033
-0.003304
-0.0033048
-0.0033055
-0.0033062
-0.0033069
-0.0033075
-0.0033081
-0.0033087
-0.0033093
-0.0033098
-0.0033104
-0.0033109
-0.0033114
-0.0033118
-0.0033123
-0.0033127
-0.0033131
-0.0033134
-0.0033138
-0.0033141
-0.0033144
-0.0033147
-0.003315
-0.0033152
-0.0033154
-0.0033156
-0.0033158
-0.0033159
-0.0033161
-0.0033162
-0.0033163
-0.0033163
-0.0033164
-0.0033164
-0.0033164
-0.0033164
-0.0033163
-0.0033162
-0.0033162
-0.0033161
-0.0033159
-0.0033158
-0.0033156
-0.0033154
-0.0033152
-0.003315
-0.0033147
-0.0033144
-0.0033141
-0.0033138
-0.0033135
-0.0033131
-0.0033127
-0.0033123
-0.0033119
-0.0033115
-0.003311
-0.0033105
-0.00331
-0.0033095
-0.003309
-0.0033084
-0.0033078
-0.0033072
-0.0033066
-0.003306
-0.0033053
-0.0033046
-0.0033039
-0.0033032
-0.0033025
-0.0033017
-0.0033009
-0.0033001
-0.0032993
-0.0032985
-0.0032976
-0.0032967
-0.0032959
-0.0032949
-0.003294
-0.0032931
-0.0032921
-0.0032911
-0.0032901
-0.0032891
-0.003288
-0.003287
-0.0032859
-0.0032848
-0.0032837
-0.0032826
-0.0032814
-0.0032802
-0.003279
-0.0032778
-0.0032766
-0.0032754
-0.0032741
-0.0032728
-0.0032716
-0.0032702
-0.0032689
-0.0032676
-0.0032662
-0.0032648
-0.0032634
-0.003262
-0.0032606
-0.0032591
-0.0032577
-0.0032562
-0.0032547
-0.0032532
-0.0032516
-0.0032501
-0.0032485
-0.0032469
-0.0032453
-0.0032437
-0.0032421
-0.0032404
-0.0032388
-0.0032371
-0.0032354
-0.0032337
-0.003232
-0.0032302
-0.0032284
-0.0032267
-0.0032249
-0.0032231
-0.0032213
-0.0032194
-0.0032176
-0.0032157
-0.0032138
-0.0032119
-0.00321
-0.0032081
-0.0032061
-0.0032042
-0.0032022
-0.0032002
-0.0031982
-0.0031962
-0.0031941
-0.0031921
-0.00319
-0.003188
-0.0031859
-0.0031838
-0.0031816
-0.0031795
-0.0031774
-0.0031752
-0.003173
-0.0031708
-0.0031686
-0.0031664
-0.0031642
-0.0031619
-0.0031597
-0.0031574
-0.0031551
-0.0031528
-0.0031505
-0.0031482
-0.0031458
-0.0031435
-0.0031411
-0.0031387
-0.0031363
-0.0031339
-0.0031315
-0.0031291
-0.0031267
-0.0031242
-0.0031217
-0.0031193
-0.0031168
-0.0031143
-0.0031117
-0.0031092
-0.0031067
-0.0031041
-0.0031015
-0.003099
-0.0030964
-0.0030938
-0.0030912
-0.0030885
-0.0030859
-0.0030833
-0.0030806
-0.0030779
-0.0030752
-0.0030726
-0.0030698
-0.0030671
-0.0030644
-0.0030617
-0.0030589
-0.0030562
-0.0030534
-0.0030506
-0.0030478
-0.003045
-0.0030422
-0.0030394
-0.0030365
-0.0030337
-0.0030308
-0.003028
-0.0030251
-0.0030222
-0.0030193
-0.0030164
-0.0030135
-0.0030105
-0.0030076
-0.0030047
-0.0030017
-0.0029987
-0.0029958
-0.0029928
-0.0029898
-0.0029868
-0.0029838
-0.0029807
-0.0029777
-0.0029747
-0.0029716
-0.0029686
-0.0029655
-0.0029624
-0.0029593
-0.0029562
-0.0029531
-0.00295
-0.0029469
-0.0029437
-0.0029406
-0.0029375
-0.0029343
-0.0029311
-0.002928
-0.0029248
-0.0029216
-0.0029184
-0.0029152
-0.002912
-0.0029088
-0.0029055
-0.0029023
-0.002899
-0.0028958
-0.0028925
-0.0028893
-0.002886
-0.0028827
-0.0028794
-0.0028761
-0.0028728
-0.0028695
-0.0028662
-0.0028628
-0.0028595
-0.0028562
-0.0028528
-0.0028495
-0.0028461
-0.0028427
-0.0028394
-0.002836
-0.0028326
-0.0028292
-0.0028258
-0.0028224
-0.002819
-0.0028155
-0.0028121
-0.0028087
-0.0028052
-0.0028018
-0.0027983
-0.0027949
-0.0027914
-0.002788
-0.0027845
-0.002781
-0.0027775
-0.002774
-0.0027705
-0.002767
-0.0027635
-0.00276
-0.0027565
-0.0027529
-0.0027494
-0.0027459
-0.0027423
-0.0027388
-0.0027352
-0.0027317
-0.0027281
-0.0027245
-0.002721
-0.0027174
-0.0027138
-0.0027102
-0.0027066
-0.002703
-0.0026994
-0.0026958
-0.0026922
-0.0026886
-0.002685
-0.0026814
-0.0026777
-0.0026741
-0.0026705
-0.0026668
-0.0026632
-0.0026595
-0.0026559
-0.0026522
-0.0026486
-0.0026449
-0.0026412
-0.0026376
-0.0026339
-0.0026302
-0.0026265
-0.0026228
-0.0026192
-0.0026155
-0.0026118
-0.0026081
-0.0026044
-0.0026007
-0.0025969
-0.0025932
-0.0025895
-0.0025858
-0.0025821
-0.0025784
-0.0025746
-0.0025709
-0.0025672
-0.0025634
-0.0025597
-0.0025559
-0.0025522
-0.0025485
-0.0025447
-0.002541
-0.0025372
-0.0025334
-0.0025297
-0.0025259
-0.0025222
-0.0025184
-0.0025146
-0.0025109
-0.0025071
-0.0025033
-0.0024995
-0.0024958
-0.002492
-0.0024882
-0.0024844
-0.0024806
-0.0024768
-0.002473
-0.0024693
-0.0024655
-0.0024617
-0.0024579
-0.0024541
-0.0024503
-0.0024465
-0.0024427
-0.0024389
-0.0024351
-0.0024313
-0.0024275
-0.0024236
-0.0024198
-0.002416
-0.0024122
-0.0024084
-0.0024046
-0.0024008
-0.002397
-0.0023931
-0.0023893
-0.0023855
-0.0023817
-0.0023779
-0.002374
-0.0023702
-0.0023664
-0.0023626
-0.0023588
-0.0023549
-0.0023511
-0.0023473
-0.0023435
-0.0023396
-0.0023358
-0.002332
-0.0023282
-0.0023243
-0.0023205
-0.0023167
-0.0023129
-0.002309
-0.0023052
-0.0023014
-0.0022975
-0.0022937
-0.0022899
-0.0022861
-0.0022822
-0.0022784
-0.0022746
-0.0022708
-0.0022669
-0.0022631
-0.0022593
-0.0022555
-0.0022516
-0.0022478
-0.002244
-0.0022402
-0.0022364
-0.0022325
-0.0022287
-0.0022249
-0.0022211
-0.0022173
-0.0022134
-0.0022096
-0.0022058
-0.002202
-0.0021982
-0.0021944
-0.0021906
-0.0021868
-0.0021829
-0.0021791
-0.0021753
-0.0021715
-0.0021677
-0.0021639
-0.0021601
-0.0021563
-0.0021525
-0.0021487
-0.0021449
-0.0021411
-0.0021373
-0.0021335
-0.0021297
-0.0021259
-0.0021222
-0.0021184
-0.0021146
-0.0021108
-0.002107
-0.0021032
-0.0020995
-0.0020957
-0.0020919
-0.0020881
-0.0020844
-0.0020806
-0.0020768
-0.0020731
-0.0020693
-0.0020655
-0.0020618
-0.002058
-0.0020542
-0.0020505
-0.0020467
-0.002043
-0.0020392
-0.0020355
-0.0020317
-0.002028
-0.0020243
-0.0020205
-0.0020168
-0.0020131
-0.0020093
-0.0020056
-0.0020019
-0.0019981
-0.0019944
-0.0019907
-0.001987
-0.0019833
-0.0019796
-0.0019758
-0.0019721
-0.0019684
-0.0019647
-0.001961
-0.0019573
-0.0019536
-0.0019499
-0.0019463
-0.0019426
-0.0019389
-0.0019352
-0.0019315
-0.0019278
-0.0019242
-0.0019205
-0.0019168
-0.0019132
-0.0019095
-0.0019059
-0.0019022
-0.0018985
-0.0018949
-0.0018912
-0.0018876
-0.001884
-0.0018803
-0.0018767
-0.0018731
-0.0018694
-0.0018658
-0.0018622
-0.0018586
-0.0018549
-0.0018513
-0.0018477
-0.0018441
-0.0018405
-0.0018369
-0.0018333
-0.0018297
-0.0018261
-0.0018225
-0.001819
-0.0018154
-0.0018118
-0.0018082
-0.0018047
-0.0018011
-0.0017975
-0.001794
-0.0017904
-0.0017869
-0.0017833
-0.0017798
-0.0017762
-0.0017727
-0.0017692
-0.0017656
-0.0017621
-0.0017586
-0.001755
-0.0017515
-0.001748
-0.0017445
-0.001741
-0.0017375
-0.001734
-0.0017305
-0.001727
-0.0017235
-0.00172
-0.0017166
-0.0017131
-0.0017096
-0.0017061
-0.0017027
-0.0016992
-0.0016958
-0.0016923
-0.0016889
-0.0016854
-0.001682
-0.0016785
-0.0016751
-0.0016717
-0.0016682
-0.0016648
-0.0016614
-0.001658
-0.0016546
-0.0016512
-0.0016478
-0.0016444
-0.001641
-0.0016376
-0.0016342
-0.0016308
-0.0016275
-0.0016241
-0.0016207
-0.0016174
-0.001614
-0.0016106
-0.0016073
-0.0016039
-0.0016006
-0.0015973
-0.0015939
-0.0015906
-0.0015873
-0.0015839
-0.0015806
-0.0015773
-0.001574
-0.0015707
-0.0015674
-0.0015641
-0.0015608
-0.0015575
-0.0015542
-0.0015509
-0.0015477
-0.0015444
-0.0015411
-0.0015379
-0.0015346
-0.0015314
-0.0015281
-0.0015249
-0.0015216
-0.0015184
-0.0015152
-0.0015119
-0.0015087
-0.0015055
-0.0015023
-0.0014991
-0.0014959
-0.0014927
-0.0014895
-0.0014863
-0.0014831
-0.0014799
-0.0014767
-0.0014736
-0.0014704
-0.0014672
-0.0014641
-0.0014609
-0.0014578
-0.0014546
-0.0014515
-0.0014483
-0.0014452
-0.0014421
-0.0014389
-0.0014358
-0.0014327
-0.0014296
-0.0014265
-0.0014234
-0.0014203
-0.0014172
-0.0014141
-0.001411
-0.001408
-0.0014049
-0.0014018
-0.0013988
-0.0013957
-0.0013927
-0.0013896
-0.0013866
-0.0013835
-0.0013805
-0.0013775
-0.0013744
-0.0013714
-0.0013684
-0.0013654
-0.0013624
-0.0013594
-0.0013564
-0.0013534
-0.0013504
-0.0013474
-0.0013444
-0.0013415
-0.0013385
-0.0013355
-0.0013326
-0.0013296
-0.0013267
-0.0013237
-0.0013208
-0.0013178
-0.0013149
-0.001312
-0.0013091
-0.0013061
-0.0013032
-0.0013003
-0.0012974
-0.0012945
-0.0012916
-0.0012887
-0.0012859
-0.001283
-0.0012801
-0.0012772
-0.0012744
-0.0012715
-0.0012687
-0.0012658
-0.001263
-0.0012601
-0.0012573
-0.0012545
-0.0012516
-0.0012488
-0.001246
-0.0012432
-0.0012404
-0.0012376
-0.0012348
-0.001232
-0.0012292
-0.0012264
-0.0012236
-0.0012209
-0.0012181
-0.0012153
-0.0012126
-0.0012098
-0.0012071
-0.0012043
-0.0012016
-0.0011989
-0.0011961
-0.0011934
-0.0011907
-0.001188
-0.0011853
-0.0011826
-0.0011799
-0.0011772
-0.0011745
-0.0011718
-0.0011691
-0.0011664
-0.0011638
-0.0011611
-0.0011584
-0.0011558
-0.0011531
-0.0011505
-0.0011478
-0.0011452
-0.0011426
-0.0011399
-0.0011373
-0.0011347
-0.0011321
-0.0011295
-0.0011269
-0.0011243
-0.0011217
-0.0011191
-0.0011165
-0.0011139
-0.0011114
-0.0011088
-0.0011062
-0.0011037
-0.0011011
-0.0010986
-0.001096
-0.0010935
-0.001091
-0.0010884
-0.0010859
-0.0010834
-0.0010809
-0.0010783
-0.0010758
-0.0010733
-0.0010708
-0.0010684
-0.0010659
-0.0010634
-0.0010609
-0.0010584
-0.001056
-0.0010535
-0.001051
-0.0010486
-0.0010461
-0.0010437
-0.0010413
-0.0010388
-0.0010364
-0.001034
-0.0010316
-0.0010291
-0.0010267
-0.0010243
-0.0010219
-0.0010195
-0.0010171
-0.0010148
-0.0010124
-0.00101
-0.0010076
-0.0010053
-0.0010029
-0.0010005
-0.0009982
-0.00099585
-0.00099351
-0.00099117
-0.00098884
-0.00098651
-0.00098419
-0.00098187
-0.00097955
-0.00097724
-0.00097494
-0.00097264
-0.00097035
-0.00096806
-0.00096577
-0.00096349
-0.00096122
-0.00095894
-0.00095668
-0.00095442
-0.00095216
-0.00094991
-0.00094766
-0.00094542
-0.00094318
-0.00094095
-0.00093872
-0.0009365
-0.00093428
-0.00093207
-0.00092986
-0.00092765
-0.00092545
-0.00092326
-0.00092107
-0.00091888
-0.0009167
-0.00091452
-0.00091235
-0.00091019
-0.00090802
-0.00090587
-0.00090371
-0.00090157
-0.00089942
-0.00089728
-0.00089515
-0.00089302
-0.0008909
-0.00088878
-0.00088666
-0.00088455
-0.00088245
-0.00088035
-0.00087825
-0.00087616
-0.00087407
-0.00087199
-0.00086991
-0.00086784
-0.00086577
-0.0008637
-0.00086165
-0.00085959
-0.00085754
-0.0008555
-0.00085345
-0.00085142
-0.00084939
-0.00084736
-0.00084534
-0.00084332
-0.00084131
-0.0008393
-0.0008373
-0.0008353
-0.0008333
-0.00083131
-0.00082933
-0.00082735
-0.00082537
-0.0008234
-0.00082143
-0.00081947
-0.00081751
-0.00081556
-0.00081361
-0.00081167
-0.00080973
-0.00080779
-0.00080586
-0.00080394
-0.00080201
-0.0008001
-0.00079819
-0.00079628
-0.00079438
-0.00079248
-0.00079058
-0.00078869
-0.00078681
-0.00078493
-0.00078305
-0.00078118
-0.00077931
-0.00077745
-0.00077559
-0.00077374
-0.00077189
-0.00077005
-0.00076821
-0.00076637
-0.00076454
-0.00076272
-0.00076089
-0.00075908
-0.00075726
-0.00075546
-0.00075365
-0.00075185
-0.00075006
-0.00074827
-0.00074648
-0.0007447
-0.00074292
-0.00074115
-0.00073938
-0.00073762
-0.00073586
-0.0007341
-0.00073235
-0.00073061
-0.00072886
-0.00072713
-0.00072539
-0.00072367
-0.00072194
-0.00072022
-0.00071851
-0.0007168
-0.00071509
-0.00071339
-0.00071169
-0.00071
-0.00070831
-0.00070662
-0.00070494
-0.00070327
-0.0007016
-0.00069993
-0.00069827
-0.00069661
-0.00069496
-0.00069331
-0.00069166
-0.00069002
-0.00068838
-0.00068675
-0.00068512
-0.0006835
-0.00068188
-0.00068027
-0.00067866
-0.00067705
-0.00067545
-0.00067385
-0.00067226
-0.00067067
-0.00066909
-0.0006675
-0.00066593
-0.00066436
-0.00066279
-0.00066123
-0.00065967
-0.00065811
-0.00065656
-0.00065502
-0.00065348
-0.00065194
-0.0006504
-0.00064888
-0.00064735
-0.00064583
-0.00064431
-0.0006428
-0.00064129
-0.00063979
-0.00063829
-0.0006368
-0.00063531
-0.00063382
-0.00063234
-0.00063086
-0.00062939
-0.00062792
-0.00062645
-0.00062499
-0.00062353
-0.00062208
-0.00062063
-0.00061919
-0.00061774
-0.00061631
-0.00061488
-0.00061345
-0.00061202
-0.00061061
-0.00060919
-0.00060778
-0.00060637
-0.00060497
-0.00060357
-0.00060218
-0.00060078
-0.0005994
-0.00059802
-0.00059664
-0.00059526
-0.00059389
-0.00059253
-0.00059117
-0.00058981
-0.00058845
-0.00058711
-0.00058576
-0.00058442
-0.00058308
-0.00058175
-0.00058042
-0.00057909
-0.00057777
-0.00057646
-0.00057514
-0.00057383
-0.00057253
-0.00057123
-0.00056993
-0.00056864
-0.00056735
-0.00056607
-0.00056479
-0.00056351
-0.00056224
-0.00056097
-0.0005597
-0.00055844
-0.00055719
-0.00055594
-0.00055469
-0.00055344
-0.0005522
-0.00055097
-0.00054973
-0.0005485
-0.00054728
-0.00054606
-0.00054484
-0.00054363
-0.00054242
-0.00054122
-0.00054002
-0.00053882
-0.00053763
-0.00053644
-0.00053525
-0.00053407
-0.00053289
-0.00053172
-0.00053055
-0.00052938
-0.00052822
-0.00052706
-0.00052591
-0.00052476
-0.00052361
-0.00052247
-0.00052133
-0.0005202
-0.00051907
-0.00051794
-0.00051682
-0.0005157
-0.00051458
-0.00051347
-0.00051236
-0.00051126
-0.00051016
-0.00050906
-0.00050797
-0.00050688
-0.00050579
-0.00050471
-0.00050364
-0.00050256
-0.00050149
-0.00050043
-0.00049936
-0.00049831
-0.00049725
-0.0004962
-0.00049515
-0.00049411
-0.00049307
-0.00049203
-0.000491
-0.00048997
-0.00048895
-0.00048792
-0.00048691
-0.00048589
-0.00048488
-0.00048388
-0.00048287
-0.00048187
-0.00048088
-0.00047989
-0.0004789
-0.00047791
-0.00047693
-0.00047596
-0.00047498
-0.00047401
-0.00047304
-0.00047208
-0.00047112
-0.00047017
-0.00046922
-0.00046827
-0.00046732
-0.00046638
-0.00046544
-0.00046451
-0.00046358
-0.00046265
-0.00046173
-0.00046081
-0.00045989
-0.00045898
-0.00045807
-0.00045716
-0.00045626
-0.00045536
-0.00045447
-0.00045357
-0.00045269
-0.0004518
-0.00045092
-0.00045004
-0.00044917
-0.0004483
-0.00044743
-0.00044656
-0.0004457
-0.00044485
-0.00044399
-0.00044314
-0.00044229
-0.00044145
-0.00044061
-0.00043977
-0.00043894
-0.00043811
-0.00043728
-0.00043646
-0.00043564
-0.00043482
-0.00043401
-0.0004332
-0.00043239
-0.00043159
-0.00043079
-0.00042999
-0.0004292
-0.00042841
-0.00042762
-0.00042684
-0.00042605
-0.00042528
-0.0004245
-0.00042373
-0.00042296
-0.0004222
-0.00042144
-0.00042068
-0.00041993
-0.00041917
-0.00041843
-0.00041768
-0.00041694
-0.0004162
-0.00041546
-0.00041473
-0.000414
-0.00041327
-0.00041255
-0.00041183
-0.00041111
-0.0004104
-0.00040969
-0.00040898
-0.00040828
-0.00040757
-0.00040688
-0.00040618
-0.00040549
-0.0004048
-0.00040411
-0.00040343
-0.00040275
-0.00040207
-0.00040139
-0.00040072
-0.00040005
-0.00039939
-0.00039872
-0.00039806
-0.00039741
-0.00039675
-0.0003961
-0.00039545
-0.00039481
-0.00039417
-0.00039353
-0.00039289
-0.00039226
-0.00039162
-0.000391
-0.00039037
-0.00038975
-0.00038913
-0.00038851
-0.0003879
-0.00038728
-0.00038668
-0.00038607
-0.00038547
-0.00038487
-0.00038427
-0.00038367
-0.00038308
-0.00038249
-0.0003819
-0.00038132
-0.00038074
-0.00038016
-0.00037958
-0.00037901
-0.00037844
-0.00037787
-0.0003773
-0.00037674
-0.00037618
-0.00037562
-0.00037506
-0.00037451
-0.00037396
-0.00037341
-0.00037287
-0.00037232
-0.00037178
-0.00037124
-0.00037071
-0.00037017
-0.00036964
-0.00036912
-0.00036859
-0.00036807
-0.00036754
-0.00036703
-0.00036651
-0.000366
-0.00036548
-0.00036497
-0.00036447
-0.00036396
-0.00036346
-0.00036296
-0.00036246
-0.00036197
-0.00036147
-0.00036098
-0.0003605
-0.00036001
-0.00035952
-0.00035904
-0.00035856
-0.00035808
-0.00035761
-0.00035714
-0.00035667
-0.0003562
-0.00035573
-0.00035526
-0.0003548
-0.00035434
-0.00035388
-0.00035343
-0.00035297
-0.00035252
-0.00035207
-0.00035162
-0.00035117
-0.00035073
-0.00035029
-0.00034985
-0.00034941
-0.00034897
-0.00034854
-0.00034811
-0.00034767
-0.00034725
-0.00034682
-0.00034639
-0.00034597
-0.00034555
-0.00034513
-0.00034471
-0.0003443
-0.00034388
-0.00034347
-0.00034306
-0.00034265
-0.00034224
-0.00034184
-0.00034143
-0.00034103
-0.00034063
-0.00034023
-0.00033984
-0.00033944
-0.00033905
-0.00033865
-0.00033826
-0.00033788
-0.00033749
-0.0003371
-0.00033672
-0.00033634
-0.00033595
-0.00033558
-0.0003352
-0.00033482
-0.00033445
-0.00033407
-0.0003337
-0.00033333
-0.00033296
-0.00033259
-0.00033223
-0.00033186
-0.0003315
-0.00033113
-0.00033077
-0.00033041
-0.00033006
-0.0003297
-0.00032934
-0.00032899
-0.00032864
-0.00032828
-0.00032793
-0.00032758
-0.00032724
-0.00032689
-0.00032654
-0.0003262
-0.00032585
-0.00032551
-0.00032517
-0.00032483
-0.00032449
-0.00032415
-0.00032382
-0.00032348
-0.00032315
-0.00032281
-0.00032248
-0.00032215
-0.00032182
-0.00032149
-0.00032116
-0.00032083
-0.0003205
-0.00032018
-0.00031985
-0.00031953
-0.00031921
-0.00031888
-0.00031856
-0.00031824
-0.00031792
-0.0003176
-0.00031729
-0.00031697
-0.00031665
-0.00031634
-0.00031602
-0.00031571
-0.00031539
-0.00031508
-0.00031477
-0.00031446
-0.00031415
-0.00031384
-0.00031353
-0.00031322
-0.00031291
-0.0003126
-0.0003123
-0.00031199
-0.00031169
-0.00031138
-0.00031108
-0.00031077
-0.00031047
-0.00031017
-0.00030986
-0.00030956
-0.00030926
-0.00030896
-0.00030866
-0.00030836
-0.00030806
-0.00030776
-0.00030746
-0.00030716
-0.00030687
-0.00030657
-0.00030627
-0.00030598
-0.00030568
-0.00030538
-0.00030509
-0.00030479
-0.0003045
-0.0003042
-0.00030391
-0.00030361
-0.00030332
-0.00030302
-0.00030273
-0.00030244
-0.00030214
-0.00030185
-0.00030156
-0.00030126
-0.00030097
-0.00030068
-0.00030039
-0.00030009
-0.0002998
-0.00029951
-0.00029922
-0.00029893
-0.00029864
-0.00029834
-0.00029805
-0.00029776
-0.00029747
-0.00029718
-0.00029689
-0.00029659
-0.0002963
-0.00029601
-0.00029572
-0.00029543
-0.00029514
-0.00029484
-0.00029455
-0.00029426
-0.00029397
-0.00029368
-0.00029338
-0.00029309
-0.0002928
-0.00029251
-0.00029221
-0.00029192
-0.00029163
-0.00029134
-0.00029104
-0.00029075
-0.00029045
-0.00029016
-0.00028987
-0.00028957
-0.00028928
-0.00028898
-0.00028869
-0.00028839
-0.0002881
-0.0002878
-0.0002875
-0.00028721
-0.00028691
-0.00028661
-0.00028632
-0.00028602
-0.00028572
-0.00028542
-0.00028513
-0.00028483
-0.00028453
-0.00028423
-0.00028393
-0.00028363
-0.00028333
-0.00028303
-0.00028272
-0.00028242
-0.00028212
-0.00028182
-0.00028152
-0.00028121
-0.00028091
-0.0002806
-0.0002803
-0.00027999
-0.00027969
-0.00027938
-0.00027908
-0.00027877
-0.00027846
-0.00027816
-0.00027785
-0.00027754
-0.00027723
-0.00027692
-0.00027661
-0.0002763
-0.00027599
-0.00027568
-0.00027537
-0.00027505
-0.00027474
-0.00027443
-0.00027411
-0.0002738
-0.00027349
-0.00027317
-0.00027285
-0.00027254
-0.00027222
-0.0002719
-0.00027159
-0.00027127
-0.00027095
-0.00027063
-0.00027031
-0.00026999
-0.00026967
-0.00026935
-0.00026903
-0.0002687
-0.00026838
-0.00026806
-0.00026773
-0.00026741
-0.00026708
-0.00026676
-0.00026643
-0.0002661
-0.00026578
-0.00026545
-0.00026512
-0.00026479
-0.00026446
-0.00026413
-0.0002638
-0.00026347
-0.00026314
-0.00026281
-0.00026248
-0.00026214
-0.00026181
-0.00026148
-0.00026114
-0.00026081
-0.00026047
-0.00026013
-0.0002598
-0.00025946
-0.00025912
-0.00025879
-0.00025845
-0.00025811
-0.00025777
-0.00025743
-0.00025709
-0.00025675
-0.00025641
-0.00025606
-0.00025572
-0.00025538
-0.00025503
-0.00025469
-0.00025435
-0.000254
-0.00025366
-0.00025331
-0.00025297
-0.00025262
-0.00025227
-0.00025192
-0.00025158
-0.00025123
-0.00025088
-0.00025053
-0.00025018
-0.00024983
-0.00024948
-0.00024913
-0.00024878
-0.00024843
-0.00024807
-0.00024772
-0.00024737
-0.00024702
-0.00024666
-0.00024631
-0.00024596
-0.0002456
-0.00024525
-0.00024489
-0.00024453
-0.00024418
-0.00024382
-0.00024347
-0.00024311
-0.00024275
-0.00024239
-0.00024204
-0.00024168
-0.00024132
-0.00024096
-0.0002406
-0.00024024
-0.00023988
-0.00023952
-0.00023916
-0.0002388
-0.00023844
-0.00023808
-0.00023772
-0.00023736
-0.000237
-0.00023663
-0.00023627
-0.00023591
-0.00023555
-0.00023518
-0.00023482
-0.00023446
-0.00023409
-0.00023373
-0.00023337
-0.000233
-0.00023264
-0.00023227
-0.00023191
-0.00023154
-0.00023118
-0.00023081
-0.00023045
-0.00023008
-0.00022972
-0.00022935
-0.00022899
-0.00022862
-0.00022825
-0.00022789
-0.00022752
-0.00022716
-0.00022679
-0.00022642
-0.00022606
-0.00022569
-0.00022532
-0.00022495
-0.00022459
-0.00022422
-0.00022385
-0.00022349
-0.00022312
-0.00022275
-0.00022238
-0.00022202
-0.00022165
-0.00022128
-0.00022091
-0.00022055
-0.00022018
-0.00021981
-0.00021944
-0.00021908
-0.00021871
-0.00021834
-0.00021797
-0.0002176
-0.00021724
-0.00021687
-0.0002165
-0.00021613
-0.00021576
-0.0002154
-0.00021503
-0.00021466
-0.00021429
-0.00021392
-0.00021356
-0.00021319
-0.00021282
-0.00021245
-0.00021208
-0.00021172
-0.00021135
