0.00012417
0.00012438
0.00012459
0.0001248
0.00012501
0.00012522
0.00012543
0.00012565
0.00012586
0.00012607
0.00012628
0.00012649
0.0001267
0.00012691
0.00012712
0.00012733
0.00012754
0.00012775
0.00012797
0.00012818
0.00012839
0.0001286
0.00012881
0.00012902
0.00012923
0.00012944
0.00012965
0.00012986
0.00013007
0.00013028
0.00013049
0.0001307
0.00013091
0.00013113
0.00013134
0.00013155
0.00013176
0.00013197
0.00013218
0.00013239
0.0001326
0.00013281
0.00013302
0.00013323
0.00013344
0.00013365
0.00013386
0.00013407
0.00013428
0.00013449
0.00013469
0.0001349
0.00013511
0.00013532
0.00013553
0.00013574
0.00013595
0.00013616
0.00013637
0.00013658
0.00013678
0.00013699
0.0001372
0.00013741
0.00013762
0.00013782
0.00013803
0.00013824
0.00013845
0.00013866
0.00013886
0.00013907
0.00013928
0.00013948
0.00013969
0.0001399
0.0001401
0.00014031
0.00014052
0.00014072
0.00014093
0.00014113
0.00014134
0.00014154
0.00014175
0.00014195
0.00014216
0.00014236
0.00014257
0.00014277
0.00014297
0.00014318
0.00014338
0.00014358
0.00014379
0.00014399
0.00014419
0.00014439
0.0001446
0.0001448
0.000145
0.0001452
0.0001454
0.0001456
0.0001458
0.00014601
0.00014621
0.00014641
0.00014661
0.00014681
0.000147
0.0001472
0.0001474
0.0001476
0.0001478
0.000148
0.00014819
0.00014839
0.00014859
0.00014879
0.00014898
0.00014918
0.00014937
0.00014957
0.00014977
0.00014996
0.00015016
0.00015035
0.00015054
0.00015074
0.00015093
0.00015113
0.00015132
0.00015151
0.0001517
0.0001519
0.00015209
0.00015228
0.00015247
0.00015266
0.00015285
0.00015304
0.00015323
0.00015342
0.00015361
0.0001538
0.00015399
0.00015418
0.00015437
0.00015455
0.00015474
0.00015493
0.00015512
0.0001553
0.00015549
0.00015567
0.00015586
0.00015605
0.00015623
0.00015642
0.0001566
0.00015678
0.00015697
0.00015715
0.00015733
0.00015752
0.0001577
0.00015788
0.00015806
0.00015824
0.00015843
0.00015861
0.00015879
0.00015897
0.00015915
0.00015933
0.00015951
0.00015968
0.00015986
0.00016004
0.00016022
0.0001604
0.00016057
0.00016075
0.00016093
0.0001611
0.00016128
0.00016146
0.00016163
0.00016181
0.00016198
0.00016216
0.00016233
0.00016251
0.00016268
0.00016285
0.00016303
0.0001632
0.00016337
0.00016355
0.00016372
0.00016389
0.00016406
0.00016423
0.0001644
0.00016457
0.00016475
0.00016492
0.00016509
0.00016526
0.00016543
0.0001656
0.00016577
0.00016593
0.0001661
0.00016627
0.00016644
0.00016661
0.00016678
0.00016694
0.00016711
0.00016728
0.00016745
0.00016761
0.00016778
0.00016795
0.00016811
0.00016828
0.00016845
0.00016861
0.00016878
0.00016894
0.00016911
0.00016927
0.00016944
0.0001696
0.00016977
0.00016993
0.0001701
0.00017026
0.00017043
0.00017059
0.00017076
0.00017092
0.00017109
0.00017125
0.00017141
0.00017158
0.00017174
0.00017191
0.00017207
0.00017223
0.0001724
0.00017256
0.00017272
0.00017289
0.00017305
0.00017321
0.00017338
0.00017354
0.0001737
0.00017387
0.00017403
0.00017419
0.00017436
0.00017452
0.00017468
0.00017485
0.00017501
0.00017517
0.00017534
0.0001755
0.00017567
0.00017583
0.00017599
0.00017616
0.00017632
0.00017649
0.00017665
0.00017682
0.00017698
0.00017714
0.00017731
0.00017747
0.00017764
0.00017781
0.00017797
0.00017814
0.0001783
0.00017847
0.00017863
0.0001788
0.00017897
0.00017913
0.0001793
0.00017947
0.00017964
0.0001798
0.00017997
0.00018014
0.00018031
0.00018048
0.00018065
0.00018082
0.00018098
0.00018115
0.00018132
0.0001815
0.00018167
0.00018184
0.00018201
0.00018218
0.00018235
0.00018252
0.0001827
0.00018287
0.00018304
0.00018322
0.00018339
0.00018357
0.00018374
0.00018392
0.00018409
0.00018427
0.00018445
0.00018462
0.0001848
0.00018498
0.00018516
0.00018534
0.00018552
0.0001857
0.00018588
0.00018606
0.00018624
0.00018642
0.00018661
0.00018679
0.00018697
0.00018716
0.00018734
0.00018753
0.00018771
0.0001879
0.00018809
0.00018827
0.00018846
0.00018865
0.00018884
0.00018903
0.00018922
0.00018941
0.0001896
0.0001898
0.00018999
0.00019018
0.00019038
0.00019057
0.00019077
0.00019097
0.00019116
0.00019136
0.00019156
0.00019176
0.00019196
0.00019216
0.00019236
0.00019256
0.00019277
0.00019297
0.00019318
0.00019338
0.00019359
0.0001938
0.000194
0.00019421
0.00019442
0.00019463
0.00019484
0.00019506
0.00019527
0.00019548
0.0001957
0.00019591
0.00019613
0.00019635
0.00019656
0.00019678
0.000197
0.00019723
0.00019745
0.00019767
0.00019789
0.00019812
0.00019834
0.00019857
0.0001988
0.00019903
0.00019926
0.00019949
0.00019972
0.00019995
0.00020018
0.00020042
0.00020065
0.00020089
0.00020113
0.00020137
0.00020161
0.00020185
0.00020209
0.00020233
0.00020258
0.00020282
0.00020307
0.00020331
0.00020356
0.00020381
0.00020406
0.00020431
0.00020457
0.00020482
0.00020508
0.00020533
0.00020559
0.00020585
0.00020611
0.00020637
0.00020663
0.0002069
0.00020716
0.00020743
0.00020769
0.00020796
0.00020823
0.0002085
0.00020877
0.00020905
0.00020932
0.0002096
0.00020987
0.00021015
0.00021043
0.00021071
0.00021099
0.00021128
0.00021156
0.00021185
0.00021213
0.00021242
0.00021271
0.000213
0.0002133
0.00021359
0.00021389
0.00021418
0.00021448
0.00021478
0.00021508
0.00021538
0.00021569
0.00021599
0.0002163
0.0002166
0.00021691
0.00021722
0.00021753
0.00021785
0.00021816
0.00021848
0.0002188
0.00021912
0.00021944
0.00021976
0.00022008
0.00022041
0.00022073
0.00022106
0.00022139
0.00022172
0.00022205
0.00022239
0.00022272
0.00022306
0.0002234
0.00022374
0.00022408
0.00022442
0.00022476
0.00022511
0.00022546
0.00022581
0.00022616
0.00022651
0.00022686
0.00022722
0.00022758
0.00022793
0.00022829
0.00022866
0.00022902
0.00022938
0.00022975
0.00023012
0.00023049
0.00023086
0.00023123
0.00023161
0.00023198
0.00023236
0.00023274
0.00023312
0.0002335
0.00023389
0.00023427
0.00023466
0.00023505
0.00023544
0.00023583
0.00023623
0.00023662
0.00023702
0.00023742
0.00023782
0.00023822
0.00023863
0.00023903
0.00023944
0.00023985
0.00024026
0.00024068
0.00024109
0.00024151
0.00024192
0.00024234
0.00024277
0.00024319
0.00024361
0.00024404
0.00024447
0.0002449
0.00024533
0.00024577
0.0002462
0.00024664
0.00024708
0.00024752
0.00024796
0.00024841
0.00024885
0.0002493
0.00024975
0.0002502
0.00025066
0.00025111
0.00025157
0.00025203
0.00025249
0.00025295
0.00025342
0.00025388
0.00025435
0.00025482
0.00025529
0.00025577
0.00025624
0.00025672
0.0002572
0.00025768
0.00025816
0.00025865
0.00025913
0.00025962
0.00026011
0.0002606
0.0002611
0.00026159
0.00026209
0.00026259
0.00026309
0.0002636
0.0002641
0.00026461
0.00026512
0.00026563
0.00026614
0.00026666
0.00026717
0.00026769
0.00026821
0.00026873
0.00026926
0.00026978
0.00027031
0.00027084
0.00027137
0.00027191
0.00027244
0.00027298
0.00027352
0.00027406
0.00027461
0.00027515
0.0002757
0.00027625
0.0002768
0.00027735
0.00027791
0.00027847
0.00027902
0.00027959
0.00028015
0.00028071
0.00028128
0.00028185
0.00028242
0.00028299
0.00028357
0.00028414
0.00028472
0.0002853
0.00028589
0.00028647
0.00028706
0.00028765
0.00028824
0.00028883
0.00028942
0.00029002
0.00029062
0.00029122
0.00029182
0.00029242
0.00029303
0.00029364
0.00029425
0.00029486
0.00029548
0.00029609
0.00029671
0.00029733
0.00029795
0.00029858
0.0002992
0.00029983
0.00030046
0.0003011
0.00030173
0.00030237
0.000303
0.00030365
0.00030429
0.00030493
0.00030558
0.00030623
0.00030688
0.00030753
0.00030819
0.00030884
0.0003095
0.00031016
0.00031082
0.00031149
0.00031216
0.00031282
0.00031349
0.00031417
0.00031484
0.00031552
0.0003162
0.00031688
0.00031756
0.00031825
0.00031893
0.00031962
0.00032031
0.00032101
0.0003217
0.0003224
0.0003231
0.0003238
0.0003245
0.00032521
0.00032592
0.00032663
0.00032734
0.00032805
0.00032877
0.00032949
0.00033021
0.00033093
0.00033165
0.00033238
0.00033311
0.00033384
0.00033457
0.0003353
0.00033604
0.00033678
0.00033752
0.00033826
0.000339
0.00033975
0.0003405
0.00034125
0.000342
0.00034276
0.00034351
0.00034427
0.00034503
0.0003458
0.00034656
0.00034733
0.0003481
0.00034887
0.00034964
0.00035042
0.00035119
0.00035197
0.00035276
0.00035354
0.00035432
0.00035511
0.0003559
0.00035669
0.00035749
0.00035828
0.00035908
0.00035988
0.00036068
0.00036149
0.00036229
0.0003631
0.00036391
0.00036472
0.00036554
0.00036636
0.00036717
0.000368
0.00036882
0.00036964
0.00037047
0.0003713
0.00037213
0.00037296
0.0003738
0.00037463
0.00037547
0.00037632
0.00037716
0.000378
0.00037885
0.0003797
0.00038055
0.00038141
0.00038226
0.00038312
0.00038398
0.00038484
0.00038571
0.00038657
0.00038744
0.00038831
0.00038918
0.00039006
0.00039093
0.00039181
0.00039269
0.00039357
0.00039446
0.00039534
0.00039623
0.00039712
0.00039802
0.00039891
0.00039981
0.00040071
0.00040161
0.00040251
0.00040341
0.00040432
0.00040523
0.00040614
0.00040705
0.00040797
0.00040889
0.00040981
0.00041073
0.00041165
0.00041258
0.0004135
0.00041443
0.00041537
0.0004163
0.00041723
0.00041817
0.00041911
0.00042005
0.000421
0.00042194
0.00042289
0.00042384
0.00042479
0.00042575
0.0004267
0.00042766
0.00042862
0.00042958
0.00043055
0.00043151
0.00043248
0.00043345
0.00043442
0.0004354
0.00043637
0.00043735
0.00043833
0.00043931
0.0004403
0.00044128
0.00044227
0.00044326
0.00044425
0.00044525
0.00044624
0.00044724
0.00044824
0.00044925
0.00045025
0.00045126
0.00045226
0.00045327
0.00045429
0.0004553
0.00045632
0.00045734
0.00045836
0.00045938
0.0004604
0.00046143
0.00046246
0.00046349
0.00046452
0.00046555
0.00046659
0.00046763
0.00046867
0.00046971
0.00047075
0.0004718
0.00047285
0.0004739
0.00047495
0.000476
0.00047706
0.00047812
0.00047918
0.00048024
0.0004813
0.00048237
0.00048344
0.00048451
0.00048558
0.00048665
0.00048773
0.0004888
0.00048988
0.00049096
0.00049205
0.00049313
0.00049422
0.00049531
0.0004964
0.00049749
0.00049859
0.00049968
0.00050078
0.00050188
0.00050298
0.00050409
0.00050519
0.0005063
0.00050741
0.00050853
0.00050964
0.00051075
0.00051187
0.00051299
0.00051411
0.00051524
0.00051636
0.00051749
0.00051862
0.00051975
0.00052088
0.00052202
0.00052315
0.00052429
0.00052543
0.00052657
0.00052772
0.00052886
0.00053001
0.00053116
0.00053231
0.00053347
0.00053462
0.00053578
0.00053694
0.0005381
0.00053926
0.00054043
0.00054159
0.00054276
0.00054393
0.0005451
0.00054628
0.00054745
0.00054863
0.00054981
0.00055099
0.00055217
0.00055336
0.00055454
0.00055573
0.00055692
0.00055811
0.00055931
0.0005605
0.0005617
0.0005629
0.0005641
0.0005653
0.00056651
0.00056771
0.00056892
0.00057013
0.00057134
0.00057255
0.00057377
0.00057498
0.0005762
0.00057742
0.00057864
0.00057987
0.00058109
0.00058232
0.00058355
0.00058478
0.00058601
0.00058725
0.00058848
0.00058972
0.00059096
0.0005922
0.00059344
0.00059469
0.00059593
0.00059718
0.00059843
0.00059968
0.00060093
0.00060219
0.00060344
0.0006047
0.00060596
0.00060722
0.00060848
0.00060975
0.00061101
0.00061228
0.00061355
0.00061482
0.00061609
0.00061737
0.00061864
0.00061992
0.0006212
0.00062248
0.00062376
0.00062504
0.00062633
0.00062761
0.0006289
0.00063019
0.00063148
0.00063278
0.00063407
0.00063537
0.00063667
0.00063797
0.00063927
0.00064057
0.00064187
0.00064318
0.00064449
0.00064579
0.0006471
0.00064842
0.00064973
0.00065104
0.00065236
0.00065368
0.000655
0.00065632
0.00065764
0.00065896
0.00066029
0.00066161
0.00066294
0.00066427
0.0006656
0.00066693
0.00066827
0.0006696
0.00067094
0.00067228
0.00067361
0.00067496
0.0006763
0.00067764
0.00067899
0.00068033
0.00068168
0.00068303
0.00068438
0.00068573
0.00068708
0.00068844
0.00068979
0.00069115
0.00069251
0.00069387
0.00069523
0.00069659
0.00069795
0.00069932
0.00070069
0.00070205
0.00070342
0.00070479
0.00070616
0.00070754
0.00070891
0.00071028
0.00071166
0.00071304
0.00071442
0.0007158
0.00071718
0.00071856
0.00071994
0.00072133
0.00072271
0.0007241
0.00072549
0.00072688
0.00072827
0.00072966
0.00073105
0.00073245
0.00073384
0.00073524
0.00073664
0.00073804
0.00073944
0.00074084
0.00074224
0.00074364
0.00074504
0.00074645
0.00074786
0.00074926
0.00075067
0.00075208
0.00075349
0.0007549
0.00075631
0.00075773
0.00075914
0.00076055
0.00076197
0.00076339
0.00076481
0.00076622
0.00076764
0.00076907
0.00077049
0.00077191
0.00077333
0.00077476
0.00077618
0.00077761
0.00077904
0.00078046
0.00078189
0.00078332
0.00078475
0.00078618
0.00078762
0.00078905
0.00079048
0.00079192
0.00079335
0.00079479
0.00079623
0.00079766
0.0007991
0.00080054
0.00080198
0.00080342
0.00080486
0.00080631
0.00080775
0.00080919
0.00081064
0.00081208
0.00081353
0.00081497
0.00081642
0.00081787
0.00081931
0.00082076
0.00082221
0.00082366
0.00082511
0.00082656
0.00082801
0.00082947
0.00083092
0.00083237
0.00083383
0.00083528
0.00083673
0.00083819
0.00083964
0.0008411
0.00084256
0.00084401
0.00084547
0.00084693
0.00084839
0.00084985
0.00085131
0.00085276
0.00085422
0.00085568
0.00085714
0.00085861
0.00086007
0.00086153
0.00086299
0.00086445
0.00086591
0.00086738
0.00086884
0.0008703
0.00087177
0.00087323
0.00087469
0.00087616
0.00087762
0.00087909
0.00088055
0.00088202
0.00088348
0.00088494
0.00088641
0.00088788
0.00088934
0.00089081
0.00089227
0.00089374
0.0008952
0.00089667
0.00089813
0.0008996
0.00090106
0.00090253
0.000904
0.00090546
0.00090693
0.00090839
0.00090986
0.00091132
0.00091279
0.00091425
0.00091572
0.00091718
0.00091865
0.00092011
0.00092158
0.00092304
0.00092451
0.00092597
0.00092743
0.0009289
0.00093036
0.00093182
0.00093328
0.00093475
0.00093621
0.00093767
0.00093913
0.00094059
0.00094205
0.00094351
0.00094497
0.00094643
0.00094789
0.00094935
0.00095081
0.00095226
0.00095372
0.00095518
0.00095663
0.00095809
0.00095955
0.000961
0.00096245
0.00096391
0.00096536
0.00096681
0.00096826
0.00096972
0.00097117
0.00097262
0.00097406
0.00097551
0.00097696
0.00097841
0.00097985
0.0009813
0.00098274
0.00098419
0.00098563
0.00098707
0.00098851
0.00098996
0.0009914
0.00099283
0.00099427
0.00099571
0.00099715
0.00099858
0.001
0.0010014
0.0010029
0.0010043
0.0010057
0.0010072
0.0010086
0.00101
0.0010115
0.0010129
0.0010143
0.0010157
0.0010172
0.0010186
0.00102
0.0010214
0.0010228
0.0010242
0.0010257
0.0010271
0.0010285
0.0010299
0.0010313
0.0010327
0.0010341
0.0010355
0.0010369
0.0010383
0.0010397
0.0010411
0.0010425
0.0010439
0.0010453
0.0010467
0.0010481
0.0010495
0.0010509
0.0010523
0.0010537
0.0010551
0.0010564
0.0010578
0.0010592
0.0010606
0.001062
0.0010633
0.0010647
0.0010661
0.0010675
0.0010688
0.0010702
0.0010716
0.0010729
0.0010743
0.0010756
0.001077
0.0010784
0.0010797
0.0010811
0.0010824
0.0010838
0.0010851
0.0010864
0.0010878
0.0010891
0.0010905
0.0010918
0.0010931
0.0010945
0.0010958
0.0010971
0.0010985
0.0010998
0.0011011
0.0011024
0.0011037
0.0011051
0.0011064
0.0011077
0.001109
0.0011103
0.0011116
0.0011129
0.0011142
0.0011155
0.0011168
0.0011181
0.0011194
0.0011207
0.0011219
0.0011232
0.0011245
0.0011258
0.001127
0.0011283
0.0011296
0.0011309
0.0011321
0.0011334
0.0011346
0.0011359
0.0011371
0.0011384
0.0011396
0.0011409
0.0011421
0.0011434
0.0011446
0.0011458
0.0011471
0.0011483
0.0011495
0.0011508
0.001152
0.0011532
0.0011544
0.0011556
0.0011568
0.001158
0.0011592
0.0011604
0.0011616
0.0011628
0.001164
0.0011652
0.0011664
0.0011675
0.0011687
0.0011699
0.0011711
0.0011722
0.0011734
0.0011746
0.0011757
0.0011769
0.001178
0.0011792
0.0011803
0.0011814
0.0011826
0.0011837
0.0011848
0.001186
0.0011871
0.0011882
0.0011893
0.0011904
0.0011916
0.0011927
0.0011938
0.0011949
0.0011959
0.001197
0.0011981
0.0011992
0.0012003
0.0012014
0.0012024
0.0012035
0.0012046
0.0012056
0.0012067
0.0012077
0.0012088
0.0012098
0.0012109
0.0012119
0.0012129
0.001214
0.001215
0.001216
0.001217
0.001218
0.001219
0.00122
0.001221
0.001222
0.001223
0.001224
0.001225
0.001226
0.0012269
0.0012279
0.0012289
0.0012298
0.0012308
0.0012318
0.0012327
0.0012336
0.0012346
0.0012355
0.0012364
0.0012374
0.0012383
0.0012392
0.0012401
0.001241
0.0012419
0.0012428
0.0012437
0.0012446
0.0012455
0.0012464
0.0012473
0.0012481
0.001249
0.0012498
0.0012507
0.0012516
0.0012524
0.0012532
0.0012541
0.0012549
0.0012557
0.0012566
0.0012574
0.0012582
0.001259
0.0012598
0.0012606
0.0012614
0.0012622
0.0012629
0.0012637
0.0012645
0.0012653
0.001266
0.0012668
0.0012675
0.0012683
0.001269
0.0012697
0.0012705
0.0012712
0.0012719
0.0012726
0.0012733
0.001274
0.0012747
0.0012754
0.0012761
0.0012768
0.0012775
0.0012781
0.0012788
0.0012794
0.0012801
0.0012807
0.0012814
0.001282
0.0012827
0.0012833
0.0012839
0.0012845
0.0012851
0.0012857
0.0012863
0.0012869
0.0012875
0.0012881
0.0012886
0.0012892
0.0012898
0.0012903
0.0012909
0.0012914
0.0012919
0.0012925
0.001293
0.0012935
0.001294
0.0012945
0.001295
0.0012955
0.001296
0.0012965
0.001297
0.0012974
0.0012979
0.0012984
0.0012988
0.0012993
0.0012997
0.0013001
0.0013005
0.001301
0.0013014
0.0013018
0.0013022
0.0013026
0.001303
0.0013033
0.0013037
0.0013041
0.0013045
0.0013048
0.0013052
0.0013055
0.0013058
0.0013062
0.0013065
0.0013068
0.0013071
0.0013074
0.0013077
0.001308
0.0013083
0.0013086
0.0013088
0.0013091
0.0013093
0.0013096
0.0013098
0.0013101
0.0013103
0.0013105
0.0013107
0.0013109
0.0013111
0.0013113
0.0013115
0.0013117
0.0013119
0.001312
0.0013122
0.0013123
0.0013125
0.0013126
0.0013127
0.0013129
0.001313
0.0013131
0.0013132
0.0013133
0.0013134
0.0013135
0.0013135
0.0013136
0.0013137
0.0013137
0.0013137
0.0013138
0.0013138
0.0013138
0.0013138
0.0013139
0.0013139
0.0013138
0.0013138
0.0013138
0.0013138
0.0013137
0.0013137
0.0013136
0.0013136
0.0013135
0.0013134
0.0013134
0.0013133
0.0013132
0.0013131
0.001313
0.0013128
0.0013127
0.0013126
0.0013124
0.0013123
0.0013121
0.001312
0.0013118
0.0013116
0.0013114
0.0013112
0.001311
0.0013108
0.0013106
0.0013104
0.0013101
0.0013099
0.0013096
0.0013094
0.0013091
0.0013088
0.0013085
0.0013083
0.001308
0.0013076
0.0013073
0.001307
0.0013067
0.0013063
0.001306
0.0013056
0.0013053
0.0013049
0.0013045
0.0013042
0.0013038
0.0013034
0.0013029
0.0013025
0.0013021
0.0013017
0.0013012
0.0013008
0.0013003
0.0012999
0.0012994
0.0012989
0.0012984
0.0012979
0.0012974
0.0012969
0.0012964
0.0012958
0.0012953
0.0012947
0.0012942
0.0012936
0.001293
0.0012925
0.0012919
0.0012913
0.0012907
0.0012901
0.0012894
0.0012888
0.0012882
0.0012875
0.0012869
0.0012862
0.0012855
0.0012848
0.0012842
0.0012835
0.0012828
0.001282
0.0012813
0.0012806
0.0012798
0.0012791
0.0012783
0.0012776
0.0012768
0.001276
0.0012752
0.0012744
0.0012736
0.0012728
0.001272
0.0012712
0.0012703
0.0012695
0.0012686
0.0012677
0.0012669
0.001266
0.0012651
0.0012642
0.0012633
0.0012624
0.0012615
0.0012605
0.0012596
0.0012586
0.0012577
0.0012567
0.0012557
0.0012547
0.0012537
0.0012527
0.0012517
0.0012507
0.0012497
0.0012486
0.0012476
0.0012465
0.0012455
0.0012444
0.0012433
0.0012422
0.0012412
0.00124
0.0012389
0.0012378
0.0012367
0.0012355
0.0012344
0.0012332
0.0012321
0.0012309
0.0012297
0.0012285
0.0012273
0.0012261
0.0012249
0.0012237
0.0012224
0.0012212
0.00122
0.0012187
0.0012174
0.0012161
0.0012149
0.0012136
0.0012123
0.001211
0.0012096
0.0012083
0.001207
0.0012056
0.0012043
0.0012029
0.0012015
0.0012002
0.0011988
0.0011974
0.001196
0.0011946
0.0011931
0.0011917
0.0011903
0.0011888
0.0011874
0.0011859
0.0011844
0.0011829
0.0011815
0.00118
0.0011785
0.0011769
0.0011754
0.0011739
0.0011723
0.0011708
0.0011692
0.0011677
0.0011661
0.0011645
0.0011629
0.0011613
0.0011597
0.0011581
0.0011565
0.0011548
0.0011532
0.0011515
0.0011499
0.0011482
0.0011465
0.0011448
0.0011431
0.0011414
0.0011397
0.001138
0.0011363
0.0011346
0.0011328
0.0011311
0.0011293
0.0011275
0.0011258
0.001124
0.0011222
0.0011204
0.0011186
0.0011167
0.0011149
0.0011131
0.0011112
0.0011094
0.0011075
0.0011057
0.0011038
0.0011019
0.0011
0.0010981
0.0010962
0.0010943
0.0010924
0.0010904
0.0010885
0.0010865
0.0010846
0.0010826
0.0010806
0.0010787
0.0010767
0.0010747
0.0010727
0.0010707
0.0010686
0.0010666
0.0010646
0.0010625
0.0010605
0.0010584
0.0010563
0.0010543
0.0010522
0.0010501
0.001048
0.0010459
0.0010438
0.0010416
0.0010395
0.0010374
0.0010352
0.0010331
0.0010309
0.0010287
0.0010266
0.0010244
0.0010222
0.00102
0.0010178
0.0010156
0.0010133
0.0010111
0.0010089
0.0010066
0.0010044
0.0010021
0.00099982
0.00099755
0.00099526
0.00099297
0.00099067
0.00098836
0.00098605
0.00098373
0.0009814
0.00097906
0.00097672
0.00097437
0.00097201
0.00096964
0.00096727
0.00096489
0.0009625
0.00096011
0.00095771
0.0009553
0.00095288
0.00095046
0.00094803
0.00094559
0.00094314
0.00094069
0.00093823
0.00093577
0.00093329
0.00093081
0.00092833
0.00092583
0.00092333
0.00092082
0.00091831
0.00091579
0.00091326
0.00091072
0.00090818
0.00090563
0.00090308
0.00090052
0.00089795
0.00089537
0.00089279
0.0008902
0.0008876
0.000885
0.00088239
0.00087978
0.00087716
0.00087453
0.00087189
0.00086925
0.0008666
0.00086395
0.00086129
0.00085862
0.00085595
0.00085327
0.00085058
0.00084789
0.00084519
0.00084249
0.00083978
0.00083706
0.00083434
0.00083161
0.00082887
0.00082613
0.00082338
0.00082063
0.00081787
0.0008151
0.00081233
0.00080955
0.00080677
0.00080398
0.00080118
0.00079838
0.00079558
0.00079276
0.00078995
0.00078712
0.00078429
0.00078146
0.00077861
0.00077577
0.00077292
0.00077006
0.00076719
0.00076433
0.00076145
0.00075857
0.00075569
0.00075279
0.0007499
0.000747
0.00074409
0.00074118
0.00073826
0.00073534
0.00073241
0.00072948
0.00072654
0.0007236
0.00072065
0.00071769
0.00071474
0.00071177
0.0007088
0.00070583
0.00070285
0.00069987
0.00069688
0.00069389
0.00069089
0.00068789
0.00068488
0.00068187
0.00067885
0.00067583
0.00067281
0.00066977
0.00066674
0.0006637
0.00066066
0.00065761
0.00065455
0.0006515
0.00064843
0.00064537
0.0006423
0.00063922
0.00063614
0.00063306
0.00062997
0.00062688
0.00062379
0.00062069
0.00061758
0.00061447
0.00061136
0.00060825
0.00060513
0.000602
0.00059887
0.00059574
0.00059261
0.00058947
0.00058632
0.00058318
0.00058003
0.00057687
0.00057372
0.00057055
0.00056739
0.00056422
0.00056105
0.00055787
0.00055469
0.00055151
0.00054833
0.00054514
0.00054195
0.00053875
0.00053555
0.00053235
0.00052914
0.00052594
0.00052272
0.00051951
0.00051629
0.00051307
0.00050985
0.00050662
0.00050339
0.00050016
0.00049692
0.00049369
0.00049045
0.0004872
0.00048396
0.00048071
0.00047746
0.0004742
0.00047094
0.00046769
0.00046442
0.00046116
0.00045789
0.00045462
0.00045135
0.00044808
0.0004448
0.00044152
0.00043824
0.00043496
0.00043168
0.00042839
0.0004251
0.00042181
0.00041852
0.00041522
0.00041192
0.00040862
0.00040532
0.00040202
0.00039872
0.00039541
0.0003921
0.00038879
0.00038548
0.00038217
0.00037885
0.00037554
0.00037222
0.0003689
0.00036558
0.00036225
0.00035893
0.00035561
0.00035228
0.00034895
0.00034562
0.00034229
0.00033896
0.00033563
0.00033229
0.00032896
0.00032562
0.00032229
0.00031895
0.00031561
0.00031227
0.00030893
0.00030559
0.00030225
0.0002989
0.00029556
0.00029221
0.00028887
0.00028552
0.00028218
0.00027883
0.00027548
0.00027213
0.00026879
0.00026544
0.00026209
0.00025874
0.00025539
0.00025204
0.00024869
0.00024534
0.00024199
0.00023864
0.00023528
0.00023193
0.00022858
0.00022523
0.00022188
0.00021853
0.00021518
0.00021183
0.00020848
0.00020513
0.00020178
0.00019843
0.00019508
0.00019173
0.00018838
0.00018503
0.00018168
0.00017834
0.00017499
0.00017164
0.0001683
0.00016495
0.00016161
0.00015826
0.00015492
0.00015158
0.00014824
0.0001449
0.00014156
0.00013822
0.00013488
0.00013154
0.00012821
0.00012487
0.00012154
0.0001182
0.00011487
0.00011154
0.00010821
0.00010489
0.00010156
9.8234e-05
9.491e-05
9.1588e-05
8.8267e-05
8.4947e-05
8.1629e-05
7.8312e-05
7.4997e-05
7.1684e-05
6.8372e-05
6.5062e-05
6.1753e-05
5.8446e-05
5.5141e-05
5.1838e-05
4.8537e-05
4.5237e-05
4.194e-05
3.8644e-05
3.535e-05
3.2059e-05
2.8769e-05
2.5481e-05
2.2196e-05
1.8912e-05
1.5631e-05
1.2352e-05
9.0753e-06
5.8007e-06
2.5285e-06
-7.4142e-07
-4.009e-06
-7.2741e-06
-1.0537e-05
-1.3797e-05
-1.7055e-05
-2.031e-05
-2.3563e-05
-2.6813e-05
-3.006e-05
-3.3305e-05
-3.6547e-05
-3.9787e-05
-4.3024e-05
-4.6257e-05
-4.9488e-05
-5.2717e-05
-5.5942e-05
-5.9165e-05
-6.2384e-05
-6.5601e-05
-6.8814e-05
-7.2025e-05
-7.5232e-05
-7.8436e-05
-8.1637e-05
-8.4835e-05
-8.803e-05
-9.1222e-05
-9.441e-05
-9.7595e-05
-0.00010078
-0.00010396
-0.00010713
-0.0001103
-0.00011347
-0.00011663
-0.0001198
-0.00012295
-0.00012611
-0.00012926
-0.0001324
-0.00013555
-0.00013869
-0.00014182
-0.00014496
-0.00014808
-0.00015121
-0.00015433
-0.00015745
-0.00016056
-0.00016367
-0.00016677
-0.00016987
-0.00017297
-0.00017606
-0.00017915
-0.00018224
-0.00018532
-0.00018839
-0.00019147
-0.00019454
-0.0001976
-0.00020066
-0.00020371
-0.00020677
-0.00020981
-0.00021285
-0.00021589
-0.00021893
-0.00022195
-0.00022498
-0.000228
-0.00023101
-0.00023403
-0.00023703
-0.00024003
-0.00024303
-0.00024602
-0.00024901
-0.00025199
-0.00025497
-0.00025795
-0.00026091
-0.00026388
-0.00026684
-0.00026979
-0.00027274
-0.00027568
-0.00027862
-0.00028156
-0.00028449
-0.00028741
-0.00029033
-0.00029324
-0.00029615
-0.00029905
-0.00030195
-0.00030485
-0.00030773
-0.00031062
-0.00031349
-0.00031637
-0.00031923
-0.0003221
-0.00032495
-0.0003278
-0.00033065
-0.00033349
-0.00033632
-0.00033915
-0.00034197
-0.00034479
-0.0003476
-0.00035041
-0.00035321
-0.00035601
-0.0003588
-0.00036158
-0.00036436
-0.00036713
-0.0003699
-0.00037266
-0.00037542
-0.00037817
-0.00038091
-0.00038365
-0.00038638
-0.00038911
-0.00039183
-0.00039454
-0.00039725
-0.00039995
-0.00040265
-0.00040534
-0.00040802
-0.0004107
-0.00041337
-0.00041604
-0.0004187
-0.00042135
-0.000424
-0.00042664
-0.00042928
-0.00043191
-0.00043453
-0.00043715
-0.00043976
-0.00044236
-0.00044496
-0.00044755
-0.00045013
-0.00045271
-0.00045528
-0.00045785
-0.00046041
-0.00046296
-0.00046551
-0.00046805
-0.00047058
-0.00047311
-0.00047563
-0.00047814
-0.00048065
-0.00048315
-0.00048564
-0.00048813
-0.00049061
-0.00049309
-0.00049555
-0.00049801
-0.00050047
-0.00050291
-0.00050535
-0.00050779
-0.00051022
-0.00051264
-0.00051505
-0.00051745
-0.00051985
-0.00052225
-0.00052463
-0.00052701
-0.00052938
-0.00053175
-0.00053411
-0.00053646
-0.0005388
-0.00054114
-0.00054347
-0.00054579
-0.00054811
-0.00055042
-0.00055272
-0.00055502
-0.0005573
-0.00055959
-0.00056186
-0.00056413
-0.00056639
-0.00056864
-0.00057088
-0.00057312
-0.00057535
-0.00057758
-0.00057979
-0.000582
-0.0005842
-0.0005864
-0.00058859
-0.00059077
-0.00059294
-0.00059511
-0.00059726
-0.00059942
-0.00060156
-0.0006037
-0.00060583
-0.00060795
-0.00061006
-0.00061217
-0.00061427
-0.00061636
-0.00061845
-0.00062052
-0.00062259
-0.00062466
-0.00062671
-0.00062876
-0.0006308
-0.00063283
-0.00063486
-0.00063688
-0.00063889
-0.00064089
-0.00064288
-0.00064487
-0.00064685
-0.00064883
-0.00065079
-0.00065275
-0.0006547
-0.00065664
-0.00065858
-0.0006605
-0.00066242
-0.00066434
-0.00066624
-0.00066814
-0.00067003
-0.00067191
-0.00067378
-0.00067565
-0.00067751
-0.00067936
-0.0006812
-0.00068304
-0.00068487
-0.00068669
-0.0006885
-0.00069031
-0.0006921
-0.00069389
-0.00069567
-0.00069745
-0.00069922
-0.00070097
-0.00070273
-0.00070447
-0.00070621
-0.00070793
-0.00070965
-0.00071137
-0.00071307
-0.00071477
-0.00071646
-0.00071814
-0.00071981
-0.00072148
-0.00072314
-0.00072479
-0.00072643
-0.00072807
-0.00072969
-0.00073131
-0.00073292
-0.00073453
-0.00073612
-0.00073771
-0.00073929
-0.00074087
-0.00074243
-0.00074399
-0.00074554
-0.00074708
-0.00074861
-0.00075014
-0.00075166
-0.00075317
-0.00075467
-0.00075616
-0.00075765
-0.00075913
-0.0007606
-0.00076206
-0.00076352
-0.00076497
-0.00076641
-0.00076784
-0.00076927
-0.00077068
-0.00077209
-0.00077349
-0.00077489
-0.00077627
-0.00077765
-0.00077902
-0.00078038
-0.00078174
-0.00078308
-0.00078442
-0.00078575
-0.00078708
-0.00078839
-0.0007897
-0.000791
-0.00079229
-0.00079357
-0.00079485
-0.00079612
-0.00079738
-0.00079863
-0.00079988
-0.00080112
-0.00080235
-0.00080357
-0.00080478
-0.00080599
-0.00080719
-0.00080838
-0.00080956
-0.00081074
-0.00081191
-0.00081307
-0.00081422
-0.00081537
-0.0008165
-0.00081763
-0.00081875
-0.00081987
-0.00082098
-0.00082207
-0.00082317
-0.00082425
-0.00082532
-0.00082639
-0.00082745
-0.00082851
-0.00082955
-0.00083059
-0.00083162
-0.00083264
-0.00083365
-0.00083466
-0.00083566
-0.00083665
-0.00083764
-0.00083861
-0.00083958
-0.00084054
-0.0008415
-0.00084244
-0.00084338
-0.00084431
-0.00084524
-0.00084615
-0.00084706
-0.00084796
-0.00084886
-0.00084974
-0.00085062
-0.00085149
-0.00085236
-0.00085321
-0.00085406
-0.0008549
-0.00085573
-0.00085656
-0.00085738
-0.00085819
-0.00085899
-0.00085979
-0.00086058
-0.00086136
-0.00086214
-0.0008629
-0.00086366
-0.00086442
-0.00086516
-0.0008659
-0.00086663
-0.00086735
-0.00086807
-0.00086878
-0.00086948
-0.00087017
-0.00087086
-0.00087154
-0.00087221
-0.00087287
-0.00087353
-0.00087418
-0.00087482
-0.00087546
-0.00087609
-0.00087671
-0.00087732
-0.00087793
-0.00087853
-0.00087912
-0.00087971
-0.00088029
-0.00088086
-0.00088143
-0.00088198
-0.00088253
-0.00088308
-0.00088361
-0.00088414
-0.00088466
-0.00088518
-0.00088569
-0.00088619
-0.00088668
-0.00088717
-0.00088765
-0.00088812
-0.00088859
-0.00088905
-0.0008895
-0.00088995
-0.00089039
-0.00089082
-0.00089125
-0.00089166
-0.00089208
-0.00089248
-0.00089288
-0.00089327
-0.00089365
-0.00089403
-0.0008944
-0.00089477
-0.00089513
-0.00089548
-0.00089582
-0.00089616
-0.00089649
-0.00089681
-0.00089713
-0.00089744
-0.00089775
-0.00089804
-0.00089833
-0.00089862
-0.0008989
-0.00089917
-0.00089943
-0.00089969
-0.00089994
-0.00090019
-0.00090043
-0.00090066
-0.00090089
-0.00090111
-0.00090132
-0.00090153
-0.00090173
-0.00090192
-0.00090211
-0.00090229
-0.00090246
-0.00090263
-0.0009028
-0.00090295
-0.0009031
-0.00090325
-0.00090338
-0.00090351
-0.00090364
-0.00090376
-0.00090387
-0.00090398
-0.00090408
-0.00090417
-0.00090426
-0.00090434
-0.00090442
-0.00090449
-0.00090455
-0.00090461
-0.00090466
-0.00090471
-0.00090475
-0.00090478
-0.00090481
-0.00090483
-0.00090485
-0.00090486
-0.00090486
-0.00090486
-0.00090485
-0.00090484
-0.00090482
-0.00090479
-0.00090476
-0.00090473
-0.00090469
-0.00090464
-0.00090458
-0.00090452
-0.00090446
-0.00090439
-0.00090431
-0.00090423
-0.00090414
-0.00090405
-0.00090395
-0.00090384
-0.00090373
-0.00090362
-0.0009035
-0.00090337
-0.00090324
-0.0009031
-0.00090296
-0.00090281
-0.00090265
-0.00090249
-0.00090233
-0.00090216
-0.00090198
-0.0009018
-0.00090162
-0.00090143
-0.00090123
-0.00090103
-0.00090082
-0.00090061
-0.00090039
-0.00090017
-0.00089994
-0.0008997
-0.00089946
-0.00089922
-0.00089897
-0.00089872
-0.00089846
-0.0008982
-0.00089793
-0.00089765
-0.00089737
-0.00089709
-0.0008968
-0.0008965
-0.00089621
-0.0008959
-0.00089559
-0.00089528
-0.00089496
-0.00089464
-0.00089431
-0.00089397
-0.00089364
-0.00089329
-0.00089295
-0.00089259
-0.00089224
-0.00089187
-0.00089151
-0.00089114
-0.00089076
-0.00089038
-0.00088999
-0.00088961
-0.00088921
-0.00088881
-0.00088841
-0.000888
-0.00088759
-0.00088717
-0.00088675
-0.00088632
-0.00088589
-0.00088546
-0.00088502
-0.00088457
-0.00088413
-0.00088367
-0.00088322
-0.00088276
-0.00088229
-0.00088182
-0.00088135
-0.00088087
-0.00088038
-0.0008799
-0.00087941
-0.00087891
-0.00087841
-0.00087791
-0.0008774
-0.00087689
-0.00087637
-0.00087585
-0.00087533
-0.0008748
-0.00087427
-0.00087373
-0.00087319
-0.00087265
-0.0008721
-0.00087155
-0.00087099
-0.00087043
-0.00086987
-0.0008693
-0.00086873
-0.00086815
-0.00086758
-0.00086699
-0.00086641
-0.00086581
-0.00086522
-0.00086462
-0.00086402
-0.00086342
-0.00086281
-0.00086219
-0.00086158
-0.00086096
-0.00086033
-0.00085971
-0.00085908
-0.00085844
-0.0008578
-0.00085716
-0.00085652
-0.00085587
-0.00085522
-0.00085456
-0.0008539
-0.00085324
-0.00085258
-0.00085191
-0.00085124
-0.00085056
-0.00084988
-0.0008492
-0.00084851
-0.00084783
-0.00084713
-0.00084644
-0.00084574
-0.00084504
-0.00084433
-0.00084363
-0.00084291
-0.0008422
-0.00084148
-0.00084076
-0.00084004
-0.00083931
-0.00083858
-0.00083785
-0.00083711
-0.00083637
-0.00083563
-0.00083489
-0.00083414
-0.00083339
-0.00083264
-0.00083188
-0.00083112
-0.00083036
-0.00082959
-0.00082883
-0.00082805
-0.00082728
-0.0008265
-0.00082573
-0.00082494
-0.00082416
-0.00082337
-0.00082258
-0.00082179
-0.00082099
-0.0008202
-0.0008194
-0.00081859
-0.00081779
-0.00081698
-0.00081617
-0.00081536
-0.00081454
-0.00081372
-0.0008129
-0.00081208
-0.00081125
-0.00081042
-0.00080959
-0.00080876
-0.00080792
-0.00080708
-0.00080624
-0.0008054
-0.00080456
-0.00080371
-0.00080286
-0.00080201
-0.00080115
-0.0008003
-0.00079944
-0.00079858
-0.00079771
-0.00079685
-0.00079598
-0.00079511
-0.00079424
-0.00079337
-0.00079249
-0.00079161
-0.00079073
-0.00078985
-0.00078896
-0.00078808
-0.00078719
-0.0007863
-0.00078541
-0.00078451
-0.00078362
-0.00078272
-0.00078182
-0.00078091
-0.00078001
-0.0007791
-0.0007782
-0.00077729
-0.00077638
-0.00077546
-0.00077455
-0.00077363
-0.00077271
-0.00077179
-0.00077087
-0.00076994
-0.00076902
-0.00076809
-0.00076716
-0.00076623
-0.0007653
-0.00076437
-0.00076343
-0.00076249
-0.00076155
-0.00076061
-0.00075967
-0.00075873
-0.00075778
-0.00075684
-0.00075589
-0.00075494
-0.00075399
-0.00075303
-0.00075208
-0.00075112
-0.00075017
-0.00074921
-0.00074825
-0.00074729
-0.00074632
-0.00074536
-0.0007444
-0.00074343
-0.00074246
-0.00074149
-0.00074052
-0.00073955
-0.00073858
-0.0007376
-0.00073663
-0.00073565
-0.00073467
-0.00073369
-0.00073271
-0.00073173
-0.00073075
-0.00072976
-0.00072878
-0.00072779
-0.00072681
-0.00072582
-0.00072483
-0.00072384
-0.00072285
-0.00072185
-0.00072086
-0.00071987
-0.00071887
-0.00071787
-0.00071688
-0.00071588
-0.00071488
-0.00071388
-0.00071288
-0.00071187
-0.00071087
-0.00070987
-0.00070886
-0.00070786
-0.00070685
-0.00070584
-0.00070483
-0.00070383
-0.00070282
-0.00070181
-0.00070079
-0.00069978
-0.00069877
-0.00069776
-0.00069674
-0.00069573
-0.00069471
-0.00069369
-0.00069268
-0.00069166
-0.00069064
-0.00068962
-0.0006886
-0.00068758
-0.00068656
-0.00068554
-0.00068452
-0.0006835
-0.00068247
-0.00068145
-0.00068042
-0.0006794
-0.00067837
-0.00067735
-0.00067632
-0.0006753
-0.00067427
-0.00067324
-0.00067221
-0.00067118
-0.00067015
-0.00066913
-0.0006681
-0.00066707
-0.00066604
-0.000665
-0.00066397
-0.00066294
-0.00066191
-0.00066088
-0.00065984
-0.00065881
-0.00065778
-0.00065674
-0.00065571
-0.00065468
-0.00065364
-0.00065261
-0.00065157
-0.00065054
-0.0006495
-0.00064847
-0.00064743
-0.0006464
-0.00064536
-0.00064432
-0.00064329
-0.00064225
-0.00064121
-0.00064018
-0.00063914
-0.0006381
-0.00063707
-0.00063603
-0.00063499
-0.00063396
-0.00063292
-0.00063188
-0.00063084
-0.00062981
-0.00062877
-0.00062773
-0.0006267
-0.00062566
-0.00062462
-0.00062358
-0.00062255
-0.00062151
-0.00062047
-0.00061943
-0.0006184
-0.00061736
-0.00061632
-0.00061529
-0.00061425
-0.00061321
-0.00061218
-0.00061114
-0.00061011
-0.00060907
-0.00060803
-0.000607
-0.00060596
-0.00060493
-0.00060389
-0.00060286
-0.00060182
-0.00060079
-0.00059975
-0.00059872
-0.00059769
-0.00059665
-0.00059562
-0.00059459
-0.00059356
-0.00059252
-0.00059149
-0.00059046
-0.00058943
-0.0005884
-0.00058737
-0.00058634
-0.00058531
-0.00058428
-0.00058325
-0.00058222
-0.00058119
-0.00058016
-0.00057913
-0.00057811
-0.00057708
-0.00057605
-0.00057503
-0.000574
-0.00057297
-0.00057195
-0.00057093
-0.0005699
-0.00056888
-0.00056785
-0.00056683
-0.00056581
-0.00056479
-0.00056377
-0.00056275
-0.00056173
-0.00056071
-0.00055969
-0.00055867
-0.00055765
-0.00055663
-0.00055562
-0.0005546
-0.00055359
-0.00055257
-0.00055156
-0.00055054
-0.00054953
-0.00054852
-0.0005475
-0.00054649
-0.00054548
-0.00054447
-0.00054346
-0.00054245
-0.00054144
-0.00054044
-0.00053943
-0.00053842
-0.00053742
-0.00053641
-0.00053541
-0.0005344
-0.0005334
-0.0005324
-0.0005314
-0.0005304
-0.0005294
-0.0005284
-0.0005274
-0.0005264
-0.0005254
-0.00052441
-0.00052341
-0.00052241
-0.00052142
-0.00052043
-0.00051943
-0.00051844
-0.00051745
-0.00051646
-0.00051547
-0.00051448
-0.00051349
-0.00051251
-0.00051152
-0.00051054
-0.00050955
-0.00050857
-0.00050758
-0.0005066
-0.00050562
-0.00050464
-0.00050366
-0.00050268
-0.0005017
-0.00050073
-0.00049975
-0.00049877
-0.0004978
-0.00049683
-0.00049585
-0.00049488
-0.00049391
-0.00049294
-0.00049197
-0.000491
-0.00049004
-0.00048907
-0.00048811
-0.00048714
-0.00048618
-0.00048522
-0.00048425
-0.00048329
-0.00048233
-0.00048138
-0.00048042
-0.00047946
-0.00047851
-0.00047755
-0.0004766
-0.00047564
-0.00047469
-0.00047374
-0.00047279
-0.00047184
-0.0004709
-0.00046995
-0.000469
-0.00046806
-0.00046711
-0.00046617
-0.00046523
-0.00046429
-0.00046335
-0.00046241
-0.00046147
-0.00046054
-0.0004596
-0.00045867
-0.00045773
-0.0004568
-0.00045587
-0.00045494
-0.00045401
-0.00045308
-0.00045216
-0.00045123
-0.00045031
-0.00044938
-0.00044846
-0.00044754
-0.00044662
-0.0004457
-0.00044478
-0.00044387
-0.00044295
-0.00044204
-0.00044112
-0.00044021
-0.0004393
-0.00043839
-0.00043748
-0.00043657
-0.00043566
-0.00043476
-0.00043385
-0.00043295
-0.00043205
-0.00043115
-0.00043025
-0.00042935
-0.00042845
-0.00042756
-0.00042666
-0.00042577
-0.00042487
-0.00042398
-0.00042309
-0.0004222
-0.00042131
-0.00042043
-0.00041954
-0.00041866
-0.00041777
-0.00041689
-0.00041601
-0.00041513
-0.00041425
-0.00041338
-0.0004125
-0.00041162
-0.00041075
-0.00040988
-0.00040901
-0.00040814
-0.00040727
-0.0004064
-0.00040553
-0.00040467
-0.00040381
-0.00040294
-0.00040208
-0.00040122
-0.00040036
-0.0003995
-0.00039865
-0.00039779
-0.00039694
-0.00039609
-0.00039524
-0.00039439
-0.00039354
-0.00039269
-0.00039184
-0.000391
-0.00039015
-0.00038931
-0.00038847
-0.00038763
-0.00038679
-0.00038595
-0.00038512
-0.00038428
-0.00038345
-0.00038262
-0.00038179
-0.00038096
-0.00038013
-0.0003793
-0.00037847
-0.00037765
-0.00037683
-0.00037601
-0.00037518
-0.00037437
-0.00037355
-0.00037273
-0.00037192
-0.0003711
-0.00037029
-0.00036948
-0.00036867
-0.00036786
-0.00036705
-0.00036624
-0.00036544
-0.00036464
-0.00036383
-0.00036303
-0.00036223
-0.00036143
-0.00036064
-0.00035984
-0.00035905
-0.00035825
-0.00035746
-0.00035667
-0.00035588
-0.0003551
-0.00035431
-0.00035352
-0.00035274
-0.00035196
-0.00035118
-0.0003504
-0.00034962
-0.00034884
-0.00034807
-0.00034729
-0.00034652
-0.00034575
-0.00034498
-0.00034421
-0.00034344
-0.00034268
-0.00034191
-0.00034115
-0.00034039
-0.00033963
-0.00033887
-0.00033811
-0.00033735
-0.0003366
-0.00033584
-0.00033509
-0.00033434
-0.00033359
-0.00033284
-0.0003321
-0.00033135
-0.00033061
-0.00032986
-0.00032912
-0.00032838
-0.00032764
-0.0003269
-0.00032617
-0.00032543
-0.0003247
-0.00032397
-0.00032324
-0.00032251
-0.00032178
-0.00032106
-0.00032033
-0.00031961
-0.00031888
-0.00031816
-0.00031744
-0.00031673
-0.00031601
-0.00031529
-0.00031458
-0.00031387
-0.00031316
-0.00031245
-0.00031174
-0.00031103
-0.00031033
-0.00030962
-0.00030892
-0.00030822
-0.00030752
-0.00030682
-0.00030612
-0.00030543
-0.00030473
-0.00030404
-0.00030335
-0.00030266
-0.00030197
-0.00030128
-0.00030059
-0.00029991
-0.00029923
-0.00029855
-0.00029786
-0.00029719
-0.00029651
-0.00029583
-0.00029516
-0.00029448
-0.00029381
-0.00029314
-0.00029247
-0.0002918
-0.00029114
-0.00029047
-0.00028981
-0.00028915
-0.00028849
-0.00028783
-0.00028717
-0.00028651
-0.00028586
-0.0002852
-0.00028455
-0.0002839
-0.00028325
-0.0002826
-0.00028195
-0.00028131
-0.00028067
-0.00028002
-0.00027938
-0.00027874
-0.0002781
-0.00027747
-0.00027683
-0.0002762
-0.00027556
-0.00027493
-0.0002743
-0.00027367
-0.00027305
-0.00027242
-0.0002718
-0.00027118
-0.00027055
-0.00026993
-0.00026931
-0.0002687
-0.00026808
-0.00026747
-0.00026685
-0.00026624
-0.00026563
-0.00026502
-0.00026442
-0.00026381
-0.00026321
-0.0002626
-0.000262
-0.0002614
-0.0002608
-0.0002602
-0.00025961
-0.00025901
-0.00025842
-0.00025783
-0.00025724
-0.00025665
-0.00025606
-0.00025548
-0.00025489
-0.00025431
-0.00025373
-0.00025314
-0.00025257
-0.00025199
-0.00025141
-0.00025084
-0.00025026
-0.00024969
-0.00024912
-0.00024855
-0.00024798
-0.00024742
-0.00024685
-0.00024629
-0.00024572
-0.00024516
-0.0002446
-0.00024405
-0.00024349
-0.00024293
-0.00024238
-0.00024183
-0.00024128
-0.00024073
-0.00024018
-0.00023963
-0.00023909
-0.00023854
-0.000238
-0.00023746
-0.00023692
-0.00023638
-0.00023584
-0.00023531
-0.00023477
-0.00023424
-0.00023371
-0.00023318
-0.00023265
-0.00023212
-0.0002316
-0.00023107
-0.00023055
-0.00023003
-0.00022951
-0.00022899
-0.00022847
-0.00022795
-0.00022744
-0.00022693
-0.00022641
-0.0002259
-0.00022539
-0.00022489
-0.00022438
-0.00022388
-0.00022337
-0.00022287
-0.00022237
-0.00022187
-0.00022137
-0.00022087
-0.00022038
-0.00021989
-0.00021939
-0.0002189
-0.00021841
-0.00021792
-0.00021744
-0.00021695
-0.00021647
-0.00021598
-0.0002155
-0.00021502
-0.00021454
-0.00021407
-0.00021359
-0.00021312
-0.00021264
-0.00021217
-0.0002117
-0.00021123
-0.00021076
-0.0002103
-0.00020983
-0.00020937
-0.00020891
-0.00020845
-0.00020799
-0.00020753
-0.00020707
-0.00020662
-0.00020616
-0.00020571
-0.00020526
-0.00020481
-0.00020436
-0.00020391
-0.00020347
-0.00020302
-0.00020258
-0.00020214
-0.0002017
-0.00020126
-0.00020082
-0.00020038
-0.00019995
-0.00019952
-0.00019908
-0.00019865
-0.00019822
-0.00019779
-0.00019737
-0.00019694
-0.00019652
-0.0001961
-0.00019567
-0.00019525
-0.00019483
-0.00019442
-0.000194
-0.00019359
-0.00019317
-0.00019276
-0.00019235
-0.00019194
-0.00019153
-0.00019113
-0.00019072
-0.00019032
-0.00018991
-0.00018951
-0.00018911
-0.00018871
-0.00018832
-0.00018792
-0.00018752
-0.00018713
-0.00018674
-0.00018635
-0.00018596
-0.00018557
-0.00018518
-0.0001848
-0.00018441
-0.00018403
-0.00018365
-0.00018327
-0.00018289
-0.00018251
-0.00018213
-0.00018176
-0.00018139
-0.00018101
-0.00018064
-0.00018027
-0.0001799
-0.00017954
-0.00017917
-0.0001788
-0.00017844
-0.00017808
-0.00017772
-0.00017736
-0.000177
-0.00017664
-0.00017629
-0.00017593
-0.00017558
-0.00017523
-0.00017488
-0.00017453
-0.00017418
-0.00017383
-0.00017349
-0.00017314
-0.0001728
-0.00017246
-0.00017212
-0.00017178
-0.00017144
-0.0001711
-0.00017077
-0.00017043
-0.0001701
-0.00016977
-0.00016944
-0.00016911
-0.00016878
-0.00016845
-0.00016813
-0.0001678
-0.00016748
-0.00016716
-0.00016684
-0.00016652
-0.0001662
-0.00016588
-0.00016557
-0.00016525
-0.00016494
-0.00016463
-0.00016432
-0.00016401
-0.0001637
-0.00016339
-0.00016308
-0.00016278
-0.00016248
-0.00016217
-0.00016187
-0.00016157
-0.00016127
-0.00016098
-0.00016068
-0.00016038
-0.00016009
-0.0001598
-0.0001595
-0.00015921
-0.00015892
-0.00015864
-0.00015835
-0.00015806
-0.00015778
-0.0001575
-0.00015721
-0.00015693
-0.00015665
-0.00015637
-0.00015609
-0.00015582
-0.00015554
-0.00015527
-0.000155
-0.00015472
-0.00015445
-0.00015418
-0.00015391
-0.00015365
-0.00015338
-0.00015311
-0.00015285
-0.00015259
-0.00015233
-0.00015206
-0.0001518
-0.00015155
-0.00015129
-0.00015103
-0.00015078
-0.00015052
-0.00015027
-0.00015002
-0.00014977
-0.00014952
-0.00014927
-0.00014902
-0.00014877
-0.00014853
-0.00014828
-0.00014804
-0.0001478
-0.00014756
-0.00014732
-0.00014708
-0.00014684
-0.0001466
-0.00014637
-0.00014613
-0.0001459
-0.00014566
-0.00014543
-0.0001452
-0.00014497
-0.00014474
-0.00014452
-0.00014429
-0.00014406
-0.00014384
-0.00014361
-0.00014339
-0.00014317
-0.00014295
-0.00014273
-0.00014251
-0.00014229
-0.00014208
-0.00014186
-0.00014165
-0.00014143
-0.00014122
-0.00014101
-0.0001408
-0.00014059
-0.00014038
-0.00014017
-0.00013996
-0.00013976
-0.00013955
-0.00013935
-0.00013914
-0.00013894
-0.00013874
-0.00013854
-0.00013834
-0.00013814
-0.00013794
-0.00013775
-0.00013755
-0.00013735
-0.00013716
-0.00013697
-0.00013677
-0.00013658
-0.00013639
-0.0001362
-0.00013601
-0.00013583
-0.00013564
-0.00013545
-0.00013527
-0.00013508
-0.0001349
-0.00013471
-0.00013453
-0.00013435
-0.00013417
-0.00013399
-0.00013381
-0.00013364
-0.00013346
-0.00013328
-0.00013311
-0.00013293
-0.00013276
-0.00013258
-0.00013241
-0.00013224
-0.00013207
-0.0001319
-0.00013173
-0.00013156
-0.0001314
-0.00013123
-0.00013106
-0.0001309
-0.00013073
-0.00013057
-0.00013041
-0.00013024
-0.00013008
-0.00012992
-0.00012976
-0.0001296
-0.00012944
-0.00012928
-0.00012913
-0.00012897
-0.00012882
-0.00012866
-0.00012851
-0.00012835
-0.0001282
-0.00012805
-0.00012789
-0.00012774
-0.00012759
-0.00012744
-0.00012729
-0.00012715
-0.000127
-0.00012685
-0.0001267
-0.00012656
-0.00012641
-0.00012627
-0.00012612
-0.00012598
-0.00012584
-0.0001257
-0.00012555
-0.00012541
-0.00012527
-0.00012513
-0.00012499
-0.00012485
-0.00012472
-0.00012458
-0.00012444
-0.0001243
-0.00012417
-0.00012403
-0.0001239
-0.00012376
-0.00012363
-0.0001235
-0.00012336
-0.00012323
-0.0001231
-0.00012297
-0.00012284
-0.00012271
-0.00012258
-0.00012245
-0.00012232
-0.00012219
-0.00012207
-0.00012194
-0.00012181
-0.00012168
-0.00012156
-0.00012143
-0.00012131
-0.00012118
-0.00012106
-0.00012094
-0.00012081
-0.00012069
-0.00012057
-0.00012045
-0.00012032
-0.0001202
-0.00012008
-0.00011996
-0.00011984
-0.00011972
-0.0001196
-0.00011948
-0.00011936
-0.00011925
-0.00011913
-0.00011901
-0.00011889
-0.00011878
-0.00011866
-0.00011854
-0.00011843
-0.00011831
-0.0001182
-0.00011808
-0.00011797
-0.00011785
-0.00011774
-0.00011763
-0.00011751
-0.0001174
-0.00011729
-0.00011718
-0.00011706
-0.00011695
-0.00011684
-0.00011673
-0.00011662
-0.00011651
-0.00011639
-0.00011628
-0.00011617
-0.00011606
-0.00011595
-0.00011584
-0.00011574
-0.00011563
-0.00011552
-0.00011541
-0.0001153
-0.00011519
-0.00011508
-0.00011498
-0.00011487
-0.00011476
-0.00011465
-0.00011455
-0.00011444
-0.00011433
-0.00011422
-0.00011412
-0.00011401
-0.0001139
-0.0001138
-0.00011369
-0.00011359
-0.00011348
-0.00011337
-0.00011327
-0.00011316
-0.00011306
-0.00011295
-0.00011285
-0.00011274
-0.00011264
-0.00011253
-0.00011243
-0.00011232
-0.00011222
-0.00011211
-0.00011201
-0.0001119
-0.0001118
-0.00011169
-0.00011159
-0.00011149
-0.00011138
-0.00011128
-0.00011117
-0.00011107
-0.00011096
-0.00011086
-0.00011075
-0.00011065
-0.00011055
-0.00011044
-0.00011034
-0.00011023
-0.00011013
-0.00011002
-0.00010992
-0.00010982
-0.00010971
-0.00010961
-0.0001095
-0.0001094
-0.00010929
-0.00010919
-0.00010908
-0.00010898
-0.00010888
-0.00010877
-0.00010867
-0.00010856
-0.00010846
-0.00010835
-0.00010825
-0.00010814
-0.00010804
-0.00010793
-0.00010783
-0.00010772
-0.00010761
-0.00010751
-0.0001074
-0.0001073
-0.00010719
-0.00010708
-0.00010698
-0.00010687
-0.00010677
-0.00010666
-0.00010655
-0.00010645
-0.00010634
-0.00010623
-0.00010613
-0.00010602
-0.00010591
-0.0001058
-0.0001057
-0.00010559
-0.00010548
-0.00010537
-0.00010526
-0.00010516
-0.00010505
-0.00010494
-0.00010483
-0.00010472
-0.00010461
-0.0001045
-0.00010439
-0.00010428
-0.00010417
-0.00010406
-0.00010395
-0.00010384
-0.00010373
-0.00010362
-0.00010351
-0.0001034
-0.00010329
-0.00010318
-0.00010307
-0.00010295
-0.00010284
-0.00010273
-0.00010262
-0.0001025
-0.00010239
-0.00010228
-0.00010217
-0.00010205
-0.00010194
-0.00010183
-0.00010171
-0.0001016
-0.00010148
-0.00010137
-0.00010126
-0.00010114
-0.00010103
-0.00010091
-0.00010079
-0.00010068
-0.00010056
-0.00010045
-0.00010033
-0.00010021
-0.0001001
-9.9981e-05
-9.9864e-05
-9.9747e-05
-9.963e-05
-9.9512e-05
-9.9394e-05
-9.9276e-05
-9.9158e-05
-9.904e-05
-9.8921e-05
-9.8802e-05
-9.8683e-05
-9.8564e-05
-9.8445e-05
-9.8325e-05
-9.8205e-05
-9.8085e-05
-9.7965e-05
-9.7844e-05
-9.7724e-05
-9.7603e-05
-9.7482e-05
-9.7361e-05
-9.7239e-05
-9.7118e-05
-9.6996e-05
-9.6874e-05
-9.6752e-05
-9.6629e-05
-9.6507e-05
-9.6384e-05
-9.6261e-05
-9.6138e-05
-9.6014e-05
-9.5891e-05
-9.5767e-05
-9.5643e-05
-9.5519e-05
-9.5395e-05
-9.527e-05
-9.5145e-05
-9.5021e-05
-9.4896e-05
-9.477e-05
-9.4645e-05
-9.452e-05
-9.4394e-05
-9.4268e-05
-9.4142e-05
-9.4016e-05
-9.3889e-05
-9.3763e-05
-9.3636e-05
-9.3509e-05
-9.3382e-05
-9.3255e-05
-9.3127e-05
-9.3e-05
-9.2872e-05
-9.2744e-05
-9.2616e-05
-9.2488e-05
-9.236e-05
-9.2231e-05
-9.2103e-05
-9.1974e-05
-9.1845e-05
-9.1716e-05
-9.1587e-05
-9.1458e-05
-9.1328e-05
-9.1199e-05
-9.1069e-05
-9.0939e-05
-9.0809e-05
-9.0679e-05
-9.0549e-05
-9.0419e-05
-9.0289e-05
-9.0158e-05
-9.0027e-05
-8.9897e-05
-8.9766e-05
-8.9635e-05
-8.9504e-05
-8.9372e-05
-8.9241e-05
-8.911e-05
-8.8978e-05
-8.8847e-05
-8.8715e-05
-8.8583e-05
-8.8451e-05
-8.8319e-05
-8.8187e-05
-8.8055e-05
-8.7923e-05
-8.7791e-05
-8.7658e-05
-8.7526e-05
-8.7393e-05
-8.726e-05
-8.7128e-05
-8.6995e-05
-8.6862e-05
-8.6729e-05
-8.6596e-05
-8.6463e-05
-8.633e-05
-8.6197e-05
-8.6064e-05
-8.5931e-05
-8.5797e-05
-8.5664e-05
-8.553e-05
-8.5397e-05
-8.5263e-05
-8.513e-05
-8.4996e-05
-8.4863e-05
-8.4729e-05
-8.4595e-05
-8.4462e-05
-8.4328e-05
-8.4194e-05
-8.406e-05
-8.3926e-05
-8.3792e-05
-8.3658e-05
-8.3524e-05
-8.339e-05
-8.3256e-05
-8.3122e-05
-8.2988e-05
-8.2854e-05
-8.272e-05
-8.2586e-05
-8.2452e-05
-8.2317e-05
-8.2183e-05
-8.2049e-05
-8.1915e-05
-8.1781e-05
-8.1646e-05
-8.1512e-05
-8.1378e-05
-8.1244e-05
-8.111e-05
-8.0975e-05
-8.0841e-05
-8.0707e-05
-8.0572e-05
-8.0438e-05
-8.0304e-05
-8.017e-05
-8.0035e-05
-7.9901e-05
-7.9767e-05
-7.9632e-05
-7.9498e-05
-7.9364e-05
-7.923e-05
-7.9095e-05
