2.5436e-05
2.5479e-05
2.5522e-05
2.5566e-05
2.5609e-05
2.5652e-05
2.5695e-05
2.5739e-05
2.5782e-05
2.5825e-05
2.5868e-05
2.5911e-05
2.5955e-05
2.5998e-05
2.6041e-05
2.6084e-05
2.6127e-05
2.6171e-05
2.6214e-05
2.6257e-05
2.63e-05
2.6343e-05
2.6387e-05
2.643e-05
2.6473e-05
2.6516e-05
2.6559e-05
2.6603e-05
2.6646e-05
2.6689e-05
2.6732e-05
2.6775e-05
2.6818e-05
2.6861e-05
2.6905e-05
2.6948e-05
2.6991e-05
2.7034e-05
2.7077e-05
2.712e-05
2.7163e-05
2.7206e-05
2.7249e-05
2.7292e-05
2.7335e-05
2.7378e-05
2.7421e-05
2.7464e-05
2.7507e-05
2.755e-05
2.7593e-05
2.7636e-05
2.7679e-05
2.7722e-05
2.7764e-05
2.7807e-05
2.785e-05
2.7893e-05
2.7936e-05
2.7978e-05
2.8021e-05
2.8064e-05
2.8106e-05
2.8149e-05
2.8192e-05
2.8234e-05
2.8277e-05
2.832e-05
2.8362e-05
2.8405e-05
2.8447e-05
2.8489e-05
2.8532e-05
2.8574e-05
2.8617e-05
2.8659e-05
2.8701e-05
2.8743e-05
2.8786e-05
2.8828e-05
2.887e-05
2.8912e-05
2.8954e-05
2.8996e-05
2.9038e-05
2.908e-05
2.9122e-05
2.9164e-05
2.9206e-05
2.9248e-05
2.929e-05
2.9331e-05
2.9373e-05
2.9415e-05
2.9456e-05
2.9498e-05
2.9539e-05
2.9581e-05
2.9622e-05
2.9664e-05
2.9705e-05
2.9746e-05
2.9787e-05
2.9829e-05
2.987e-05
2.9911e-05
2.9952e-05
2.9993e-05
3.0034e-05
3.0075e-05
3.0116e-05
3.0156e-05
3.0197e-05
3.0238e-05
3.0278e-05
3.0319e-05
3.0359e-05
3.04e-05
3.044e-05
3.0481e-05
3.0521e-05
3.0561e-05
3.0601e-05
3.0641e-05
3.0681e-05
3.0721e-05
3.0761e-05
3.0801e-05
3.0841e-05
3.0881e-05
3.0921e-05
3.096e-05
3.1e-05
3.1039e-05
3.1079e-05
3.1118e-05
3.1157e-05
3.1197e-05
3.1236e-05
3.1275e-05
3.1314e-05
3.1353e-05
3.1392e-05
3.1431e-05
3.147e-05
3.1509e-05
3.1547e-05
3.1586e-05
3.1624e-05
3.1663e-05
3.1701e-05
3.174e-05
3.1778e-05
3.1816e-05
3.1854e-05
3.1892e-05
3.1931e-05
3.1968e-05
3.2006e-05
3.2044e-05
3.2082e-05
3.212e-05
3.2157e-05
3.2195e-05
3.2232e-05
3.227e-05
3.2307e-05
3.2345e-05
3.2382e-05
3.2419e-05
3.2456e-05
3.2493e-05
3.253e-05
3.2567e-05
3.2604e-05
3.2641e-05
3.2678e-05
3.2714e-05
3.2751e-05
3.2787e-05
3.2824e-05
3.286e-05
3.2897e-05
3.2933e-05
3.2969e-05
3.3005e-05
3.3041e-05
3.3077e-05
3.3113e-05
3.3149e-05
3.3185e-05
3.3221e-05
3.3257e-05
3.3293e-05
3.3328e-05
3.3364e-05
3.3399e-05
3.3435e-05
3.347e-05
3.3506e-05
3.3541e-05
3.3576e-05
3.3611e-05
3.3647e-05
3.3682e-05
3.3717e-05
3.3752e-05
3.3787e-05
3.3821e-05
3.3856e-05
3.3891e-05
3.3926e-05
3.3961e-05
3.3995e-05
3.403e-05
3.4064e-05
3.4099e-05
3.4133e-05
3.4168e-05
3.4202e-05
3.4237e-05
3.4271e-05
3.4305e-05
3.4339e-05
3.4374e-05
3.4408e-05
3.4442e-05
3.4476e-05
3.451e-05
3.4544e-05
3.4578e-05
3.4612e-05
3.4646e-05
3.468e-05
3.4714e-05
3.4748e-05
3.4781e-05
3.4815e-05
3.4849e-05
3.4883e-05
3.4917e-05
3.495e-05
3.4984e-05
3.5018e-05
3.5051e-05
3.5085e-05
3.5118e-05
3.5152e-05
3.5186e-05
3.5219e-05
3.5253e-05
3.5286e-05
3.532e-05
3.5353e-05
3.5387e-05
3.542e-05
3.5454e-05
3.5487e-05
3.5521e-05
3.5554e-05
3.5588e-05
3.5621e-05
3.5655e-05
3.5688e-05
3.5722e-05
3.5755e-05
3.5789e-05
3.5822e-05
3.5856e-05
3.589e-05
3.5923e-05
3.5957e-05
3.599e-05
3.6024e-05
3.6057e-05
3.6091e-05
3.6125e-05
3.6158e-05
3.6192e-05
3.6226e-05
3.626e-05
3.6293e-05
3.6327e-05
3.6361e-05
3.6395e-05
3.6429e-05
3.6463e-05
3.6497e-05
3.6531e-05
3.6565e-05
3.6599e-05
3.6633e-05
3.6667e-05
3.6701e-05
3.6735e-05
3.677e-05
3.6804e-05
3.6838e-05
3.6873e-05
3.6907e-05
3.6942e-05
3.6977e-05
3.7011e-05
3.7046e-05
3.7081e-05
3.7115e-05
3.715e-05
3.7185e-05
3.722e-05
3.7255e-05
3.7291e-05
3.7326e-05
3.7361e-05
3.7396e-05
3.7432e-05
3.7467e-05
3.7503e-05
3.7539e-05
3.7574e-05
3.761e-05
3.7646e-05
3.7682e-05
3.7718e-05
3.7754e-05
3.779e-05
3.7827e-05
3.7863e-05
3.79e-05
3.7936e-05
3.7973e-05
3.801e-05
3.8047e-05
3.8084e-05
3.8121e-05
3.8158e-05
3.8196e-05
3.8233e-05
3.827e-05
3.8308e-05
3.8346e-05
3.8384e-05
3.8422e-05
3.846e-05
3.8498e-05
3.8536e-05
3.8575e-05
3.8613e-05
3.8652e-05
3.8691e-05
3.873e-05
3.8769e-05
3.8808e-05
3.8848e-05
3.8887e-05
3.8927e-05
3.8966e-05
3.9006e-05
3.9046e-05
3.9087e-05
3.9127e-05
3.9167e-05
3.9208e-05
3.9249e-05
3.929e-05
3.9331e-05
3.9372e-05
3.9413e-05
3.9455e-05
3.9496e-05
3.9538e-05
3.958e-05
3.9622e-05
3.9665e-05
3.9707e-05
3.975e-05
3.9792e-05
3.9835e-05
3.9879e-05
3.9922e-05
3.9965e-05
4.0009e-05
4.0053e-05
4.0097e-05
4.0141e-05
4.0185e-05
4.023e-05
4.0275e-05
4.032e-05
4.0365e-05
4.041e-05
4.0456e-05
4.0501e-05
4.0547e-05
4.0593e-05
4.0639e-05
4.0686e-05
4.0732e-05
4.0779e-05
4.0826e-05
4.0874e-05
4.0921e-05
4.0969e-05
4.1017e-05
4.1065e-05
4.1113e-05
4.1161e-05
4.121e-05
4.1259e-05
4.1308e-05
4.1358e-05
4.1407e-05
4.1457e-05
4.1507e-05
4.1557e-05
4.1608e-05
4.1658e-05
4.1709e-05
4.176e-05
4.1812e-05
4.1863e-05
4.1915e-05
4.1967e-05
4.2019e-05
4.2072e-05
4.2125e-05
4.2178e-05
4.2231e-05
4.2285e-05
4.2338e-05
4.2392e-05
4.2446e-05
4.2501e-05
4.2556e-05
4.2611e-05
4.2666e-05
4.2721e-05
4.2777e-05
4.2833e-05
4.2889e-05
4.2946e-05
4.3003e-05
4.306e-05
4.3117e-05
4.3174e-05
4.3232e-05
4.329e-05
4.3349e-05
4.3407e-05
4.3466e-05
4.3525e-05
4.3585e-05
4.3644e-05
4.3704e-05
4.3764e-05
4.3825e-05
4.3886e-05
4.3947e-05
4.4008e-05
4.407e-05
4.4132e-05
4.4194e-05
4.4256e-05
4.4319e-05
4.4382e-05
4.4445e-05
4.4509e-05
4.4573e-05
4.4637e-05
4.4702e-05
4.4766e-05
4.4831e-05
4.4897e-05
4.4962e-05
4.5028e-05
4.5095e-05
4.5161e-05
4.5228e-05
4.5295e-05
4.5363e-05
4.5431e-05
4.5499e-05
4.5567e-05
4.5636e-05
4.5705e-05
4.5774e-05
4.5844e-05
4.5914e-05
4.5984e-05
4.6054e-05
4.6125e-05
4.6197e-05
4.6268e-05
4.634e-05
4.6412e-05
4.6485e-05
4.6557e-05
4.663e-05
4.6704e-05
4.6778e-05
4.6852e-05
4.6926e-05
4.7001e-05
4.7076e-05
4.7151e-05
4.7227e-05
4.7303e-05
4.738e-05
4.7456e-05
4.7533e-05
4.7611e-05
4.7688e-05
4.7766e-05
4.7845e-05
4.7924e-05
4.8003e-05
4.8082e-05
4.8162e-05
4.8242e-05
4.8322e-05
4.8403e-05
4.8484e-05
4.8566e-05
4.8648e-05
4.873e-05
4.8812e-05
4.8895e-05
4.8978e-05
4.9062e-05
4.9146e-05
4.923e-05
4.9315e-05
4.94e-05
4.9485e-05
4.9571e-05
4.9657e-05
4.9743e-05
4.983e-05
4.9917e-05
5.0004e-05
5.0092e-05
5.018e-05
5.0269e-05
5.0358e-05
5.0447e-05
5.0537e-05
5.0627e-05
5.0717e-05
5.0808e-05
5.0899e-05
5.099e-05
5.1082e-05
5.1174e-05
5.1267e-05
5.136e-05
5.1453e-05
5.1547e-05
5.1641e-05
5.1735e-05
5.183e-05
5.1925e-05
5.202e-05
5.2116e-05
5.2213e-05
5.2309e-05
5.2406e-05
5.2504e-05
5.2601e-05
5.27e-05
5.2798e-05
5.2897e-05
5.2996e-05
5.3096e-05
5.3196e-05
5.3296e-05
5.3397e-05
5.3499e-05
5.36e-05
5.3702e-05
5.3804e-05
5.3907e-05
5.401e-05
5.4114e-05
5.4218e-05
5.4322e-05
5.4427e-05
5.4532e-05
5.4637e-05
5.4743e-05
5.4849e-05
5.4956e-05
5.5063e-05
5.517e-05
5.5278e-05
5.5386e-05
5.5495e-05
5.5604e-05
5.5713e-05
5.5823e-05
5.5933e-05
5.6043e-05
5.6154e-05
5.6266e-05
5.6377e-05
5.6489e-05
5.6602e-05
5.6715e-05
5.6828e-05
5.6942e-05
5.7056e-05
5.717e-05
5.7285e-05
5.7401e-05
5.7516e-05
5.7632e-05
5.7749e-05
5.7866e-05
5.7983e-05
5.8101e-05
5.8219e-05
5.8338e-05
5.8456e-05
5.8576e-05
5.8696e-05
5.8816e-05
5.8936e-05
5.9057e-05
5.9178e-05
5.93e-05
5.9422e-05
5.9545e-05
5.9668e-05
5.9791e-05
5.9915e-05
6.0039e-05
6.0164e-05
6.0289e-05
6.0414e-05
6.054e-05
6.0666e-05
6.0793e-05
6.092e-05
6.1047e-05
6.1175e-05
6.1304e-05
6.1432e-05
6.1561e-05
6.1691e-05
6.1821e-05
6.1951e-05
6.2082e-05
6.2213e-05
6.2345e-05
6.2477e-05
6.2609e-05
6.2742e-05
6.2875e-05
6.3009e-05
6.3143e-05
6.3277e-05
6.3412e-05
6.3547e-05
6.3683e-05
6.3819e-05
6.3956e-05
6.4093e-05
6.423e-05
6.4368e-05
6.4506e-05
6.4645e-05
6.4784e-05
6.4923e-05
6.5063e-05
6.5203e-05
6.5344e-05
6.5485e-05
6.5627e-05
6.5769e-05
6.5911e-05
6.6054e-05
6.6197e-05
6.6341e-05
6.6485e-05
6.6629e-05
6.6774e-05
6.6919e-05
6.7065e-05
6.7211e-05
6.7358e-05
6.7505e-05
6.7652e-05
6.78e-05
6.7948e-05
6.8097e-05
6.8246e-05
6.8396e-05
6.8545e-05
6.8696e-05
6.8847e-05
6.8998e-05
6.9149e-05
6.9301e-05
6.9454e-05
6.9607e-05
6.976e-05
6.9914e-05
7.0068e-05
7.0222e-05
7.0377e-05
7.0533e-05
7.0688e-05
7.0845e-05
7.1001e-05
7.1158e-05
7.1316e-05
7.1474e-05
7.1632e-05
7.1791e-05
7.195e-05
7.211e-05
7.227e-05
7.243e-05
7.2591e-05
7.2752e-05
7.2914e-05
7.3076e-05
7.3239e-05
7.3402e-05
7.3565e-05
7.3729e-05
7.3893e-05
7.4058e-05
7.4223e-05
7.4388e-05
7.4554e-05
7.4721e-05
7.4888e-05
7.5055e-05
7.5222e-05
7.539e-05
7.5559e-05
7.5728e-05
7.5897e-05
7.6067e-05
7.6237e-05
7.6408e-05
7.6579e-05
7.675e-05
7.6922e-05
7.7094e-05
7.7267e-05
7.744e-05
7.7613e-05
7.7787e-05
7.7962e-05
7.8137e-05
7.8312e-05
7.8487e-05
7.8663e-05
7.884e-05
7.9017e-05
7.9194e-05
7.9372e-05
7.955e-05
7.9729e-05
7.9908e-05
8.0087e-05
8.0267e-05
8.0447e-05
8.0628e-05
8.0809e-05
8.0991e-05
8.1173e-05
8.1355e-05
8.1538e-05
8.1721e-05
8.1905e-05
8.2089e-05
8.2273e-05
8.2458e-05
8.2643e-05
8.2829e-05
8.3015e-05
8.3202e-05
8.3389e-05
8.3576e-05
8.3764e-05
8.3952e-05
8.4141e-05
8.433e-05
8.452e-05
8.4709e-05
8.49e-05
8.5091e-05
8.5282e-05
8.5473e-05
8.5665e-05
8.5858e-05
8.6051e-05
8.6244e-05
8.6438e-05
8.6632e-05
8.6826e-05
8.7021e-05
8.7217e-05
8.7412e-05
8.7608e-05
8.7805e-05
8.8002e-05
8.82e-05
8.8397e-05
8.8596e-05
8.8794e-05
8.8993e-05
8.9193e-05
8.9393e-05
8.9593e-05
8.9794e-05
8.9995e-05
9.0197e-05
9.0399e-05
9.0601e-05
9.0804e-05
9.1007e-05
9.1211e-05
9.1415e-05
9.1619e-05
9.1824e-05
9.203e-05
9.2235e-05
9.2441e-05
9.2648e-05
9.2855e-05
9.3062e-05
9.327e-05
9.3478e-05
9.3687e-05
9.3896e-05
9.4105e-05
9.4315e-05
9.4525e-05
9.4736e-05
9.4947e-05
9.5158e-05
9.537e-05
9.5582e-05
9.5795e-05
9.6008e-05
9.6222e-05
9.6435e-05
9.665e-05
9.6864e-05
9.708e-05
9.7295e-05
9.7511e-05
9.7727e-05
9.7944e-05
9.8161e-05
9.8379e-05
9.8597e-05
9.8815e-05
9.9034e-05
9.9253e-05
9.9472e-05
9.9692e-05
9.9913e-05
0.00010013
0.00010035
0.00010058
0.0001008
0.00010102
0.00010124
0.00010147
0.00010169
0.00010191
0.00010214
0.00010236
0.00010259
0.00010281
0.00010304
0.00010327
0.00010349
0.00010372
0.00010395
0.00010418
0.0001044
0.00010463
0.00010486
0.00010509
0.00010532
0.00010555
0.00010578
0.00010601
0.00010624
0.00010648
0.00010671
0.00010694
0.00010717
0.00010741
0.00010764
0.00010788
0.00010811
0.00010834
0.00010858
0.00010882
0.00010905
0.00010929
0.00010953
0.00010976
0.00011
0.00011024
0.00011048
0.00011072
0.00011095
0.00011119
0.00011143
0.00011167
0.00011192
0.00011216
0.0001124
0.00011264
0.00011288
0.00011312
0.00011337
0.00011361
0.00011385
0.0001141
0.00011434
0.00011459
0.00011483
0.00011508
0.00011532
0.00011557
0.00011582
0.00011606
0.00011631
0.00011656
0.00011681
0.00011706
0.00011731
0.00011755
0.0001178
0.00011805
0.0001183
0.00011856
0.00011881
0.00011906
0.00011931
0.00011956
0.00011981
0.00012007
0.00012032
0.00012057
0.00012083
0.00012108
0.00012134
0.00012159
0.00012185
0.0001221
0.00012236
0.00012262
0.00012287
0.00012313
0.00012339
0.00012365
0.0001239
0.00012416
0.00012442
0.00012468
0.00012494
0.0001252
0.00012546
0.00012572
0.00012598
0.00012624
0.00012651
0.00012677
0.00012703
0.00012729
0.00012756
0.00012782
0.00012808
0.00012835
0.00012861
0.00012888
0.00012914
0.00012941
0.00012967
0.00012994
0.00013021
0.00013047
0.00013074
0.00013101
0.00013128
0.00013154
0.00013181
0.00013208
0.00013235
0.00013262
0.00013289
0.00013316
0.00013343
0.0001337
0.00013397
0.00013424
0.00013451
0.00013479
0.00013506
0.00013533
0.0001356
0.00013588
0.00013615
0.00013642
0.0001367
0.00013697
0.00013725
0.00013752
0.0001378
0.00013807
0.00013835
0.00013863
0.0001389
0.00013918
0.00013946
0.00013973
0.00014001
0.00014029
0.00014057
0.00014085
0.00014113
0.00014141
0.00014169
0.00014197
0.00014225
0.00014253
0.00014281
0.00014309
0.00014337
0.00014365
0.00014393
0.00014421
0.0001445
0.00014478
0.00014506
0.00014535
0.00014563
0.00014591
0.0001462
0.00014648
0.00014677
0.00014705
0.00014734
0.00014762
0.00014791
0.00014819
0.00014848
0.00014877
0.00014905
0.00014934
0.00014963
0.00014992
0.0001502
0.00015049
0.00015078
0.00015107
0.00015136
0.00015165
0.00015194
0.00015222
0.00015251
0.0001528
0.00015309
0.00015339
0.00015368
0.00015397
0.00015426
0.00015455
0.00015484
0.00015513
0.00015543
0.00015572
0.00015601
0.0001563
0.0001566
0.00015689
0.00015718
0.00015748
0.00015777
0.00015807
0.00015836
0.00015865
0.00015895
0.00015924
0.00015954
0.00015984
0.00016013
0.00016043
0.00016072
0.00016102
0.00016132
0.00016161
0.00016191
0.00016221
0.0001625
0.0001628
0.0001631
0.0001634
0.0001637
0.00016399
0.00016429
0.00016459
0.00016489
0.00016519
0.00016549
0.00016579
0.00016609
0.00016639
0.00016669
0.00016699
0.00016729
0.00016759
0.00016789
0.00016819
0.00016849
0.00016879
0.00016909
0.00016939
0.0001697
0.00017
0.0001703
0.0001706
0.0001709
0.00017121
0.00017151
0.00017181
0.00017211
0.00017242
0.00017272
0.00017302
0.00017333
0.00017363
0.00017393
0.00017424
0.00017454
0.00017484
0.00017515
0.00017545
0.00017576
0.00017606
0.00017637
0.00017667
0.00017698
0.00017728
0.00017759
0.00017789
0.0001782
0.0001785
0.00017881
0.00017911
0.00017942
0.00017972
0.00018003
0.00018034
0.00018064
0.00018095
0.00018125
0.00018156
0.00018187
0.00018217
0.00018248
0.00018279
0.00018309
0.0001834
0.00018371
0.00018401
0.00018432
0.00018463
0.00018493
0.00018524
0.00018555
0.00018585
0.00018616
0.00018647
0.00018678
0.00018708
0.00018739
0.0001877
0.00018801
0.00018831
0.00018862
0.00018893
0.00018924
0.00018954
0.00018985
0.00019016
0.00019047
0.00019078
0.00019108
0.00019139
0.0001917
0.00019201
0.00019231
0.00019262
0.00019293
0.00019324
0.00019355
0.00019385
0.00019416
0.00019447
0.00019478
0.00019508
0.00019539
0.0001957
0.00019601
0.00019632
0.00019662
0.00019693
0.00019724
0.00019755
0.00019785
0.00019816
0.00019847
0.00019878
0.00019908
0.00019939
0.0001997
0.0002
0.00020031
0.00020062
0.00020093
0.00020123
0.00020154
0.00020185
0.00020215
0.00020246
0.00020277
0.00020307
0.00020338
0.00020369
0.00020399
0.0002043
0.0002046
0.00020491
0.00020522
0.00020552
0.00020583
0.00020613
0.00020644
0.00020674
0.00020705
0.00020735
0.00020766
0.00020796
0.00020827
0.00020857
0.00020888
0.00020918
0.00020949
0.00020979
0.00021009
0.0002104
0.0002107
0.000211
0.00021131
0.00021161
0.00021191
0.00021222
0.00021252
0.00021282
0.00021312
0.00021343
0.00021373
0.00021403
0.00021433
0.00021463
0.00021494
0.00021524
0.00021554
0.00021584
0.00021614
0.00021644
0.00021674
0.00021704
0.00021734
0.00021764
0.00021794
0.00021824
0.00021853
0.00021883
0.00021913
0.00021943
0.00021973
0.00022003
0.00022032
0.00022062
0.00022092
0.00022121
0.00022151
0.00022181
0.0002221
0.0002224
0.00022269
0.00022299
0.00022328
0.00022358
0.00022387
0.00022417
0.00022446
0.00022475
0.00022505
0.00022534
0.00022563
0.00022592
0.00022622
0.00022651
0.0002268
0.00022709
0.00022738
0.00022767
0.00022796
0.00022825
0.00022854
0.00022883
0.00022912
0.00022941
0.0002297
0.00022998
0.00023027
0.00023056
0.00023085
0.00023113
0.00023142
0.0002317
0.00023199
0.00023227
0.00023256
0.00023284
0.00023313
0.00023341
0.00023369
0.00023398
0.00023426
0.00023454
0.00023482
0.0002351
0.00023538
0.00023566
0.00023594
0.00023622
0.0002365
0.00023678
0.00023706
0.00023734
0.00023762
0.00023789
0.00023817
0.00023845
0.00023872
0.000239
0.00023927
0.00023955
0.00023982
0.00024009
0.00024037
0.00024064
0.00024091
0.00024118
0.00024145
0.00024172
0.00024199
0.00024226
0.00024253
0.0002428
0.00024307
0.00024334
0.0002436
0.00024387
0.00024414
0.0002444
0.00024467
0.00024493
0.0002452
0.00024546
0.00024572
0.00024599
0.00024625
0.00024651
0.00024677
0.00024703
0.00024729
0.00024755
0.00024781
0.00024807
0.00024832
0.00024858
0.00024884
0.00024909
0.00024935
0.0002496
0.00024986
0.00025011
0.00025036
0.00025062
0.00025087
0.00025112
0.00025137
0.00025162
0.00025187
0.00025212
0.00025237
0.00025261
0.00025286
0.00025311
0.00025335
0.0002536
0.00025384
0.00025408
0.00025433
0.00025457
0.00025481
0.00025505
0.00025529
0.00025553
0.00025577
0.00025601
0.00025625
0.00025649
0.00025672
0.00025696
0.00025719
0.00025743
0.00025766
0.00025789
0.00025813
0.00025836
0.00025859
0.00025882
0.00025905
0.00025928
0.00025951
0.00025973
0.00025996
0.00026018
0.00026041
0.00026063
0.00026086
0.00026108
0.0002613
0.00026152
0.00026174
0.00026196
0.00026218
0.0002624
0.00026262
0.00026284
0.00026305
0.00026327
0.00026348
0.0002637
0.00026391
0.00026412
0.00026433
0.00026454
0.00026475
0.00026496
0.00026517
0.00026538
0.00026558
0.00026579
0.00026599
0.0002662
0.0002664
0.0002666
0.0002668
0.000267
0.0002672
0.0002674
0.0002676
0.0002678
0.000268
0.00026819
0.00026839
0.00026858
0.00026877
0.00026896
0.00026916
0.00026935
0.00026954
0.00026972
0.00026991
0.0002701
0.00027028
0.00027047
0.00027065
0.00027084
0.00027102
0.0002712
0.00027138
0.00027156
0.00027174
0.00027192
0.00027209
0.00027227
0.00027244
0.00027262
0.00027279
0.00027296
0.00027313
0.0002733
0.00027347
0.00027364
0.00027381
0.00027397
0.00027414
0.0002743
0.00027447
0.00027463
0.00027479
0.00027495
0.00027511
0.00027527
0.00027543
0.00027558
0.00027574
0.00027589
0.00027604
0.0002762
0.00027635
0.0002765
0.00027665
0.0002768
0.00027694
0.00027709
0.00027724
0.00027738
0.00027752
0.00027766
0.00027781
0.00027795
0.00027808
0.00027822
0.00027836
0.0002785
0.00027863
0.00027876
0.0002789
0.00027903
0.00027916
0.00027929
0.00027942
0.00027954
0.00027967
0.00027979
0.00027992
0.00028004
0.00028016
0.00028028
0.0002804
0.00028052
0.00028064
0.00028075
0.00028087
0.00028098
0.0002811
0.00028121
0.00028132
0.00028143
0.00028154
0.00028164
0.00028175
0.00028185
0.00028196
0.00028206
0.00028216
0.00028226
0.00028236
0.00028246
0.00028256
0.00028265
0.00028275
0.00028284
0.00028293
0.00028302
0.00028311
0.0002832
0.00028329
0.00028337
0.00028346
0.00028354
0.00028363
0.00028371
0.00028379
0.00028387
0.00028394
0.00028402
0.0002841
0.00028417
0.00028424
0.00028432
0.00028439
0.00028446
0.00028452
0.00028459
0.00028466
0.00028472
0.00028478
0.00028485
0.00028491
0.00028497
0.00028502
0.00028508
0.00028514
0.00028519
0.00028524
0.0002853
0.00028535
0.0002854
0.00028544
0.00028549
0.00028554
0.00028558
0.00028562
0.00028567
0.00028571
0.00028575
0.00028578
0.00028582
0.00028586
0.00028589
0.00028592
0.00028595
0.00028599
0.00028601
0.00028604
0.00028607
0.00028609
0.00028612
0.00028614
0.00028616
0.00028618
0.0002862
0.00028622
0.00028623
0.00028625
0.00028626
0.00028627
0.00028628
0.00028629
0.0002863
0.00028631
0.00028631
0.00028632
0.00028632
0.00028632
0.00028632
0.00028632
0.00028632
0.00028631
0.00028631
0.0002863
0.00028629
0.00028628
0.00028627
0.00028626
0.00028625
0.00028623
0.00028621
0.0002862
0.00028618
0.00028616
0.00028614
0.00028611
0.00028609
0.00028606
0.00028604
0.00028601
0.00028598
0.00028595
0.00028591
0.00028588
0.00028584
0.00028581
0.00028577
0.00028573
0.00028569
0.00028565
0.0002856
0.00028556
0.00028551
0.00028546
0.00028541
0.00028536
0.00028531
0.00028526
0.0002852
0.00028515
0.00028509
0.00028503
0.00028497
0.00028491
0.00028484
0.00028478
0.00028471
0.00028465
0.00028458
0.00028451
0.00028443
0.00028436
0.00028429
0.00028421
0.00028413
0.00028405
0.00028397
0.00028389
0.00028381
0.00028373
0.00028364
0.00028355
0.00028346
0.00028337
0.00028328
0.00028319
0.00028309
0.000283
0.0002829
0.0002828
0.0002827
0.0002826
0.0002825
0.00028239
0.00028229
0.00028218
0.00028207
0.00028196
0.00028185
0.00028174
0.00028162
0.00028151
0.00028139
0.00028127
0.00028115
0.00028103
0.00028091
0.00028078
0.00028066
0.00028053
0.0002804
0.00028027
0.00028014
0.00028
0.00027987
0.00027973
0.0002796
0.00027946
0.00027932
0.00027918
0.00027903
0.00027889
0.00027874
0.0002786
0.00027845
0.0002783
0.00027814
0.00027799
0.00027784
0.00027768
0.00027752
0.00027736
0.0002772
0.00027704
0.00027688
0.00027671
0.00027655
0.00027638
0.00027621
0.00027604
0.00027587
0.0002757
0.00027552
0.00027535
0.00027517
0.00027499
0.00027481
0.00027463
0.00027444
0.00027426
0.00027407
0.00027389
0.0002737
0.00027351
0.00027331
0.00027312
0.00027293
0.00027273
0.00027253
0.00027233
0.00027213
0.00027193
0.00027173
0.00027152
0.00027132
0.00027111
0.0002709
0.00027069
0.00027048
0.00027027
0.00027005
0.00026984
0.00026962
0.0002694
0.00026918
0.00026896
0.00026874
0.00026851
0.00026829
0.00026806
0.00026783
0.0002676
0.00026737
0.00026714
0.0002669
0.00026667
0.00026643
0.00026619
0.00026595
0.00026571
0.00026547
0.00026522
0.00026498
0.00026473
0.00026448
0.00026423
0.00026398
0.00026373
0.00026348
0.00026322
0.00026296
0.00026271
0.00026245
0.00026219
0.00026192
0.00026166
0.0002614
0.00026113
0.00026086
0.00026059
0.00026032
0.00026005
0.00025978
0.0002595
0.00025923
0.00025895
0.00025867
0.00025839
0.00025811
0.00025783
0.00025755
0.00025726
0.00025698
0.00025669
0.0002564
0.00025611
0.00025582
0.00025552
0.00025523
0.00025493
0.00025464
0.00025434
0.00025404
0.00025374
0.00025343
0.00025313
0.00025283
0.00025252
0.00025221
0.0002519
0.00025159
0.00025128
0.00025097
0.00025065
0.00025034
0.00025002
0.0002497
0.00024939
0.00024906
0.00024874
0.00024842
0.0002481
0.00024777
0.00024744
0.00024711
0.00024679
0.00024645
0.00024612
0.00024579
0.00024545
0.00024512
0.00024478
0.00024444
0.0002441
0.00024376
0.00024342
0.00024308
0.00024273
0.00024239
0.00024204
0.00024169
0.00024134
0.00024099
0.00024064
0.00024029
0.00023993
0.00023958
0.00023922
0.00023886
0.0002385
0.00023814
0.00023778
0.00023742
0.00023706
0.00023669
0.00023632
0.00023596
0.00023559
0.00023522
0.00023485
0.00023447
0.0002341
0.00023373
0.00023335
0.00023297
0.0002326
0.00023222
0.00023184
0.00023146
0.00023107
0.00023069
0.0002303
0.00022992
0.00022953
0.00022914
0.00022875
0.00022836
0.00022797
0.00022758
0.00022719
0.00022679
0.00022639
0.000226
0.0002256
0.0002252
0.0002248
0.0002244
0.000224
0.00022359
0.00022319
0.00022278
0.00022237
0.00022197
0.00022156
0.00022115
0.00022074
0.00022032
0.00021991
0.0002195
0.00021908
0.00021867
0.00021825
0.00021783
0.00021741
0.00021699
0.00021657
0.00021615
0.00021572
0.0002153
0.00021487
0.00021445
0.00021402
0.00021359
0.00021316
0.00021273
0.0002123
0.00021187
0.00021144
0.000211
0.00021057
0.00021013
0.00020969
0.00020925
0.00020882
0.00020838
0.00020794
0.00020749
0.00020705
0.00020661
0.00020616
0.00020572
0.00020527
0.00020482
0.00020438
0.00020393
0.00020348
0.00020303
0.00020257
0.00020212
0.00020167
0.00020121
0.00020076
0.0002003
0.00019985
0.00019939
0.00019893
0.00019847
0.00019801
0.00019755
0.00019709
0.00019662
0.00019616
0.0001957
0.00019523
0.00019476
0.0001943
0.00019383
0.00019336
0.00019289
0.00019242
0.00019195
0.00019148
0.00019101
0.00019053
0.00019006
0.00018958
0.00018911
0.00018863
0.00018816
0.00018768
0.0001872
0.00018672
0.00018624
0.00018576
0.00018528
0.0001848
0.00018431
0.00018383
0.00018335
0.00018286
0.00018238
0.00018189
0.0001814
0.00018091
0.00018043
0.00017994
0.00017945
0.00017896
0.00017847
0.00017797
0.00017748
0.00017699
0.0001765
0.000176
0.00017551
0.00017501
0.00017452
0.00017402
0.00017352
0.00017302
0.00017252
0.00017203
0.00017153
0.00017103
0.00017052
0.00017002
0.00016952
0.00016902
0.00016852
0.00016801
0.00016751
0.000167
0.0001665
0.00016599
0.00016549
0.00016498
0.00016447
0.00016396
0.00016345
0.00016295
0.00016244
0.00016193
0.00016142
0.0001609
0.00016039
0.00015988
0.00015937
0.00015886
0.00015834
0.00015783
0.00015732
0.0001568
0.00015629
0.00015577
0.00015525
0.00015474
0.00015422
0.0001537
0.00015319
0.00015267
0.00015215
0.00015163
0.00015111
0.00015059
0.00015007
0.00014955
0.00014903
0.00014851
0.00014799
0.00014747
0.00014694
0.00014642
0.0001459
0.00014538
0.00014485
0.00014433
0.0001438
0.00014328
0.00014275
0.00014223
0.0001417
0.00014118
0.00014065
0.00014013
0.0001396
0.00013907
0.00013855
0.00013802
0.00013749
0.00013696
0.00013643
0.00013591
0.00013538
0.00013485
0.00013432
0.00013379
0.00013326
0.00013273
0.0001322
0.00013167
0.00013114
0.00013061
0.00013008
0.00012955
0.00012902
0.00012849
0.00012795
0.00012742
0.00012689
0.00012636
0.00012583
0.00012529
0.00012476
0.00012423
0.0001237
0.00012316
0.00012263
0.0001221
0.00012156
0.00012103
0.0001205
0.00011996
0.00011943
0.0001189
0.00011836
0.00011783
0.0001173
0.00011676
0.00011623
0.00011569
0.00011516
0.00011463
0.00011409
0.00011356
0.00011302
0.00011249
0.00011196
0.00011142
0.00011089
0.00011035
0.00010982
0.00010928
0.00010875
0.00010822
0.00010768
0.00010715
0.00010661
0.00010608
0.00010555
0.00010501
0.00010448
0.00010394
0.00010341
0.00010288
0.00010234
0.00010181
0.00010128
0.00010074
0.00010021
9.9676e-05
9.9143e-05
9.861e-05
9.8077e-05
9.7544e-05
9.7011e-05
9.6479e-05
9.5946e-05
9.5414e-05
9.4882e-05
9.435e-05
9.3818e-05
9.3286e-05
9.2755e-05
9.2223e-05
9.1692e-05
9.1161e-05
9.063e-05
9.01e-05
8.9569e-05
8.9039e-05
8.8509e-05
8.7979e-05
8.7449e-05
8.692e-05
8.6391e-05
8.5862e-05
8.5333e-05
8.4804e-05
8.4276e-05
8.3748e-05
8.322e-05
8.2693e-05
8.2165e-05
8.1638e-05
8.1111e-05
8.0585e-05
8.0059e-05
7.9533e-05
7.9007e-05
7.8482e-05
7.7957e-05
7.7432e-05
7.6907e-05
7.6383e-05
7.5859e-05
7.5336e-05
7.4812e-05
7.4289e-05
7.3767e-05
7.3245e-05
7.2723e-05
7.2201e-05
7.168e-05
7.1159e-05
7.0638e-05
7.0118e-05
6.9598e-05
6.9079e-05
6.856e-05
6.8041e-05
6.7523e-05
6.7005e-05
6.6488e-05
6.5971e-05
6.5454e-05
6.4938e-05
6.4422e-05
6.3906e-05
6.3391e-05
6.2876e-05
6.2362e-05
6.1849e-05
6.1335e-05
6.0822e-05
6.031e-05
5.9798e-05
5.9286e-05
5.8775e-05
5.8265e-05
5.7754e-05
5.7245e-05
5.6736e-05
5.6227e-05
5.5719e-05
5.5211e-05
5.4704e-05
5.4197e-05
5.369e-05
5.3185e-05
5.2679e-05
5.2175e-05
5.167e-05
5.1167e-05
5.0664e-05
5.0161e-05
4.9659e-05
4.9157e-05
4.8656e-05
4.8156e-05
4.7656e-05
4.7156e-05
4.6658e-05
4.6159e-05
4.5662e-05
4.5164e-05
4.4668e-05
4.4172e-05
4.3676e-05
4.3182e-05
4.2687e-05
4.2194e-05
4.1701e-05
4.1208e-05
4.0716e-05
4.0225e-05
3.9735e-05
3.9245e-05
3.8755e-05
3.8267e-05
3.7778e-05
3.7291e-05
3.6804e-05
3.6318e-05
3.5832e-05
3.5347e-05
3.4863e-05
3.4379e-05
3.3896e-05
3.3414e-05
3.2932e-05
3.2452e-05
3.1971e-05
3.1492e-05
3.1013e-05
3.0534e-05
3.0057e-05
2.958e-05
2.9104e-05
2.8628e-05
2.8153e-05
2.7679e-05
2.7206e-05
2.6733e-05
2.6261e-05
2.579e-05
2.5319e-05
2.485e-05
2.4381e-05
2.3912e-05
2.3445e-05
2.2978e-05
2.2512e-05
2.2046e-05
2.1582e-05
2.1118e-05
2.0655e-05
2.0192e-05
1.9731e-05
1.927e-05
1.881e-05
1.835e-05
1.7892e-05
1.7434e-05
1.6977e-05
1.6521e-05
1.6065e-05
1.5611e-05
1.5157e-05
1.4704e-05
1.4252e-05
1.38e-05
1.335e-05
1.29e-05
1.2451e-05
1.2003e-05
1.1555e-05
1.1109e-05
1.0663e-05
1.0218e-05
9.774e-06
9.3307e-06
8.8883e-06
8.4467e-06
8.006e-06
7.5661e-06
7.127e-06
6.6888e-06
6.2515e-06
5.815e-06
5.3793e-06
4.9446e-06
4.5106e-06
4.0776e-06
3.6454e-06
3.2141e-06
2.7836e-06
2.3541e-06
1.9254e-06
1.4975e-06
1.0706e-06
6.4457e-07
2.1942e-07
-2.0485e-07
-6.2822e-07
-1.0507e-06
-1.4723e-06
-1.8929e-06
-2.3127e-06
-2.7316e-06
-3.1495e-06
-3.5666e-06
-3.9827e-06
-4.3979e-06
-4.8122e-06
-5.2256e-06
-5.6381e-06
-6.0496e-06
-6.4602e-06
-6.8699e-06
-7.2786e-06
-7.6864e-06
-8.0933e-06
-8.4993e-06
-8.9043e-06
-9.3083e-06
-9.7114e-06
-1.0114e-05
-1.0515e-05
-1.0915e-05
-1.1314e-05
-1.1713e-05
-1.211e-05
-1.2507e-05
-1.2902e-05
-1.3297e-05
-1.369e-05
-1.4083e-05
-1.4474e-05
-1.4865e-05
-1.5255e-05
-1.5643e-05
-1.6031e-05
-1.6418e-05
-1.6803e-05
-1.7188e-05
-1.7572e-05
-1.7955e-05
-1.8337e-05
-1.8717e-05
-1.9097e-05
-1.9476e-05
-1.9854e-05
-2.0231e-05
-2.0606e-05
-2.0981e-05
-2.1355e-05
-2.1728e-05
-2.21e-05
-2.2471e-05
-2.284e-05
-2.3209e-05
-2.3577e-05
-2.3944e-05
-2.431e-05
-2.4674e-05
-2.5038e-05
-2.5401e-05
-2.5762e-05
-2.6123e-05
-2.6483e-05
-2.6841e-05
-2.7199e-05
-2.7555e-05
-2.7911e-05
-2.8265e-05
-2.8619e-05
-2.8971e-05
-2.9323e-05
-2.9673e-05
-3.0022e-05
-3.0371e-05
-3.0718e-05
-3.1064e-05
-3.1409e-05
-3.1753e-05
-3.2096e-05
-3.2438e-05
-3.2779e-05
-3.3119e-05
-3.3458e-05
-3.3796e-05
-3.4133e-05
-3.4468e-05
-3.4803e-05
-3.5137e-05
-3.5469e-05
-3.5801e-05
-3.6131e-05
-3.6461e-05
-3.6789e-05
-3.7116e-05
-3.7442e-05
-3.7768e-05
-3.8092e-05
-3.8415e-05
-3.8737e-05
-3.9057e-05
-3.9377e-05
-3.9696e-05
-4.0014e-05
-4.033e-05
-4.0646e-05
-4.096e-05
-4.1274e-05
-4.1586e-05
-4.1897e-05
-4.2207e-05
-4.2516e-05
-4.2825e-05
-4.3131e-05
-4.3437e-05
-4.3742e-05
-4.4046e-05
-4.4349e-05
-4.465e-05
-4.4951e-05
-4.525e-05
-4.5548e-05
-4.5846e-05
-4.6142e-05
-4.6437e-05
-4.6731e-05
-4.7024e-05
-4.7316e-05
-4.7606e-05
-4.7896e-05
-4.8185e-05
-4.8472e-05
-4.8759e-05
-4.9044e-05
-4.9328e-05
-4.9611e-05
-4.9893e-05
-5.0174e-05
-5.0454e-05
-5.0733e-05
-5.1011e-05
-5.1288e-05
-5.1563e-05
-5.1838e-05
-5.2111e-05
-5.2383e-05
-5.2655e-05
-5.2925e-05
-5.3194e-05
-5.3462e-05
-5.3729e-05
-5.3994e-05
-5.4259e-05
-5.4523e-05
-5.4785e-05
-5.5047e-05
-5.5307e-05
-5.5566e-05
-5.5824e-05
-5.6081e-05
-5.6337e-05
-5.6592e-05
-5.6846e-05
-5.7099e-05
-5.735e-05
-5.7601e-05
-5.7851e-05
-5.8099e-05
-5.8346e-05
-5.8592e-05
-5.8838e-05
-5.9082e-05
-5.9325e-05
-5.9566e-05
-5.9807e-05
-6.0047e-05
-6.0286e-05
-6.0523e-05
-6.076e-05
-6.0995e-05
-6.1229e-05
-6.1462e-05
-6.1695e-05
-6.1926e-05
-6.2156e-05
-6.2384e-05
-6.2612e-05
-6.2839e-05
-6.3065e-05
-6.3289e-05
-6.3513e-05
-6.3735e-05
-6.3956e-05
-6.4177e-05
-6.4396e-05
-6.4614e-05
-6.4831e-05
-6.5047e-05
-6.5262e-05
-6.5476e-05
-6.5688e-05
-6.59e-05
-6.6111e-05
-6.632e-05
-6.6529e-05
-6.6736e-05
-6.6942e-05
-6.7148e-05
-6.7352e-05
-6.7555e-05
-6.7757e-05
-6.7958e-05
-6.8158e-05
-6.8357e-05
-6.8554e-05
-6.8751e-05
-6.8947e-05
-6.9141e-05
-6.9335e-05
-6.9528e-05
-6.9719e-05
-6.9909e-05
-7.0099e-05
-7.0287e-05
-7.0474e-05
-7.066e-05
-7.0845e-05
-7.103e-05
-7.1213e-05
-7.1395e-05
-7.1575e-05
-7.1755e-05
-7.1934e-05
-7.2112e-05
-7.2289e-05
-7.2464e-05
-7.2639e-05
-7.2813e-05
-7.2985e-05
-7.3157e-05
-7.3327e-05
-7.3497e-05
-7.3665e-05
-7.3833e-05
-7.3999e-05
-7.4164e-05
-7.4329e-05
-7.4492e-05
-7.4654e-05
-7.4816e-05
-7.4976e-05
-7.5135e-05
-7.5293e-05
-7.545e-05
-7.5606e-05
-7.5762e-05
-7.5916e-05
-7.6069e-05
-7.6221e-05
-7.6372e-05
-7.6522e-05
-7.6671e-05
-7.6819e-05
-7.6966e-05
-7.7112e-05
-7.7257e-05
-7.7401e-05
-7.7544e-05
-7.7686e-05
-7.7827e-05
-7.7967e-05
-7.8106e-05
-7.8244e-05
-7.8381e-05
-7.8517e-05
-7.8652e-05
-7.8786e-05
-7.8919e-05
-7.9051e-05
-7.9182e-05
-7.9312e-05
-7.9441e-05
-7.957e-05
-7.9697e-05
-7.9823e-05
-7.9948e-05
-8.0072e-05
-8.0196e-05
-8.0318e-05
-8.0439e-05
-8.056e-05
-8.0679e-05
-8.0797e-05
-8.0915e-05
-8.1031e-05
-8.1147e-05
-8.1261e-05
-8.1375e-05
-8.1488e-05
-8.1599e-05
-8.171e-05
-8.182e-05
-8.1929e-05
-8.2037e-05
-8.2144e-05
-8.225e-05
-8.2355e-05
-8.2459e-05
-8.2562e-05
-8.2665e-05
-8.2766e-05
-8.2867e-05
-8.2966e-05
-8.3065e-05
-8.3162e-05
-8.3259e-05
-8.3355e-05
-8.345e-05
-8.3544e-05
-8.3637e-05
-8.3729e-05
-8.382e-05
-8.391e-05
-8.4e-05
-8.4088e-05
-8.4176e-05
-8.4262e-05
-8.4348e-05
-8.4433e-05
-8.4517e-05
-8.46e-05
-8.4682e-05
-8.4764e-05
-8.4844e-05
-8.4924e-05
-8.5002e-05
-8.508e-05
-8.5157e-05
-8.5233e-05
-8.5308e-05
-8.5382e-05
-8.5455e-05
-8.5528e-05
-8.56e-05
-8.567e-05
-8.574e-05
-8.5809e-05
-8.5877e-05
-8.5945e-05
-8.6011e-05
-8.6077e-05
-8.6141e-05
-8.6205e-05
-8.6268e-05
-8.633e-05
-8.6392e-05
-8.6452e-05
-8.6512e-05
-8.6571e-05
-8.6629e-05
-8.6686e-05
-8.6742e-05
-8.6797e-05
-8.6852e-05
-8.6906e-05
-8.6959e-05
-8.7011e-05
-8.7062e-05
-8.7113e-05
-8.7163e-05
-8.7211e-05
-8.7259e-05
-8.7307e-05
-8.7353e-05
-8.7399e-05
-8.7444e-05
-8.7488e-05
-8.7531e-05
-8.7573e-05
-8.7615e-05
-8.7656e-05
-8.7696e-05
-8.7735e-05
-8.7774e-05
-8.7811e-05
-8.7848e-05
-8.7884e-05
-8.792e-05
-8.7954e-05
-8.7988e-05
-8.8021e-05
-8.8053e-05
-8.8085e-05
-8.8116e-05
-8.8146e-05
-8.8175e-05
-8.8203e-05
-8.8231e-05
-8.8258e-05
-8.8284e-05
-8.831e-05
-8.8334e-05
-8.8358e-05
-8.8381e-05
-8.8404e-05
-8.8426e-05
-8.8447e-05
-8.8467e-05
-8.8486e-05
-8.8505e-05
-8.8523e-05
-8.8541e-05
-8.8557e-05
-8.8573e-05
-8.8588e-05
-8.8603e-05
-8.8617e-05
-8.863e-05
-8.8642e-05
-8.8654e-05
-8.8665e-05
-8.8675e-05
-8.8684e-05
-8.8693e-05
-8.8701e-05
-8.8709e-05
-8.8716e-05
-8.8722e-05
-8.8727e-05
-8.8732e-05
-8.8736e-05
-8.8739e-05
-8.8742e-05
-8.8744e-05
-8.8745e-05
-8.8746e-05
-8.8746e-05
-8.8745e-05
-8.8744e-05
-8.8742e-05
-8.8739e-05
-8.8736e-05
-8.8732e-05
-8.8727e-05
-8.8722e-05
-8.8716e-05
-8.8709e-05
-8.8702e-05
-8.8694e-05
-8.8686e-05
-8.8677e-05
-8.8667e-05
-8.8657e-05
-8.8646e-05
-8.8634e-05
-8.8622e-05
-8.8609e-05
-8.8595e-05
-8.8581e-05
-8.8567e-05
-8.8551e-05
-8.8535e-05
-8.8519e-05
-8.8502e-05
-8.8484e-05
-8.8466e-05
-8.8447e-05
-8.8427e-05
-8.8407e-05
-8.8386e-05
-8.8365e-05
-8.8343e-05
-8.832e-05
-8.8297e-05
-8.8274e-05
-8.825e-05
-8.8225e-05
-8.8199e-05
-8.8173e-05
-8.8147e-05
-8.812e-05
-8.8092e-05
-8.8064e-05
-8.8035e-05
-8.8006e-05
-8.7976e-05
-8.7946e-05
-8.7915e-05
-8.7883e-05
-8.7851e-05
-8.7819e-05
-8.7785e-05
-8.7752e-05
-8.7718e-05
-8.7683e-05
-8.7648e-05
-8.7612e-05
-8.7575e-05
-8.7539e-05
-8.7501e-05
-8.7463e-05
-8.7425e-05
-8.7386e-05
-8.7347e-05
-8.7307e-05
-8.7266e-05
-8.7225e-05
-8.7184e-05
-8.7142e-05
-8.7099e-05
-8.7056e-05
-8.7013e-05
-8.6969e-05
-8.6925e-05
-8.688e-05
-8.6834e-05
-8.6788e-05
-8.6742e-05
-8.6695e-05
-8.6648e-05
-8.66e-05
-8.6552e-05
-8.6503e-05
-8.6454e-05
-8.6404e-05
-8.6354e-05
-8.6304e-05
-8.6252e-05
-8.6201e-05
-8.6149e-05
-8.6097e-05
-8.6044e-05
-8.599e-05
-8.5937e-05
-8.5883e-05
-8.5828e-05
-8.5773e-05
-8.5717e-05
-8.5661e-05
-8.5605e-05
-8.5548e-05
-8.5491e-05
-8.5433e-05
-8.5375e-05
-8.5317e-05
-8.5258e-05
-8.5199e-05
-8.5139e-05
-8.5079e-05
-8.5018e-05
-8.4957e-05
-8.4896e-05
-8.4834e-05
-8.4772e-05
-8.4709e-05
-8.4646e-05
-8.4583e-05
-8.4519e-05
-8.4455e-05
-8.4391e-05
-8.4326e-05
-8.426e-05
-8.4195e-05
-8.4129e-05
-8.4062e-05
-8.3995e-05
-8.3928e-05
-8.3861e-05
-8.3793e-05
-8.3725e-05
-8.3656e-05
-8.3587e-05
-8.3517e-05
-8.3448e-05
-8.3378e-05
-8.3307e-05
-8.3236e-05
-8.3165e-05
-8.3094e-05
-8.3022e-05
-8.295e-05
-8.2877e-05
-8.2804e-05
-8.2731e-05
-8.2658e-05
-8.2584e-05
-8.251e-05
-8.2435e-05
-8.236e-05
-8.2285e-05
-8.221e-05
-8.2134e-05
-8.2058e-05
-8.1981e-05
-8.1905e-05
-8.1827e-05
-8.175e-05
-8.1672e-05
-8.1594e-05
-8.1516e-05
-8.1437e-05
-8.1359e-05
-8.1279e-05
-8.12e-05
-8.112e-05
-8.104e-05
-8.096e-05
-8.0879e-05
-8.0798e-05
-8.0717e-05
-8.0635e-05
-8.0553e-05
-8.0471e-05
-8.0389e-05
-8.0306e-05
-8.0223e-05
-8.014e-05
-8.0057e-05
-7.9973e-05
-7.9889e-05
-7.9805e-05
-7.972e-05
-7.9636e-05
-7.9551e-05
-7.9465e-05
-7.938e-05
-7.9294e-05
-7.9208e-05
-7.9122e-05
-7.9035e-05
-7.8948e-05
-7.8861e-05
-7.8774e-05
-7.8687e-05
-7.8599e-05
-7.8511e-05
-7.8423e-05
-7.8334e-05
-7.8246e-05
-7.8157e-05
-7.8068e-05
-7.7978e-05
-7.7889e-05
-7.7799e-05
-7.7709e-05
-7.7619e-05
-7.7528e-05
-7.7438e-05
-7.7347e-05
-7.7256e-05
-7.7164e-05
-7.7073e-05
-7.6981e-05
-7.6889e-05
-7.6797e-05
-7.6705e-05
-7.6612e-05
-7.652e-05
-7.6427e-05
-7.6334e-05
-7.6241e-05
-7.6147e-05
-7.6053e-05
-7.596e-05
-7.5866e-05
-7.5771e-05
-7.5677e-05
-7.5583e-05
-7.5488e-05
-7.5393e-05
-7.5298e-05
-7.5203e-05
-7.5107e-05
-7.5012e-05
-7.4916e-05
-7.482e-05
-7.4724e-05
-7.4628e-05
-7.4531e-05
-7.4435e-05
-7.4338e-05
-7.4241e-05
-7.4144e-05
-7.4047e-05
-7.395e-05
-7.3852e-05
-7.3754e-05
-7.3657e-05
-7.3559e-05
-7.3461e-05
-7.3363e-05
-7.3264e-05
-7.3166e-05
-7.3067e-05
-7.2968e-05
-7.2869e-05
-7.277e-05
-7.2671e-05
-7.2572e-05
-7.2473e-05
-7.2373e-05
-7.2273e-05
-7.2174e-05
-7.2074e-05
-7.1974e-05
-7.1874e-05
-7.1773e-05
-7.1673e-05
-7.1573e-05
-7.1472e-05
-7.1371e-05
-7.1271e-05
-7.117e-05
-7.1069e-05
-7.0967e-05
-7.0866e-05
-7.0765e-05
-7.0664e-05
-7.0562e-05
-7.046e-05
-7.0359e-05
-7.0257e-05
-7.0155e-05
-7.0053e-05
-6.9951e-05
-6.9849e-05
-6.9746e-05
-6.9644e-05
-6.9542e-05
-6.9439e-05
-6.9336e-05
-6.9234e-05
-6.9131e-05
-6.9028e-05
-6.8925e-05
-6.8822e-05
-6.8719e-05
-6.8616e-05
-6.8513e-05
-6.841e-05
-6.8306e-05
-6.8203e-05
-6.8099e-05
-6.7996e-05
-6.7892e-05
-6.7789e-05
-6.7685e-05
-6.7581e-05
-6.7477e-05
-6.7373e-05
-6.7269e-05
-6.7165e-05
-6.7061e-05
-6.6957e-05
-6.6853e-05
-6.6749e-05
-6.6644e-05
-6.654e-05
-6.6436e-05
-6.6331e-05
-6.6227e-05
-6.6122e-05
-6.6018e-05
-6.5913e-05
-6.5809e-05
-6.5704e-05
-6.5599e-05
-6.5495e-05
-6.539e-05
-6.5285e-05
-6.518e-05
-6.5076e-05
-6.4971e-05
-6.4866e-05
-6.4761e-05
-6.4656e-05
-6.4551e-05
-6.4446e-05
-6.4341e-05
-6.4236e-05
-6.4131e-05
-6.4026e-05
-6.3921e-05
-6.3816e-05
-6.3711e-05
-6.3605e-05
-6.35e-05
-6.3395e-05
-6.329e-05
-6.3185e-05
-6.308e-05
-6.2974e-05
-6.2869e-05
-6.2764e-05
-6.2659e-05
-6.2554e-05
-6.2448e-05
-6.2343e-05
-6.2238e-05
-6.2133e-05
-6.2028e-05
-6.1922e-05
-6.1817e-05
-6.1712e-05
-6.1607e-05
-6.1502e-05
-6.1396e-05
-6.1291e-05
-6.1186e-05
-6.1081e-05
-6.0976e-05
-6.0871e-05
-6.0766e-05
-6.0661e-05
-6.0556e-05
-6.0451e-05
-6.0345e-05
-6.024e-05
-6.0135e-05
-6.0031e-05
-5.9926e-05
-5.9821e-05
-5.9716e-05
-5.9611e-05
-5.9506e-05
-5.9401e-05
-5.9296e-05
-5.9192e-05
-5.9087e-05
-5.8982e-05
-5.8878e-05
-5.8773e-05
-5.8668e-05
-5.8564e-05
-5.8459e-05
-5.8355e-05
-5.825e-05
-5.8146e-05
-5.8041e-05
-5.7937e-05
-5.7833e-05
-5.7728e-05
-5.7624e-05
-5.752e-05
-5.7416e-05
-5.7312e-05
-5.7208e-05
-5.7104e-05
-5.7e-05
-5.6896e-05
-5.6792e-05
-5.6688e-05
-5.6584e-05
-5.6481e-05
-5.6377e-05
-5.6273e-05
-5.617e-05
-5.6066e-05
-5.5963e-05
-5.586e-05
-5.5756e-05
-5.5653e-05
-5.555e-05
-5.5447e-05
-5.5344e-05
-5.5241e-05
-5.5138e-05
-5.5035e-05
-5.4932e-05
-5.4829e-05
-5.4726e-05
-5.4624e-05
-5.4521e-05
-5.4419e-05
-5.4316e-05
-5.4214e-05
-5.4111e-05
-5.4009e-05
-5.3907e-05
-5.3805e-05
-5.3703e-05
-5.3601e-05
-5.3499e-05
-5.3397e-05
-5.3295e-05
-5.3194e-05
-5.3092e-05
-5.2991e-05
-5.2889e-05
-5.2788e-05
-5.2686e-05
-5.2585e-05
-5.2484e-05
-5.2383e-05
-5.2282e-05
-5.2181e-05
-5.208e-05
-5.198e-05
-5.1879e-05
-5.1779e-05
-5.1678e-05
-5.1578e-05
-5.1477e-05
-5.1377e-05
-5.1277e-05
-5.1177e-05
-5.1077e-05
-5.0977e-05
-5.0877e-05
-5.0778e-05
-5.0678e-05
-5.0579e-05
-5.0479e-05
-5.038e-05
-5.0281e-05
-5.0182e-05
-5.0083e-05
-4.9984e-05
-4.9885e-05
-4.9786e-05
-4.9687e-05
-4.9589e-05
-4.949e-05
-4.9392e-05
-4.9294e-05
-4.9196e-05
-4.9098e-05
-4.9e-05
-4.8902e-05
-4.8804e-05
-4.8706e-05
-4.8609e-05
-4.8511e-05
-4.8414e-05
-4.8317e-05
-4.822e-05
-4.8123e-05
-4.8026e-05
-4.7929e-05
-4.7832e-05
-4.7736e-05
-4.7639e-05
-4.7543e-05
-4.7446e-05
-4.735e-05
-4.7254e-05
-4.7158e-05
-4.7062e-05
-4.6967e-05
-4.6871e-05
-4.6776e-05
-4.668e-05
-4.6585e-05
-4.649e-05
-4.6395e-05
-4.63e-05
-4.6205e-05
-4.611e-05
-4.6016e-05
-4.5921e-05
-4.5827e-05
-4.5733e-05
-4.5639e-05
-4.5545e-05
-4.5451e-05
-4.5357e-05
-4.5263e-05
-4.517e-05
-4.5076e-05
-4.4983e-05
-4.489e-05
-4.4797e-05
-4.4704e-05
-4.4611e-05
-4.4518e-05
-4.4426e-05
-4.4333e-05
-4.4241e-05
-4.4149e-05
-4.4057e-05
-4.3965e-05
-4.3873e-05
-4.3782e-05
-4.369e-05
-4.3599e-05
-4.3507e-05
-4.3416e-05
-4.3325e-05
-4.3234e-05
-4.3143e-05
-4.3053e-05
-4.2962e-05
-4.2872e-05
-4.2781e-05
-4.2691e-05
-4.2601e-05
-4.2511e-05
-4.2422e-05
-4.2332e-05
-4.2243e-05
-4.2153e-05
-4.2064e-05
-4.1975e-05
-4.1886e-05
-4.1797e-05
-4.1708e-05
-4.162e-05
-4.1531e-05
-4.1443e-05
-4.1355e-05
-4.1267e-05
-4.1179e-05
-4.1091e-05
-4.1004e-05
-4.0916e-05
-4.0829e-05
-4.0742e-05
-4.0655e-05
-4.0568e-05
-4.0481e-05
-4.0394e-05
-4.0308e-05
-4.0222e-05
-4.0135e-05
-4.0049e-05
-3.9963e-05
-3.9877e-05
-3.9792e-05
-3.9706e-05
-3.9621e-05
-3.9536e-05
-3.9451e-05
-3.9366e-05
-3.9281e-05
-3.9196e-05
-3.9112e-05
-3.9027e-05
-3.8943e-05
-3.8859e-05
-3.8775e-05
-3.8691e-05
-3.8607e-05
-3.8524e-05
-3.8441e-05
-3.8357e-05
-3.8274e-05
-3.8191e-05
-3.8109e-05
-3.8026e-05
-3.7943e-05
-3.7861e-05
-3.7779e-05
-3.7697e-05
-3.7615e-05
-3.7533e-05
-3.7451e-05
-3.737e-05
-3.7289e-05
-3.7208e-05
-3.7126e-05
-3.7046e-05
-3.6965e-05
-3.6884e-05
-3.6804e-05
-3.6724e-05
-3.6644e-05
-3.6564e-05
-3.6484e-05
-3.6404e-05
-3.6325e-05
-3.6245e-05
-3.6166e-05
-3.6087e-05
-3.6008e-05
-3.5929e-05
-3.5851e-05
-3.5772e-05
-3.5694e-05
-3.5616e-05
-3.5538e-05
-3.546e-05
-3.5382e-05
-3.5305e-05
-3.5227e-05
-3.515e-05
-3.5073e-05
-3.4996e-05
-3.4919e-05
-3.4843e-05
-3.4766e-05
-3.469e-05
-3.4614e-05
-3.4538e-05
-3.4462e-05
-3.4386e-05
-3.4311e-05
-3.4235e-05
-3.416e-05
-3.4085e-05
-3.401e-05
-3.3935e-05
-3.3861e-05
-3.3786e-05
-3.3712e-05
-3.3638e-05
-3.3564e-05
-3.349e-05
-3.3416e-05
-3.3343e-05
-3.327e-05
-3.3196e-05
-3.3123e-05
-3.3051e-05
-3.2978e-05
-3.2905e-05
-3.2833e-05
-3.2761e-05
-3.2689e-05
-3.2617e-05
-3.2545e-05
-3.2473e-05
-3.2402e-05
-3.2331e-05
-3.226e-05
-3.2189e-05
-3.2118e-05
-3.2047e-05
-3.1977e-05
-3.1906e-05
-3.1836e-05
-3.1766e-05
-3.1696e-05
-3.1627e-05
-3.1557e-05
-3.1488e-05
-3.1419e-05
-3.135e-05
-3.1281e-05
-3.1212e-05
-3.1144e-05
-3.1075e-05
-3.1007e-05
-3.0939e-05
-3.0871e-05
-3.0803e-05
-3.0736e-05
-3.0668e-05
-3.0601e-05
-3.0534e-05
-3.0467e-05
-3.04e-05
-3.0334e-05
-3.0267e-05
-3.0201e-05
-3.0135e-05
-3.0069e-05
-3.0003e-05
-2.9937e-05
-2.9872e-05
-2.9807e-05
-2.9742e-05
-2.9677e-05
-2.9612e-05
-2.9547e-05
-2.9483e-05
-2.9418e-05
-2.9354e-05
-2.929e-05
-2.9226e-05
-2.9163e-05
-2.9099e-05
-2.9036e-05
-2.8973e-05
-2.891e-05
-2.8847e-05
-2.8784e-05
-2.8722e-05
-2.8659e-05
-2.8597e-05
-2.8535e-05
-2.8473e-05
-2.8411e-05
-2.835e-05
-2.8289e-05
-2.8227e-05
-2.8166e-05
-2.8105e-05
-2.8045e-05
-2.7984e-05
-2.7924e-05
-2.7864e-05
-2.7804e-05
-2.7744e-05
-2.7684e-05
-2.7624e-05
-2.7565e-05
-2.7506e-05
-2.7447e-05
-2.7388e-05
-2.7329e-05
-2.727e-05
-2.7212e-05
-2.7154e-05
-2.7096e-05
-2.7038e-05
-2.698e-05
-2.6922e-05
-2.6865e-05
-2.6808e-05
-2.6751e-05
-2.6694e-05
-2.6637e-05
-2.658e-05
-2.6524e-05
-2.6468e-05
-2.6412e-05
-2.6356e-05
-2.63e-05
-2.6244e-05
-2.6189e-05
-2.6133e-05
-2.6078e-05
-2.6023e-05
-2.5969e-05
-2.5914e-05
-2.5859e-05
-2.5805e-05
-2.5751e-05
-2.5697e-05
-2.5643e-05
-2.559e-05
-2.5536e-05
-2.5483e-05
-2.543e-05
-2.5377e-05
-2.5324e-05
-2.5271e-05
-2.5219e-05
-2.5166e-05
-2.5114e-05
-2.5062e-05
-2.501e-05
-2.4959e-05
-2.4907e-05
-2.4856e-05
-2.4805e-05
-2.4754e-05
-2.4703e-05
-2.4652e-05
-2.4601e-05
-2.4551e-05
-2.4501e-05
-2.4451e-05
-2.4401e-05
-2.4351e-05
-2.4302e-05
-2.4252e-05
-2.4203e-05
-2.4154e-05
-2.4105e-05
-2.4056e-05
-2.4008e-05
-2.3959e-05
-2.3911e-05
-2.3863e-05
-2.3815e-05
-2.3767e-05
-2.3719e-05
-2.3672e-05
-2.3625e-05
-2.3577e-05
-2.353e-05
-2.3484e-05
-2.3437e-05
-2.339e-05
-2.3344e-05
-2.3298e-05
-2.3252e-05
-2.3206e-05
-2.316e-05
-2.3115e-05
-2.3069e-05
-2.3024e-05
-2.2979e-05
-2.2934e-05
-2.289e-05
-2.2845e-05
-2.28e-05
-2.2756e-05
-2.2712e-05
-2.2668e-05
-2.2624e-05
-2.2581e-05
-2.2537e-05
-2.2494e-05
-2.2451e-05
-2.2408e-05
-2.2365e-05
-2.2322e-05
-2.228e-05
-2.2237e-05
-2.2195e-05
-2.2153e-05
-2.2111e-05
-2.2069e-05
-2.2028e-05
-2.1986e-05
-2.1945e-05
-2.1904e-05
-2.1863e-05
-2.1822e-05
-2.1781e-05
-2.1741e-05
-2.17e-05
-2.166e-05
-2.162e-05
-2.158e-05
-2.154e-05
-2.1501e-05
-2.1461e-05
-2.1422e-05
-2.1383e-05
-2.1344e-05
-2.1305e-05
-2.1267e-05
-2.1228e-05
-2.119e-05
-2.1151e-05
-2.1113e-05
-2.1075e-05
-2.1038e-05
-2.1e-05
-2.0962e-05
-2.0925e-05
-2.0888e-05
-2.0851e-05
-2.0814e-05
-2.0777e-05
-2.0741e-05
-2.0704e-05
-2.0668e-05
-2.0632e-05
-2.0596e-05
-2.056e-05
-2.0524e-05
-2.0489e-05
-2.0453e-05
-2.0418e-05
-2.0383e-05
-2.0348e-05
-2.0313e-05
-2.0278e-05
-2.0244e-05
-2.0209e-05
-2.0175e-05
-2.0141e-05
-2.0107e-05
-2.0073e-05
-2.004e-05
-2.0006e-05
-1.9973e-05
-1.9939e-05
-1.9906e-05
-1.9873e-05
-1.9841e-05
-1.9808e-05
-1.9775e-05
-1.9743e-05
-1.9711e-05
-1.9678e-05
-1.9646e-05
-1.9615e-05
-1.9583e-05
-1.9551e-05
-1.952e-05
-1.9489e-05
-1.9457e-05
-1.9426e-05
-1.9395e-05
-1.9365e-05
-1.9334e-05
-1.9304e-05
-1.9273e-05
-1.9243e-05
-1.9213e-05
-1.9183e-05
-1.9153e-05
-1.9123e-05
-1.9094e-05
-1.9064e-05
-1.9035e-05
-1.9006e-05
-1.8977e-05
-1.8948e-05
-1.8919e-05
-1.8891e-05
-1.8862e-05
-1.8834e-05
-1.8806e-05
-1.8777e-05
-1.8749e-05
-1.8722e-05
-1.8694e-05
-1.8666e-05
-1.8639e-05
-1.8611e-05
-1.8584e-05
-1.8557e-05
-1.853e-05
-1.8503e-05
-1.8476e-05
-1.845e-05
-1.8423e-05
-1.8397e-05
-1.8371e-05
-1.8344e-05
-1.8318e-05
-1.8293e-05
-1.8267e-05
-1.8241e-05
-1.8216e-05
-1.819e-05
-1.8165e-05
-1.814e-05
-1.8115e-05
-1.809e-05
-1.8065e-05
-1.804e-05
-1.8015e-05
-1.7991e-05
-1.7967e-05
-1.7942e-05
-1.7918e-05
-1.7894e-05
-1.787e-05
-1.7846e-05
-1.7823e-05
-1.7799e-05
-1.7776e-05
-1.7752e-05
-1.7729e-05
-1.7706e-05
-1.7683e-05
-1.766e-05
-1.7637e-05
-1.7614e-05
-1.7592e-05
-1.7569e-05
-1.7547e-05
-1.7525e-05
-1.7502e-05
-1.748e-05
-1.7458e-05
-1.7436e-05
-1.7415e-05
-1.7393e-05
-1.7371e-05
-1.735e-05
-1.7329e-05
-1.7307e-05
-1.7286e-05
-1.7265e-05
-1.7244e-05
-1.7223e-05
-1.7202e-05
-1.7182e-05
-1.7161e-05
-1.7141e-05
-1.712e-05
-1.71e-05
-1.708e-05
-1.706e-05
-1.7039e-05
-1.702e-05
-1.7e-05
-1.698e-05
-1.696e-05
-1.6941e-05
-1.6921e-05
-1.6902e-05
-1.6882e-05
-1.6863e-05
-1.6844e-05
-1.6825e-05
-1.6806e-05
-1.6787e-05
-1.6768e-05
-1.675e-05
-1.6731e-05
-1.6713e-05
-1.6694e-05
-1.6676e-05
-1.6657e-05
-1.6639e-05
-1.6621e-05
-1.6603e-05
-1.6585e-05
-1.6567e-05
-1.6549e-05
-1.6531e-05
-1.6514e-05
-1.6496e-05
-1.6479e-05
-1.6461e-05
-1.6444e-05
-1.6426e-05
-1.6409e-05
-1.6392e-05
-1.6375e-05
-1.6358e-05
-1.6341e-05
-1.6324e-05
-1.6307e-05
-1.629e-05
-1.6274e-05
-1.6257e-05
-1.6241e-05
-1.6224e-05
-1.6208e-05
-1.6191e-05
-1.6175e-05
-1.6159e-05
-1.6143e-05
-1.6127e-05
-1.611e-05
-1.6094e-05
-1.6079e-05
-1.6063e-05
-1.6047e-05
-1.6031e-05
-1.6015e-05
-1.6e-05
-1.5984e-05
-1.5969e-05
-1.5953e-05
-1.5938e-05
-1.5922e-05
-1.5907e-05
-1.5892e-05
-1.5877e-05
-1.5861e-05
-1.5846e-05
-1.5831e-05
-1.5816e-05
-1.5801e-05
-1.5786e-05
-1.5772e-05
-1.5757e-05
-1.5742e-05
-1.5727e-05
-1.5713e-05
-1.5698e-05
-1.5683e-05
-1.5669e-05
-1.5654e-05
-1.564e-05
-1.5625e-05
-1.5611e-05
-1.5597e-05
-1.5582e-05
-1.5568e-05
-1.5554e-05
-1.554e-05
-1.5525e-05
-1.5511e-05
-1.5497e-05
-1.5483e-05
-1.5469e-05
-1.5455e-05
-1.5441e-05
-1.5427e-05
-1.5413e-05
-1.5399e-05
-1.5386e-05
-1.5372e-05
-1.5358e-05
-1.5344e-05
-1.5331e-05
-1.5317e-05
-1.5303e-05
-1.529e-05
-1.5276e-05
-1.5262e-05
-1.5249e-05
-1.5235e-05
-1.5222e-05
-1.5208e-05
-1.5195e-05
-1.5181e-05
-1.5168e-05
-1.5154e-05
-1.5141e-05
-1.5128e-05
-1.5114e-05
-1.5101e-05
-1.5088e-05
-1.5074e-05
-1.5061e-05
-1.5048e-05
-1.5035e-05
-1.5021e-05
-1.5008e-05
-1.4995e-05
-1.4982e-05
-1.4968e-05
-1.4955e-05
-1.4942e-05
-1.4929e-05
-1.4916e-05
-1.4903e-05
-1.4889e-05
-1.4876e-05
-1.4863e-05
-1.485e-05
-1.4837e-05
-1.4824e-05
-1.4811e-05
-1.4798e-05
-1.4784e-05
-1.4771e-05
-1.4758e-05
-1.4745e-05
-1.4732e-05
-1.4719e-05
-1.4706e-05
-1.4693e-05
-1.468e-05
-1.4667e-05
-1.4654e-05
-1.4641e-05
-1.4627e-05
-1.4614e-05
-1.4601e-05
-1.4588e-05
-1.4575e-05
-1.4562e-05
-1.4549e-05
-1.4536e-05
-1.4523e-05
-1.4509e-05
-1.4496e-05
-1.4483e-05
-1.447e-05
-1.4457e-05
-1.4444e-05
-1.443e-05
-1.4417e-05
-1.4404e-05
-1.4391e-05
-1.4378e-05
-1.4364e-05
-1.4351e-05
-1.4338e-05
-1.4325e-05
-1.4311e-05
-1.4298e-05
-1.4285e-05
-1.4271e-05
-1.4258e-05
-1.4245e-05
-1.4231e-05
-1.4218e-05
-1.4205e-05
-1.4191e-05
-1.4178e-05
-1.4164e-05
-1.4151e-05
-1.4137e-05
-1.4124e-05
-1.411e-05
-1.4097e-05
-1.4083e-05
-1.407e-05
-1.4056e-05
-1.4043e-05
-1.4029e-05
-1.4015e-05
-1.4002e-05
-1.3988e-05
-1.3974e-05
-1.396e-05
-1.3947e-05
-1.3933e-05
-1.3919e-05
-1.3905e-05
-1.3891e-05
-1.3878e-05
-1.3864e-05
-1.385e-05
-1.3836e-05
-1.3822e-05
-1.3808e-05
-1.3794e-05
-1.378e-05
-1.3766e-05
-1.3752e-05
-1.3737e-05
-1.3723e-05
-1.3709e-05
-1.3695e-05
-1.3681e-05
-1.3666e-05
-1.3652e-05
-1.3638e-05
-1.3624e-05
-1.3609e-05
-1.3595e-05
-1.358e-05
-1.3566e-05
-1.3552e-05
-1.3537e-05
-1.3523e-05
-1.3508e-05
-1.3493e-05
-1.3479e-05
-1.3464e-05
-1.345e-05
-1.3435e-05
-1.342e-05
-1.3405e-05
-1.3391e-05
-1.3376e-05
-1.3361e-05
-1.3346e-05
-1.3331e-05
-1.3316e-05
-1.3301e-05
-1.3287e-05
-1.3272e-05
-1.3257e-05
-1.3241e-05
-1.3226e-05
-1.3211e-05
-1.3196e-05
-1.3181e-05
-1.3166e-05
-1.3151e-05
-1.3135e-05
-1.312e-05
-1.3105e-05
-1.3089e-05
-1.3074e-05
-1.3059e-05
-1.3043e-05
-1.3028e-05
-1.3012e-05
-1.2997e-05
-1.2981e-05
-1.2966e-05
-1.295e-05
-1.2935e-05
-1.2919e-05
-1.2903e-05
-1.2888e-05
-1.2872e-05
-1.2856e-05
-1.284e-05
-1.2825e-05
-1.2809e-05
-1.2793e-05
-1.2777e-05
-1.2761e-05
-1.2745e-05
-1.2729e-05
-1.2713e-05
-1.2697e-05
-1.2681e-05
-1.2665e-05
-1.2649e-05
-1.2633e-05
-1.2617e-05
-1.2601e-05
-1.2585e-05
-1.2568e-05
-1.2552e-05
-1.2536e-05
-1.252e-05
-1.2503e-05
-1.2487e-05
-1.2471e-05
-1.2454e-05
-1.2438e-05
-1.2422e-05
-1.2405e-05
-1.2389e-05
-1.2372e-05
-1.2356e-05
-1.2339e-05
-1.2323e-05
-1.2306e-05
-1.229e-05
-1.2273e-05
-1.2256e-05
-1.224e-05
-1.2223e-05
-1.2206e-05
-1.219e-05
-1.2173e-05
-1.2156e-05
-1.214e-05
-1.2123e-05
-1.2106e-05
-1.2089e-05
-1.2072e-05
-1.2056e-05
-1.2039e-05
-1.2022e-05
-1.2005e-05
-1.1988e-05
-1.1971e-05
-1.1954e-05
-1.1937e-05
-1.192e-05
-1.1903e-05
-1.1887e-05
-1.187e-05
-1.1853e-05
-1.1836e-05
-1.1818e-05
-1.1801e-05
-1.1784e-05
-1.1767e-05
-1.175e-05
-1.1733e-05
-1.1716e-05
-1.1699e-05
-1.1682e-05
-1.1665e-05
-1.1648e-05
-1.163e-05
-1.1613e-05
-1.1596e-05
-1.1579e-05
-1.1562e-05
-1.1545e-05
-1.1527e-05
-1.151e-05
-1.1493e-05
-1.1476e-05
-1.1459e-05
-1.1441e-05
-1.1424e-05
-1.1407e-05
-1.139e-05
-1.1372e-05
-1.1355e-05
-1.1338e-05
-1.132e-05
-1.1303e-05
-1.1286e-05
-1.1269e-05
-1.1251e-05
-1.1234e-05
-1.1217e-05
-1.1199e-05
-1.1182e-05
-1.1165e-05
-1.1147e-05
-1.113e-05
-1.1113e-05
-1.1095e-05
-1.1078e-05
-1.1061e-05
-1.1043e-05
-1.1026e-05
-1.1009e-05
-1.0991e-05
-1.0974e-05
-1.0957e-05
-1.0939e-05
-1.0922e-05
-1.0905e-05
-1.0887e-05
-1.087e-05
-1.0853e-05
-1.0835e-05
-1.0818e-05
-1.0801e-05
-1.0783e-05
-1.0766e-05
-1.0748e-05
-1.0731e-05
-1.0714e-05
-1.0696e-05
-1.0679e-05
-1.0662e-05
-1.0644e-05
-1.0627e-05
-1.061e-05
