3.0533e-05
3.0585e-05
3.0637e-05
3.0689e-05
3.074e-05
3.0792e-05
3.0844e-05
3.0896e-05
3.0948e-05
3.1e-05
3.1052e-05
3.1103e-05
3.1155e-05
3.1207e-05
3.1259e-05
3.1311e-05
3.1363e-05
3.1414e-05
3.1466e-05
3.1518e-05
3.157e-05
3.1622e-05
3.1674e-05
3.1725e-05
3.1777e-05
3.1829e-05
3.1881e-05
3.1933e-05
3.1984e-05
3.2036e-05
3.2088e-05
3.214e-05
3.2192e-05
3.2243e-05
3.2295e-05
3.2347e-05
3.2399e-05
3.245e-05
3.2502e-05
3.2554e-05
3.2605e-05
3.2657e-05
3.2709e-05
3.276e-05
3.2812e-05
3.2863e-05
3.2915e-05
3.2967e-05
3.3018e-05
3.307e-05
3.3121e-05
3.3173e-05
3.3224e-05
3.3275e-05
3.3327e-05
3.3378e-05
3.343e-05
3.3481e-05
3.3532e-05
3.3584e-05
3.3635e-05
3.3686e-05
3.3737e-05
3.3789e-05
3.384e-05
3.3891e-05
3.3942e-05
3.3993e-05
3.4044e-05
3.4095e-05
3.4146e-05
3.4197e-05
3.4248e-05
3.4299e-05
3.4349e-05
3.44e-05
3.4451e-05
3.4502e-05
3.4552e-05
3.4603e-05
3.4654e-05
3.4704e-05
3.4755e-05
3.4805e-05
3.4855e-05
3.4906e-05
3.4956e-05
3.5006e-05
3.5057e-05
3.5107e-05
3.5157e-05
3.5207e-05
3.5257e-05
3.5307e-05
3.5357e-05
3.5407e-05
3.5457e-05
3.5506e-05
3.5556e-05
3.5606e-05
3.5655e-05
3.5705e-05
3.5754e-05
3.5804e-05
3.5853e-05
3.5902e-05
3.5952e-05
3.6001e-05
3.605e-05
3.6099e-05
3.6148e-05
3.6197e-05
3.6246e-05
3.6295e-05
3.6343e-05
3.6392e-05
3.6441e-05
3.6489e-05
3.6538e-05
3.6586e-05
3.6634e-05
3.6683e-05
3.6731e-05
3.6779e-05
3.6827e-05
3.6875e-05
3.6923e-05
3.6971e-05
3.7019e-05
3.7066e-05
3.7114e-05
3.7162e-05
3.7209e-05
3.7256e-05
3.7304e-05
3.7351e-05
3.7398e-05
3.7445e-05
3.7492e-05
3.7539e-05
3.7586e-05
3.7633e-05
3.768e-05
3.7726e-05
3.7773e-05
3.7819e-05
3.7866e-05
3.7912e-05
3.7958e-05
3.8005e-05
3.8051e-05
3.8097e-05
3.8143e-05
3.8189e-05
3.8234e-05
3.828e-05
3.8326e-05
3.8371e-05
3.8417e-05
3.8462e-05
3.8508e-05
3.8553e-05
3.8598e-05
3.8643e-05
3.8688e-05
3.8733e-05
3.8778e-05
3.8823e-05
3.8867e-05
3.8912e-05
3.8956e-05
3.9001e-05
3.9045e-05
3.909e-05
3.9134e-05
3.9178e-05
3.9222e-05
3.9266e-05
3.931e-05
3.9354e-05
3.9398e-05
3.9441e-05
3.9485e-05
3.9528e-05
3.9572e-05
3.9615e-05
3.9659e-05
3.9702e-05
3.9745e-05
3.9788e-05
3.9831e-05
3.9874e-05
3.9917e-05
3.996e-05
4.0003e-05
4.0045e-05
4.0088e-05
4.0131e-05
4.0173e-05
4.0215e-05
4.0258e-05
4.03e-05
4.0342e-05
4.0384e-05
4.0427e-05
4.0469e-05
4.0511e-05
4.0553e-05
4.0594e-05
4.0636e-05
4.0678e-05
4.072e-05
4.0761e-05
4.0803e-05
4.0844e-05
4.0886e-05
4.0927e-05
4.0969e-05
4.101e-05
4.1051e-05
4.1092e-05
4.1134e-05
4.1175e-05
4.1216e-05
4.1257e-05
4.1298e-05
4.1339e-05
4.138e-05
4.142e-05
4.1461e-05
4.1502e-05
4.1543e-05
4.1584e-05
4.1624e-05
4.1665e-05
4.1705e-05
4.1746e-05
4.1787e-05
4.1827e-05
4.1868e-05
4.1908e-05
4.1948e-05
4.1989e-05
4.2029e-05
4.207e-05
4.211e-05
4.215e-05
4.219e-05
4.2231e-05
4.2271e-05
4.2311e-05
4.2351e-05
4.2392e-05
4.2432e-05
4.2472e-05
4.2512e-05
4.2552e-05
4.2593e-05
4.2633e-05
4.2673e-05
4.2713e-05
4.2753e-05
4.2794e-05
4.2834e-05
4.2874e-05
4.2914e-05
4.2954e-05
4.2995e-05
4.3035e-05
4.3075e-05
4.3115e-05
4.3156e-05
4.3196e-05
4.3236e-05
4.3276e-05
4.3317e-05
4.3357e-05
4.3398e-05
4.3438e-05
4.3478e-05
4.3519e-05
4.3559e-05
4.36e-05
4.364e-05
4.3681e-05
4.3722e-05
4.3762e-05
4.3803e-05
4.3844e-05
4.3885e-05
4.3926e-05
4.3967e-05
4.4007e-05
4.4048e-05
4.409e-05
4.4131e-05
4.4172e-05
4.4213e-05
4.4254e-05
4.4296e-05
4.4337e-05
4.4379e-05
4.442e-05
4.4462e-05
4.4503e-05
4.4545e-05
4.4587e-05
4.4629e-05
4.4671e-05
4.4713e-05
4.4755e-05
4.4797e-05
4.484e-05
4.4882e-05
4.4925e-05
4.4967e-05
4.501e-05
4.5053e-05
4.5096e-05
4.5138e-05
4.5182e-05
4.5225e-05
4.5268e-05
4.5311e-05
4.5355e-05
4.5398e-05
4.5442e-05
4.5486e-05
4.553e-05
4.5574e-05
4.5618e-05
4.5662e-05
4.5707e-05
4.5751e-05
4.5796e-05
4.584e-05
4.5885e-05
4.593e-05
4.5975e-05
4.6021e-05
4.6066e-05
4.6112e-05
4.6157e-05
4.6203e-05
4.6249e-05
4.6295e-05
4.6342e-05
4.6388e-05
4.6435e-05
4.6481e-05
4.6528e-05
4.6575e-05
4.6622e-05
4.667e-05
4.6717e-05
4.6765e-05
4.6813e-05
4.6861e-05
4.6909e-05
4.6957e-05
4.7006e-05
4.7055e-05
4.7103e-05
4.7152e-05
4.7202e-05
4.7251e-05
4.7301e-05
4.735e-05
4.74e-05
4.7451e-05
4.7501e-05
4.7551e-05
4.7602e-05
4.7653e-05
4.7704e-05
4.7756e-05
4.7807e-05
4.7859e-05
4.7911e-05
4.7963e-05
4.8015e-05
4.8068e-05
4.8121e-05
4.8174e-05
4.8227e-05
4.828e-05
4.8334e-05
4.8388e-05
4.8442e-05
4.8496e-05
4.8551e-05
4.8605e-05
4.866e-05
4.8716e-05
4.8771e-05
4.8827e-05
4.8883e-05
4.8939e-05
4.8995e-05
4.9052e-05
4.9109e-05
4.9166e-05
4.9224e-05
4.9281e-05
4.9339e-05
4.9397e-05
4.9456e-05
4.9514e-05
4.9573e-05
4.9632e-05
4.9692e-05
4.9752e-05
4.9812e-05
4.9872e-05
4.9932e-05
4.9993e-05
5.0054e-05
5.0116e-05
5.0177e-05
5.0239e-05
5.0301e-05
5.0364e-05
5.0426e-05
5.0489e-05
5.0553e-05
5.0616e-05
5.068e-05
5.0744e-05
5.0809e-05
5.0873e-05
5.0938e-05
5.1004e-05
5.1069e-05
5.1135e-05
5.1202e-05
5.1268e-05
5.1335e-05
5.1402e-05
5.1469e-05
5.1537e-05
5.1605e-05
5.1674e-05
5.1742e-05
5.1811e-05
5.1881e-05
5.195e-05
5.202e-05
5.2091e-05
5.2161e-05
5.2232e-05
5.2303e-05
5.2375e-05
5.2447e-05
5.2519e-05
5.2592e-05
5.2665e-05
5.2738e-05
5.2811e-05
5.2885e-05
5.296e-05
5.3034e-05
5.3109e-05
5.3184e-05
5.326e-05
5.3336e-05
5.3412e-05
5.3489e-05
5.3566e-05
5.3643e-05
5.3721e-05
5.3799e-05
5.3877e-05
5.3956e-05
5.4035e-05
5.4115e-05
5.4195e-05
5.4275e-05
5.4355e-05
5.4436e-05
5.4518e-05
5.4599e-05
5.4681e-05
5.4764e-05
5.4847e-05
5.493e-05
5.5013e-05
5.5097e-05
5.5181e-05
5.5266e-05
5.5351e-05
5.5437e-05
5.5522e-05
5.5609e-05
5.5695e-05
5.5782e-05
5.5869e-05
5.5957e-05
5.6045e-05
5.6134e-05
5.6223e-05
5.6312e-05
5.6401e-05
5.6492e-05
5.6582e-05
5.6673e-05
5.6764e-05
5.6856e-05
5.6948e-05
5.704e-05
5.7133e-05
5.7226e-05
5.732e-05
5.7414e-05
5.7508e-05
5.7603e-05
5.7699e-05
5.7794e-05
5.789e-05
5.7987e-05
5.8084e-05
5.8181e-05
5.8279e-05
5.8377e-05
5.8476e-05
5.8575e-05
5.8674e-05
5.8774e-05
5.8874e-05
5.8975e-05
5.9076e-05
5.9177e-05
5.9279e-05
5.9382e-05
5.9484e-05
5.9588e-05
5.9691e-05
5.9795e-05
5.99e-05
6.0005e-05
6.011e-05
6.0216e-05
6.0322e-05
6.0429e-05
6.0536e-05
6.0643e-05
6.0751e-05
6.086e-05
6.0969e-05
6.1078e-05
6.1188e-05
6.1298e-05
6.1408e-05
6.1519e-05
6.1631e-05
6.1743e-05
6.1855e-05
6.1968e-05
6.2081e-05
6.2195e-05
6.2309e-05
6.2424e-05
6.2539e-05
6.2654e-05
6.277e-05
6.2887e-05
6.3004e-05
6.3121e-05
6.3239e-05
6.3357e-05
6.3476e-05
6.3595e-05
6.3714e-05
6.3834e-05
6.3955e-05
6.4076e-05
6.4197e-05
6.4319e-05
6.4442e-05
6.4564e-05
6.4688e-05
6.4811e-05
6.4936e-05
6.506e-05
6.5185e-05
6.5311e-05
6.5437e-05
6.5564e-05
6.5691e-05
6.5818e-05
6.5946e-05
6.6074e-05
6.6203e-05
6.6333e-05
6.6463e-05
6.6593e-05
6.6724e-05
6.6855e-05
6.6986e-05
6.7119e-05
6.7251e-05
6.7384e-05
6.7518e-05
6.7652e-05
6.7787e-05
6.7922e-05
6.8057e-05
6.8193e-05
6.833e-05
6.8467e-05
6.8604e-05
6.8742e-05
6.888e-05
6.9019e-05
6.9159e-05
6.9298e-05
6.9439e-05
6.9579e-05
6.9721e-05
6.9862e-05
7.0005e-05
7.0147e-05
7.0291e-05
7.0434e-05
7.0579e-05
7.0723e-05
7.0868e-05
7.1014e-05
7.116e-05
7.1307e-05
7.1454e-05
7.1601e-05
7.1749e-05
7.1898e-05
7.2047e-05
7.2197e-05
7.2347e-05
7.2497e-05
7.2648e-05
7.28e-05
7.2952e-05
7.3104e-05
7.3257e-05
7.3411e-05
7.3565e-05
7.3719e-05
7.3874e-05
7.403e-05
7.4186e-05
7.4342e-05
7.4499e-05
7.4656e-05
7.4814e-05
7.4973e-05
7.5132e-05
7.5291e-05
7.5451e-05
7.5611e-05
7.5772e-05
7.5934e-05
7.6096e-05
7.6258e-05
7.6421e-05
7.6584e-05
7.6748e-05
7.6913e-05
7.7078e-05
7.7243e-05
7.7409e-05
7.7575e-05
7.7742e-05
7.791e-05
7.8078e-05
7.8246e-05
7.8415e-05
7.8584e-05
7.8754e-05
7.8925e-05
7.9095e-05
7.9267e-05
7.9439e-05
7.9611e-05
7.9784e-05
7.9958e-05
8.0131e-05
8.0306e-05
8.0481e-05
8.0656e-05
8.0832e-05
8.1009e-05
8.1186e-05
8.1363e-05
8.1541e-05
8.172e-05
8.1898e-05
8.2078e-05
8.2258e-05
8.2438e-05
8.2619e-05
8.2801e-05
8.2983e-05
8.3165e-05
8.3348e-05
8.3532e-05
8.3716e-05
8.39e-05
8.4086e-05
8.4271e-05
8.4457e-05
8.4644e-05
8.4831e-05
8.5018e-05
8.5206e-05
8.5395e-05
8.5584e-05
8.5774e-05
8.5964e-05
8.6154e-05
8.6345e-05
8.6537e-05
8.6729e-05
8.6922e-05
8.7115e-05
8.7309e-05
8.7503e-05
8.7697e-05
8.7893e-05
8.8088e-05
8.8284e-05
8.8481e-05
8.8678e-05
8.8876e-05
8.9074e-05
8.9273e-05
8.9472e-05
8.9672e-05
8.9872e-05
9.0073e-05
9.0274e-05
9.0476e-05
9.0678e-05
9.0881e-05
9.1084e-05
9.1288e-05
9.1492e-05
9.1697e-05
9.1902e-05
9.2108e-05
9.2315e-05
9.2521e-05
9.2729e-05
9.2937e-05
9.3145e-05
9.3354e-05
9.3563e-05
9.3773e-05
9.3983e-05
9.4194e-05
9.4406e-05
9.4618e-05
9.483e-05
9.5043e-05
9.5256e-05
9.547e-05
9.5685e-05
9.59e-05
9.6115e-05
9.6331e-05
9.6547e-05
9.6764e-05
9.6982e-05
9.72e-05
9.7418e-05
9.7637e-05
9.7857e-05
9.8077e-05
9.8297e-05
9.8518e-05
9.874e-05
9.8962e-05
9.9184e-05
9.9407e-05
9.9631e-05
9.9855e-05
0.00010008
0.0001003
0.00010053
0.00010076
0.00010098
0.00010121
0.00010144
0.00010166
0.00010189
0.00010212
0.00010235
0.00010258
0.00010281
0.00010304
0.00010328
0.00010351
0.00010374
0.00010397
0.00010421
0.00010444
0.00010467
0.00010491
0.00010515
0.00010538
0.00010562
0.00010586
0.00010609
0.00010633
0.00010657
0.00010681
0.00010705
0.00010729
0.00010753
0.00010777
0.00010801
0.00010825
0.0001085
0.00010874
0.00010898
0.00010923
0.00010947
0.00010972
0.00010996
0.00011021
0.00011045
0.0001107
0.00011095
0.0001112
0.00011144
0.00011169
0.00011194
0.00011219
0.00011244
0.00011269
0.00011295
0.0001132
0.00011345
0.0001137
0.00011396
0.00011421
0.00011446
0.00011472
0.00011497
0.00011523
0.00011549
0.00011574
0.000116
0.00011626
0.00011652
0.00011677
0.00011703
0.00011729
0.00011755
0.00011781
0.00011808
0.00011834
0.0001186
0.00011886
0.00011912
0.00011939
0.00011965
0.00011992
0.00012018
0.00012045
0.00012071
0.00012098
0.00012125
0.00012151
0.00012178
0.00012205
0.00012232
0.00012259
0.00012286
0.00012313
0.0001234
0.00012367
0.00012394
0.00012421
0.00012449
0.00012476
0.00012503
0.00012531
0.00012558
0.00012586
0.00012613
0.00012641
0.00012668
0.00012696
0.00012724
0.00012752
0.00012779
0.00012807
0.00012835
0.00012863
0.00012891
0.00012919
0.00012947
0.00012975
0.00013004
0.00013032
0.0001306
0.00013088
0.00013117
0.00013145
0.00013174
0.00013202
0.00013231
0.00013259
0.00013288
0.00013317
0.00013345
0.00013374
0.00013403
0.00013432
0.00013461
0.0001349
0.00013519
0.00013548
0.00013577
0.00013606
0.00013635
0.00013664
0.00013694
0.00013723
0.00013752
0.00013782
0.00013811
0.00013841
0.0001387
0.000139
0.0001393
0.00013959
0.00013989
0.00014019
0.00014048
0.00014078
0.00014108
0.00014138
0.00014168
0.00014198
0.00014228
0.00014258
0.00014288
0.00014319
0.00014349
0.00014379
0.0001441
0.0001444
0.0001447
0.00014501
0.00014531
0.00014562
0.00014592
0.00014623
0.00014654
0.00014684
0.00014715
0.00014746
0.00014777
0.00014807
0.00014838
0.00014869
0.000149
0.00014931
0.00014962
0.00014994
0.00015025
0.00015056
0.00015087
0.00015118
0.0001515
0.00015181
0.00015212
0.00015244
0.00015275
0.00015307
0.00015338
0.0001537
0.00015402
0.00015433
0.00015465
0.00015497
0.00015529
0.0001556
0.00015592
0.00015624
0.00015656
0.00015688
0.0001572
0.00015752
0.00015784
0.00015816
0.00015849
0.00015881
0.00015913
0.00015945
0.00015978
0.0001601
0.00016042
0.00016075
0.00016107
0.0001614
0.00016172
0.00016205
0.00016237
0.0001627
0.00016303
0.00016336
0.00016368
0.00016401
0.00016434
0.00016467
0.000165
0.00016533
0.00016566
0.00016599
0.00016632
0.00016665
0.00016698
0.00016731
0.00016764
0.00016797
0.00016831
0.00016864
0.00016897
0.00016931
0.00016964
0.00016997
0.00017031
0.00017064
0.00017098
0.00017131
0.00017165
0.00017198
0.00017232
0.00017266
0.00017299
0.00017333
0.00017367
0.00017401
0.00017435
0.00017468
0.00017502
0.00017536
0.0001757
0.00017604
0.00017638
0.00017672
0.00017706
0.0001774
0.00017775
0.00017809
0.00017843
0.00017877
0.00017911
0.00017946
0.0001798
0.00018014
0.00018049
0.00018083
0.00018117
0.00018152
0.00018186
0.00018221
0.00018255
0.0001829
0.00018325
0.00018359
0.00018394
0.00018428
0.00018463
0.00018498
0.00018533
0.00018567
0.00018602
0.00018637
0.00018672
0.00018707
0.00018741
0.00018776
0.00018811
0.00018846
0.00018881
0.00018916
0.00018951
0.00018986
0.00019021
0.00019056
0.00019092
0.00019127
0.00019162
0.00019197
0.00019232
0.00019268
0.00019303
0.00019338
0.00019373
0.00019409
0.00019444
0.00019479
0.00019515
0.0001955
0.00019585
0.00019621
0.00019656
0.00019692
0.00019727
0.00019763
0.00019798
0.00019834
0.00019869
0.00019905
0.00019941
0.00019976
0.00020012
0.00020047
0.00020083
0.00020119
0.00020154
0.0002019
0.00020226
0.00020262
0.00020297
0.00020333
0.00020369
0.00020405
0.0002044
0.00020476
0.00020512
0.00020548
0.00020584
0.0002062
0.00020655
0.00020691
0.00020727
0.00020763
0.00020799
0.00020835
0.00020871
0.00020907
0.00020943
0.00020979
0.00021015
0.00021051
0.00021087
0.00021123
0.00021159
0.00021195
0.00021231
0.00021267
0.00021303
0.00021339
0.00021375
0.00021411
0.00021447
0.00021483
0.00021519
0.00021556
0.00021592
0.00021628
0.00021664
0.000217
0.00021736
0.00021772
0.00021808
0.00021845
0.00021881
0.00021917
0.00021953
0.00021989
0.00022025
0.00022061
0.00022097
0.00022134
0.0002217
0.00022206
0.00022242
0.00022278
0.00022314
0.0002235
0.00022387
0.00022423
0.00022459
0.00022495
0.00022531
0.00022567
0.00022603
0.0002264
0.00022676
0.00022712
0.00022748
0.00022784
0.0002282
0.00022856
0.00022892
0.00022928
0.00022964
0.00023
0.00023037
0.00023073
0.00023109
0.00023145
0.00023181
0.00023217
0.00023253
0.00023289
0.00023325
0.00023361
0.00023397
0.00023433
0.00023469
0.00023505
0.0002354
0.00023576
0.00023612
0.00023648
0.00023684
0.0002372
0.00023756
0.00023792
0.00023827
0.00023863
0.00023899
0.00023935
0.0002397
0.00024006
0.00024042
0.00024078
0.00024113
0.00024149
0.00024185
0.0002422
0.00024256
0.00024291
0.00024327
0.00024363
0.00024398
0.00024434
0.00024469
0.00024505
0.0002454
0.00024575
0.00024611
0.00024646
0.00024682
0.00024717
0.00024752
0.00024788
0.00024823
0.00024858
0.00024893
0.00024928
0.00024964
0.00024999
0.00025034
0.00025069
0.00025104
0.00025139
0.00025174
0.00025209
0.00025244
0.00025279
0.00025313
0.00025348
0.00025383
0.00025418
0.00025453
0.00025487
0.00025522
0.00025557
0.00025591
0.00025626
0.0002566
0.00025695
0.00025729
0.00025764
0.00025798
0.00025832
0.00025867
0.00025901
0.00025935
0.00025969
0.00026004
0.00026038
0.00026072
0.00026106
0.0002614
0.00026174
0.00026208
0.00026242
0.00026275
0.00026309
0.00026343
0.00026377
0.0002641
0.00026444
0.00026478
0.00026511
0.00026544
0.00026578
0.00026611
0.00026645
0.00026678
0.00026711
0.00026744
0.00026778
0.00026811
0.00026844
0.00026877
0.0002691
0.00026942
0.00026975
0.00027008
0.00027041
0.00027073
0.00027106
0.00027139
0.00027171
0.00027204
0.00027236
0.00027268
0.00027301
0.00027333
0.00027365
0.00027397
0.00027429
0.00027461
0.00027493
0.00027525
0.00027557
0.00027589
0.0002762
0.00027652
0.00027684
0.00027715
0.00027747
0.00027778
0.00027809
0.00027841
0.00027872
0.00027903
0.00027934
0.00027965
0.00027996
0.00028027
0.00028058
0.00028088
0.00028119
0.0002815
0.0002818
0.00028211
0.00028241
0.00028271
0.00028302
0.00028332
0.00028362
0.00028392
0.00028422
0.00028452
0.00028481
0.00028511
0.00028541
0.0002857
0.000286
0.00028629
0.00028659
0.00028688
0.00028717
0.00028746
0.00028775
0.00028804
0.00028833
0.00028862
0.00028891
0.00028919
0.00028948
0.00028976
0.00029005
0.00029033
0.00029061
0.00029089
0.00029117
0.00029145
0.00029173
0.00029201
0.00029228
0.00029256
0.00029284
0.00029311
0.00029338
0.00029366
0.00029393
0.0002942
0.00029447
0.00029474
0.000295
0.00029527
0.00029554
0.0002958
0.00029607
0.00029633
0.00029659
0.00029685
0.00029711
0.00029737
0.00029763
0.00029789
0.00029814
0.0002984
0.00029865
0.00029891
0.00029916
0.00029941
0.00029966
0.00029991
0.00030016
0.0003004
0.00030065
0.0003009
0.00030114
0.00030138
0.00030162
0.00030187
0.00030211
0.00030234
0.00030258
0.00030282
0.00030305
0.00030329
0.00030352
0.00030375
0.00030398
0.00030421
0.00030444
0.00030467
0.0003049
0.00030512
0.00030535
0.00030557
0.00030579
0.00030601
0.00030623
0.00030645
0.00030667
0.00030688
0.0003071
0.00030731
0.00030752
0.00030774
0.00030795
0.00030815
0.00030836
0.00030857
0.00030877
0.00030898
0.00030918
0.00030938
0.00030958
0.00030978
0.00030998
0.00031017
0.00031037
0.00031056
0.00031076
0.00031095
0.00031114
0.00031133
0.00031151
0.0003117
0.00031188
0.00031207
0.00031225
0.00031243
0.00031261
0.00031279
0.00031297
0.00031314
0.00031332
0.00031349
0.00031366
0.00031383
0.000314
0.00031417
0.00031433
0.0003145
0.00031466
0.00031482
0.00031498
0.00031514
0.0003153
0.00031545
0.00031561
0.00031576
0.00031591
0.00031606
0.00031621
0.00031636
0.0003165
0.00031665
0.00031679
0.00031693
0.00031707
0.00031721
0.00031735
0.00031748
0.00031762
0.00031775
0.00031788
0.00031801
0.00031814
0.00031827
0.00031839
0.00031852
0.00031864
0.00031876
0.00031888
0.00031899
0.00031911
0.00031922
0.00031934
0.00031945
0.00031956
0.00031966
0.00031977
0.00031988
0.00031998
0.00032008
0.00032018
0.00032028
0.00032037
0.00032047
0.00032056
0.00032066
0.00032075
0.00032083
0.00032092
0.00032101
0.00032109
0.00032117
0.00032125
0.00032133
0.00032141
0.00032148
0.00032156
0.00032163
0.0003217
0.00032177
0.00032183
0.0003219
0.00032196
0.00032202
0.00032208
0.00032214
0.0003222
0.00032225
0.0003223
0.00032236
0.0003224
0.00032245
0.0003225
0.00032254
0.00032259
0.00032263
0.00032266
0.0003227
0.00032274
0.00032277
0.0003228
0.00032283
0.00032286
0.00032289
0.00032291
0.00032293
0.00032295
0.00032297
0.00032299
0.00032301
0.00032302
0.00032303
0.00032304
0.00032305
0.00032305
0.00032306
0.00032306
0.00032306
0.00032306
0.00032306
0.00032305
0.00032304
0.00032304
0.00032303
0.00032301
0.000323
0.00032298
0.00032296
0.00032294
0.00032292
0.0003229
0.00032287
0.00032284
0.00032281
0.00032278
0.00032275
0.00032271
0.00032267
0.00032263
0.00032259
0.00032255
0.0003225
0.00032245
0.00032241
0.00032235
0.0003223
0.00032224
0.00032219
0.00032213
0.00032207
0.000322
0.00032194
0.00032187
0.0003218
0.00032173
0.00032166
0.00032158
0.0003215
0.00032142
0.00032134
0.00032126
0.00032117
0.00032108
0.000321
0.0003209
0.00032081
0.00032071
0.00032062
0.00032052
0.00032041
0.00032031
0.0003202
0.00032009
0.00031998
0.00031987
0.00031976
0.00031964
0.00031952
0.0003194
0.00031928
0.00031915
0.00031903
0.0003189
0.00031877
0.00031863
0.0003185
0.00031836
0.00031822
0.00031808
0.00031793
0.00031779
0.00031764
0.00031749
0.00031734
0.00031718
0.00031702
0.00031687
0.0003167
0.00031654
0.00031638
0.00031621
0.00031604
0.00031587
0.00031569
0.00031552
0.00031534
0.00031516
0.00031498
0.00031479
0.0003146
0.00031441
0.00031422
0.00031403
0.00031383
0.00031363
0.00031343
0.00031323
0.00031303
0.00031282
0.00031261
0.0003124
0.00031219
0.00031197
0.00031175
0.00031153
0.00031131
0.00031109
0.00031086
0.00031063
0.0003104
0.00031017
0.00030993
0.00030969
0.00030945
0.00030921
0.00030897
0.00030872
0.00030847
0.00030822
0.00030797
0.00030771
0.00030745
0.00030719
0.00030693
0.00030667
0.0003064
0.00030613
0.00030586
0.00030559
0.00030531
0.00030503
0.00030475
0.00030447
0.00030419
0.0003039
0.00030361
0.00030332
0.00030302
0.00030273
0.00030243
0.00030213
0.00030183
0.00030152
0.00030121
0.0003009
0.00030059
0.00030028
0.00029996
0.00029964
0.00029932
0.000299
0.00029867
0.00029834
0.00029801
0.00029768
0.00029735
0.00029701
0.00029667
0.00029633
0.00029599
0.00029564
0.00029529
0.00029494
0.00029459
0.00029423
0.00029388
0.00029352
0.00029316
0.00029279
0.00029242
0.00029206
0.00029168
0.00029131
0.00029094
0.00029056
0.00029018
0.0002898
0.00028941
0.00028902
0.00028863
0.00028824
0.00028785
0.00028745
0.00028706
0.00028665
0.00028625
0.00028585
0.00028544
0.00028503
0.00028462
0.0002842
0.00028379
0.00028337
0.00028295
0.00028252
0.0002821
0.00028167
0.00028124
0.00028081
0.00028037
0.00027994
0.0002795
0.00027906
0.00027861
0.00027817
0.00027772
0.00027727
0.00027682
0.00027636
0.0002759
0.00027544
0.00027498
0.00027452
0.00027405
0.00027358
0.00027311
0.00027264
0.00027217
0.00027169
0.00027121
0.00027073
0.00027024
0.00026976
0.00026927
0.00026878
0.00026829
0.00026779
0.00026729
0.00026679
0.00026629
0.00026579
0.00026528
0.00026477
0.00026426
0.00026375
0.00026323
0.00026272
0.0002622
0.00026168
0.00026115
0.00026063
0.0002601
0.00025957
0.00025903
0.0002585
0.00025796
0.00025742
0.00025688
0.00025634
0.00025579
0.00025524
0.00025469
0.00025414
0.00025359
0.00025303
0.00025247
0.00025191
0.00025135
0.00025078
0.00025022
0.00024965
0.00024908
0.0002485
0.00024793
0.00024735
0.00024677
0.00024619
0.0002456
0.00024501
0.00024443
0.00024384
0.00024324
0.00024265
0.00024205
0.00024145
0.00024085
0.00024025
0.00023964
0.00023903
0.00023843
0.00023781
0.0002372
0.00023658
0.00023597
0.00023535
0.00023472
0.0002341
0.00023347
0.00023285
0.00023222
0.00023158
0.00023095
0.00023031
0.00022968
0.00022904
0.00022839
0.00022775
0.0002271
0.00022646
0.0002258
0.00022515
0.0002245
0.00022384
0.00022318
0.00022252
0.00022186
0.0002212
0.00022053
0.00021986
0.00021919
0.00021852
0.00021785
0.00021717
0.00021649
0.00021581
0.00021513
0.00021445
0.00021376
0.00021308
0.00021239
0.0002117
0.000211
0.00021031
0.00020961
0.00020891
0.00020821
0.00020751
0.00020681
0.0002061
0.00020539
0.00020468
0.00020397
0.00020326
0.00020254
0.00020182
0.00020111
0.00020038
0.00019966
0.00019894
0.00019821
0.00019748
0.00019675
0.00019602
0.00019529
0.00019455
0.00019382
0.00019308
0.00019234
0.0001916
0.00019085
0.00019011
0.00018936
0.00018861
0.00018786
0.00018711
0.00018635
0.0001856
0.00018484
0.00018408
0.00018332
0.00018256
0.00018179
0.00018103
0.00018026
0.00017949
0.00017872
0.00017795
0.00017717
0.0001764
0.00017562
0.00017484
0.00017406
0.00017328
0.00017249
0.00017171
0.00017092
0.00017013
0.00016934
0.00016855
0.00016776
0.00016696
0.00016617
0.00016537
0.00016457
0.00016377
0.00016297
0.00016216
0.00016136
0.00016055
0.00015974
0.00015893
0.00015812
0.00015731
0.00015649
0.00015568
0.00015486
0.00015404
0.00015322
0.0001524
0.00015158
0.00015075
0.00014993
0.0001491
0.00014827
0.00014744
0.00014661
0.00014578
0.00014495
0.00014411
0.00014328
0.00014244
0.0001416
0.00014076
0.00013992
0.00013907
0.00013823
0.00013738
0.00013654
0.00013569
0.00013484
0.00013399
0.00013314
0.00013229
0.00013143
0.00013058
0.00012972
0.00012886
0.000128
0.00012714
0.00012628
0.00012542
0.00012455
0.00012369
0.00012282
0.00012196
0.00012109
0.00012022
0.00011935
0.00011848
0.0001176
0.00011673
0.00011585
0.00011498
0.0001141
0.00011322
0.00011234
0.00011146
0.00011058
0.0001097
0.00010882
0.00010793
0.00010705
0.00010616
0.00010527
0.00010439
0.0001035
0.00010261
0.00010172
0.00010082
9.9931e-05
9.9038e-05
9.8143e-05
9.7247e-05
9.6351e-05
9.5453e-05
9.4555e-05
9.3656e-05
9.2756e-05
9.1855e-05
9.0953e-05
9.0051e-05
8.9147e-05
8.8243e-05
8.7338e-05
8.6432e-05
8.5526e-05
8.4619e-05
8.371e-05
8.2802e-05
8.1892e-05
8.0982e-05
8.0071e-05
7.9159e-05
7.8246e-05
7.7333e-05
7.6419e-05
7.5504e-05
7.4589e-05
7.3673e-05
7.2756e-05
7.1839e-05
7.0921e-05
7.0002e-05
6.9083e-05
6.8163e-05
6.7243e-05
6.6322e-05
6.54e-05
6.4478e-05
6.3555e-05
6.2632e-05
6.1708e-05
6.0784e-05
5.9859e-05
5.8933e-05
5.8007e-05
5.7081e-05
5.6154e-05
5.5226e-05
5.4298e-05
5.337e-05
5.2441e-05
5.1511e-05
5.0581e-05
4.9651e-05
4.872e-05
4.7789e-05
4.6858e-05
4.5926e-05
4.4994e-05
4.4061e-05
4.3128e-05
4.2195e-05
4.1261e-05
4.0327e-05
3.9392e-05
3.8458e-05
3.7523e-05
3.6587e-05
3.5652e-05
3.4716e-05
3.3779e-05
3.2843e-05
3.1906e-05
3.0969e-05
3.0032e-05
2.9095e-05
2.8157e-05
2.7219e-05
2.6281e-05
2.5343e-05
2.4404e-05
2.3466e-05
2.2527e-05
2.1588e-05
2.0649e-05
1.971e-05
1.8771e-05
1.7831e-05
1.6892e-05
1.5952e-05
1.5012e-05
1.4072e-05
1.3133e-05
1.2193e-05
1.1253e-05
1.0313e-05
9.3726e-06
8.4325e-06
7.4924e-06
6.5524e-06
5.6123e-06
4.6723e-06
3.7322e-06
2.7923e-06
1.8523e-06
9.1246e-07
-2.7355e-08
-9.6709e-07
-1.9067e-06
-2.8463e-06
-3.7858e-06
-4.7251e-06
-5.6643e-06
-6.6034e-06
-7.5424e-06
-8.4812e-06
-9.4198e-06
-1.0358e-05
-1.1297e-05
-1.2235e-05
-1.3173e-05
-1.411e-05
-1.5048e-05
-1.5985e-05
-1.6922e-05
-1.7859e-05
-1.8795e-05
-1.9732e-05
-2.0668e-05
-2.1603e-05
-2.2539e-05
-2.3474e-05
-2.4409e-05
-2.5343e-05
-2.6277e-05
-2.7211e-05
-2.8145e-05
-2.9078e-05
-3.0011e-05
-3.0943e-05
-3.1875e-05
-3.2807e-05
-3.3738e-05
-3.4668e-05
-3.5599e-05
-3.6529e-05
-3.7458e-05
-3.8387e-05
-3.9316e-05
-4.0244e-05
-4.1172e-05
-4.2099e-05
-4.3025e-05
-4.3952e-05
-4.4877e-05
-4.5802e-05
-4.6727e-05
-4.7651e-05
-4.8575e-05
-4.9497e-05
-5.042e-05
-5.1342e-05
-5.2263e-05
-5.3183e-05
-5.4103e-05
-5.5023e-05
-5.5942e-05
-5.686e-05
-5.7777e-05
-5.8694e-05
-5.961e-05
-6.0526e-05
-6.144e-05
-6.2355e-05
-6.3268e-05
-6.4181e-05
-6.5093e-05
-6.6004e-05
-6.6915e-05
-6.7825e-05
-6.8734e-05
-6.9642e-05
-7.055e-05
-7.1456e-05
-7.2362e-05
-7.3268e-05
-7.4172e-05
-7.5076e-05
-7.5978e-05
-7.688e-05
-7.7781e-05
-7.8682e-05
-7.9581e-05
-8.048e-05
-8.1377e-05
-8.2274e-05
-8.317e-05
-8.4065e-05
-8.4959e-05
-8.5852e-05
-8.6745e-05
-8.7636e-05
-8.8527e-05
-8.9416e-05
-9.0304e-05
-9.1192e-05
-9.2079e-05
-9.2964e-05
-9.3849e-05
-9.4732e-05
-9.5615e-05
-9.6496e-05
-9.7377e-05
-9.8257e-05
-9.9135e-05
-0.00010001
-0.00010089
-0.00010176
-0.00010264
-0.00010351
-0.00010438
-0.00010525
-0.00010612
-0.00010699
-0.00010786
-0.00010873
-0.00010959
-0.00011046
-0.00011132
-0.00011218
-0.00011304
-0.0001139
-0.00011476
-0.00011562
-0.00011647
-0.00011733
-0.00011818
-0.00011903
-0.00011988
-0.00012073
-0.00012158
-0.00012243
-0.00012328
-0.00012412
-0.00012496
-0.00012581
-0.00012665
-0.00012749
-0.00012833
-0.00012916
-0.00013
-0.00013083
-0.00013167
-0.0001325
-0.00013333
-0.00013416
-0.00013498
-0.00013581
-0.00013664
-0.00013746
-0.00013828
-0.0001391
-0.00013992
-0.00014074
-0.00014155
-0.00014237
-0.00014318
-0.00014399
-0.00014481
-0.00014561
-0.00014642
-0.00014723
-0.00014803
-0.00014884
-0.00014964
-0.00015044
-0.00015124
-0.00015203
-0.00015283
-0.00015362
-0.00015442
-0.00015521
-0.000156
-0.00015678
-0.00015757
-0.00015835
-0.00015914
-0.00015992
-0.0001607
-0.00016148
-0.00016225
-0.00016303
-0.0001638
-0.00016458
-0.00016535
-0.00016611
-0.00016688
-0.00016765
-0.00016841
-0.00016917
-0.00016993
-0.00017069
-0.00017145
-0.0001722
-0.00017296
-0.00017371
-0.00017446
-0.00017521
-0.00017595
-0.0001767
-0.00017744
-0.00017818
-0.00017892
-0.00017966
-0.0001804
-0.00018113
-0.00018187
-0.0001826
-0.00018333
-0.00018405
-0.00018478
-0.0001855
-0.00018623
-0.00018695
-0.00018767
-0.00018838
-0.0001891
-0.00018981
-0.00019052
-0.00019123
-0.00019194
-0.00019264
-0.00019335
-0.00019405
-0.00019475
-0.00019545
-0.00019615
-0.00019684
-0.00019753
-0.00019822
-0.00019891
-0.0001996
-0.00020028
-0.00020097
-0.00020165
-0.00020233
-0.00020301
-0.00020368
-0.00020436
-0.00020503
-0.0002057
-0.00020636
-0.00020703
-0.00020769
-0.00020836
-0.00020902
-0.00020967
-0.00021033
-0.00021098
-0.00021164
-0.00021229
-0.00021294
-0.00021358
-0.00021423
-0.00021487
-0.00021551
-0.00021615
-0.00021678
-0.00021742
-0.00021805
-0.00021868
-0.00021931
-0.00021993
-0.00022056
-0.00022118
-0.0002218
-0.00022242
-0.00022303
-0.00022365
-0.00022426
-0.00022487
-0.00022548
-0.00022608
-0.00022668
-0.00022729
-0.00022789
-0.00022848
-0.00022908
-0.00022967
-0.00023026
-0.00023085
-0.00023144
-0.00023202
-0.00023261
-0.00023319
-0.00023376
-0.00023434
-0.00023491
-0.00023549
-0.00023606
-0.00023662
-0.00023719
-0.00023775
-0.00023832
-0.00023887
-0.00023943
-0.00023999
-0.00024054
-0.00024109
-0.00024164
-0.00024218
-0.00024273
-0.00024327
-0.00024381
-0.00024435
-0.00024488
-0.00024542
-0.00024595
-0.00024648
-0.00024701
-0.00024753
-0.00024805
-0.00024857
-0.00024909
-0.00024961
-0.00025012
-0.00025063
-0.00025114
-0.00025165
-0.00025215
-0.00025266
-0.00025316
-0.00025366
-0.00025415
-0.00025465
-0.00025514
-0.00025563
-0.00025612
-0.0002566
-0.00025708
-0.00025757
-0.00025804
-0.00025852
-0.00025899
-0.00025947
-0.00025994
-0.0002604
-0.00026087
-0.00026133
-0.00026179
-0.00026225
-0.00026271
-0.00026316
-0.00026361
-0.00026406
-0.00026451
-0.00026496
-0.0002654
-0.00026584
-0.00026628
-0.00026671
-0.00026715
-0.00026758
-0.00026801
-0.00026844
-0.00026886
-0.00026928
-0.00026971
-0.00027012
-0.00027054
-0.00027095
-0.00027137
-0.00027177
-0.00027218
-0.00027259
-0.00027299
-0.00027339
-0.00027379
-0.00027418
-0.00027458
-0.00027497
-0.00027536
-0.00027574
-0.00027613
-0.00027651
-0.00027689
-0.00027727
-0.00027765
-0.00027802
-0.00027839
-0.00027876
-0.00027912
-0.00027949
-0.00027985
-0.00028021
-0.00028057
-0.00028092
-0.00028128
-0.00028163
-0.00028198
-0.00028232
-0.00028267
-0.00028301
-0.00028335
-0.00028369
-0.00028402
-0.00028435
-0.00028468
-0.00028501
-0.00028534
-0.00028566
-0.00028599
-0.0002863
-0.00028662
-0.00028694
-0.00028725
-0.00028756
-0.00028787
-0.00028817
-0.00028848
-0.00028878
-0.00028908
-0.00028938
-0.00028967
-0.00028996
-0.00029025
-0.00029054
-0.00029083
-0.00029111
-0.00029139
-0.00029167
-0.00029195
-0.00029222
-0.0002925
-0.00029277
-0.00029304
-0.0002933
-0.00029356
-0.00029383
-0.00029409
-0.00029434
-0.0002946
-0.00029485
-0.0002951
-0.00029535
-0.0002956
-0.00029584
-0.00029608
-0.00029632
-0.00029656
-0.00029679
-0.00029703
-0.00029726
-0.00029749
-0.00029771
-0.00029794
-0.00029816
-0.00029838
-0.0002986
-0.00029881
-0.00029902
-0.00029923
-0.00029944
-0.00029965
-0.00029986
-0.00030006
-0.00030026
-0.00030046
-0.00030065
-0.00030085
-0.00030104
-0.00030123
-0.00030141
-0.0003016
-0.00030178
-0.00030196
-0.00030214
-0.00030232
-0.00030249
-0.00030267
-0.00030284
-0.00030301
-0.00030317
-0.00030334
-0.0003035
-0.00030366
-0.00030381
-0.00030397
-0.00030412
-0.00030428
-0.00030442
-0.00030457
-0.00030472
-0.00030486
-0.000305
-0.00030514
-0.00030528
-0.00030541
-0.00030554
-0.00030567
-0.0003058
-0.00030593
-0.00030605
-0.00030617
-0.00030629
-0.00030641
-0.00030653
-0.00030664
-0.00030675
-0.00030686
-0.00030697
-0.00030708
-0.00030718
-0.00030728
-0.00030738
-0.00030748
-0.00030758
-0.00030767
-0.00030776
-0.00030785
-0.00030794
-0.00030803
-0.00030811
-0.00030819
-0.00030827
-0.00030835
-0.00030842
-0.0003085
-0.00030857
-0.00030864
-0.00030871
-0.00030877
-0.00030884
-0.0003089
-0.00030896
-0.00030902
-0.00030907
-0.00030913
-0.00030918
-0.00030923
-0.00030928
-0.00030933
-0.00030937
-0.00030941
-0.00030945
-0.00030949
-0.00030953
-0.00030956
-0.0003096
-0.00030963
-0.00030966
-0.00030969
-0.00030971
-0.00030973
-0.00030976
-0.00030978
-0.00030979
-0.00030981
-0.00030982
-0.00030984
-0.00030985
-0.00030986
-0.00030986
-0.00030987
-0.00030987
-0.00030987
-0.00030987
-0.00030987
-0.00030987
-0.00030986
-0.00030985
-0.00030984
-0.00030983
-0.00030982
-0.0003098
-0.00030979
-0.00030977
-0.00030975
-0.00030973
-0.0003097
-0.00030968
-0.00030965
-0.00030962
-0.00030959
-0.00030956
-0.00030952
-0.00030949
-0.00030945
-0.00030941
-0.00030937
-0.00030933
-0.00030928
-0.00030923
-0.00030919
-0.00030914
-0.00030909
-0.00030903
-0.00030898
-0.00030892
-0.00030886
-0.0003088
-0.00030874
-0.00030868
-0.00030861
-0.00030855
-0.00030848
-0.00030841
-0.00030834
-0.00030826
-0.00030819
-0.00030811
-0.00030803
-0.00030795
-0.00030787
-0.00030779
-0.00030771
-0.00030762
-0.00030753
-0.00030744
-0.00030735
-0.00030726
-0.00030717
-0.00030707
-0.00030697
-0.00030687
-0.00030677
-0.00030667
-0.00030657
-0.00030646
-0.00030636
-0.00030625
-0.00030614
-0.00030603
-0.00030592
-0.0003058
-0.00030569
-0.00030557
-0.00030545
-0.00030533
-0.00030521
-0.00030509
-0.00030496
-0.00030484
-0.00030471
-0.00030458
-0.00030445
-0.00030432
-0.00030419
-0.00030405
-0.00030392
-0.00030378
-0.00030364
-0.0003035
-0.00030336
-0.00030321
-0.00030307
-0.00030292
-0.00030278
-0.00030263
-0.00030248
-0.00030233
-0.00030217
-0.00030202
-0.00030186
-0.00030171
-0.00030155
-0.00030139
-0.00030123
-0.00030106
-0.0003009
-0.00030074
-0.00030057
-0.0003004
-0.00030023
-0.00030006
-0.00029989
-0.00029972
-0.00029954
-0.00029937
-0.00029919
-0.00029901
-0.00029883
-0.00029865
-0.00029847
-0.00029829
-0.0002981
-0.00029792
-0.00029773
-0.00029754
-0.00029735
-0.00029716
-0.00029697
-0.00029678
-0.00029658
-0.00029639
-0.00029619
-0.00029599
-0.0002958
-0.0002956
-0.00029539
-0.00029519
-0.00029499
-0.00029478
-0.00029458
-0.00029437
-0.00029416
-0.00029395
-0.00029374
-0.00029353
-0.00029332
-0.0002931
-0.00029289
-0.00029267
-0.00029245
-0.00029224
-0.00029202
-0.0002918
-0.00029157
-0.00029135
-0.00029113
-0.0002909
-0.00029068
-0.00029045
-0.00029022
-0.00028999
-0.00028976
-0.00028953
-0.0002893
-0.00028906
-0.00028883
-0.00028859
-0.00028836
-0.00028812
-0.00028788
-0.00028764
-0.0002874
-0.00028716
-0.00028692
-0.00028667
-0.00028643
-0.00028618
-0.00028594
-0.00028569
-0.00028544
-0.00028519
-0.00028494
-0.00028469
-0.00028444
-0.00028419
-0.00028393
-0.00028368
-0.00028342
-0.00028317
-0.00028291
-0.00028265
-0.00028239
-0.00028213
-0.00028187
-0.00028161
-0.00028135
-0.00028108
-0.00028082
-0.00028055
-0.00028029
-0.00028002
-0.00027975
-0.00027948
-0.00027921
-0.00027894
-0.00027867
-0.0002784
-0.00027813
-0.00027785
-0.00027758
-0.0002773
-0.00027703
-0.00027675
-0.00027647
-0.00027619
-0.00027591
-0.00027563
-0.00027535
-0.00027507
-0.00027479
-0.00027451
-0.00027422
-0.00027394
-0.00027365
-0.00027337
-0.00027308
-0.00027279
-0.0002725
-0.00027221
-0.00027192
-0.00027163
-0.00027134
-0.00027105
-0.00027076
-0.00027047
-0.00027017
-0.00026988
-0.00026958
-0.00026929
-0.00026899
-0.00026869
-0.0002684
-0.0002681
-0.0002678
-0.0002675
-0.0002672
-0.0002669
-0.0002666
-0.00026629
-0.00026599
-0.00026569
-0.00026538
-0.00026508
-0.00026477
-0.00026447
-0.00026416
-0.00026386
-0.00026355
-0.00026324
-0.00026293
-0.00026262
-0.00026231
-0.000262
-0.00026169
-0.00026138
-0.00026107
-0.00026075
-0.00026044
-0.00026013
-0.00025981
-0.0002595
-0.00025918
-0.00025887
-0.00025855
-0.00025824
-0.00025792
-0.0002576
-0.00025728
-0.00025696
-0.00025665
-0.00025633
-0.00025601
-0.00025569
-0.00025536
-0.00025504
-0.00025472
-0.0002544
-0.00025408
-0.00025375
-0.00025343
-0.00025311
-0.00025278
-0.00025246
-0.00025213
-0.00025181
-0.00025148
-0.00025115
-0.00025083
-0.0002505
-0.00025017
-0.00024984
-0.00024951
-0.00024919
-0.00024886
-0.00024853
-0.0002482
-0.00024787
-0.00024754
-0.00024721
-0.00024687
-0.00024654
-0.00024621
-0.00024588
-0.00024554
-0.00024521
-0.00024488
-0.00024454
-0.00024421
-0.00024388
-0.00024354
-0.00024321
-0.00024287
-0.00024254
-0.0002422
-0.00024186
-0.00024153
-0.00024119
-0.00024085
-0.00024052
-0.00024018
-0.00023984
-0.0002395
-0.00023916
-0.00023883
-0.00023849
-0.00023815
-0.00023781
-0.00023747
-0.00023713
-0.00023679
-0.00023645
-0.00023611
-0.00023577
-0.00023543
-0.00023508
-0.00023474
-0.0002344
-0.00023406
-0.00023372
-0.00023338
-0.00023303
-0.00023269
-0.00023235
-0.00023201
-0.00023166
-0.00023132
-0.00023098
-0.00023063
-0.00023029
-0.00022994
-0.0002296
-0.00022926
-0.00022891
-0.00022857
-0.00022822
-0.00022788
-0.00022753
-0.00022719
-0.00022684
-0.0002265
-0.00022615
-0.0002258
-0.00022546
-0.00022511
-0.00022477
-0.00022442
-0.00022407
-0.00022373
-0.00022338
-0.00022304
-0.00022269
-0.00022234
-0.000222
-0.00022165
-0.0002213
-0.00022096
-0.00022061
-0.00022026
-0.00021991
-0.00021957
-0.00021922
-0.00021887
-0.00021852
-0.00021818
-0.00021783
-0.00021748
-0.00021714
-0.00021679
-0.00021644
-0.00021609
-0.00021574
-0.0002154
-0.00021505
-0.0002147
-0.00021435
-0.00021401
-0.00021366
-0.00021331
-0.00021296
-0.00021262
-0.00021227
-0.00021192
-0.00021157
-0.00021122
-0.00021088
-0.00021053
-0.00021018
-0.00020983
-0.00020949
-0.00020914
-0.00020879
-0.00020844
-0.0002081
-0.00020775
-0.0002074
-0.00020705
-0.00020671
-0.00020636
-0.00020601
-0.00020566
-0.00020532
-0.00020497
-0.00020462
-0.00020428
-0.00020393
-0.00020358
-0.00020324
-0.00020289
-0.00020254
-0.0002022
-0.00020185
-0.0002015
-0.00020116
-0.00020081
-0.00020047
-0.00020012
-0.00019978
-0.00019943
-0.00019908
-0.00019874
-0.00019839
-0.00019805
-0.0001977
-0.00019736
-0.00019701
-0.00019667
-0.00019632
-0.00019598
-0.00019564
-0.00019529
-0.00019495
-0.0001946
-0.00019426
-0.00019392
-0.00019357
-0.00019323
-0.00019289
-0.00019254
-0.0001922
-0.00019186
-0.00019152
-0.00019117
-0.00019083
-0.00019049
-0.00019015
-0.00018981
-0.00018946
-0.00018912
-0.00018878
-0.00018844
-0.0001881
-0.00018776
-0.00018742
-0.00018708
-0.00018674
-0.0001864
-0.00018606
-0.00018572
-0.00018538
-0.00018504
-0.0001847
-0.00018436
-0.00018402
-0.00018369
-0.00018335
-0.00018301
-0.00018267
-0.00018234
-0.000182
-0.00018166
-0.00018132
-0.00018099
-0.00018065
-0.00018032
-0.00017998
-0.00017964
-0.00017931
-0.00017897
-0.00017864
-0.00017831
-0.00017797
-0.00017764
-0.0001773
-0.00017697
-0.00017664
-0.0001763
-0.00017597
-0.00017564
-0.0001753
-0.00017497
-0.00017464
-0.00017431
-0.00017398
-0.00017365
-0.00017332
-0.00017299
-0.00017266
-0.00017233
-0.000172
-0.00017167
-0.00017134
-0.00017101
-0.00017068
-0.00017035
-0.00017002
-0.0001697
-0.00016937
-0.00016904
-0.00016871
-0.00016839
-0.00016806
-0.00016774
-0.00016741
-0.00016709
-0.00016676
-0.00016644
-0.00016611
-0.00016579
-0.00016546
-0.00016514
-0.00016482
-0.00016449
-0.00016417
-0.00016385
-0.00016353
-0.0001632
-0.00016288
-0.00016256
-0.00016224
-0.00016192
-0.0001616
-0.00016128
-0.00016096
-0.00016064
-0.00016032
-0.00016001
-0.00015969
-0.00015937
-0.00015905
-0.00015874
-0.00015842
-0.0001581
-0.00015779
-0.00015747
-0.00015716
-0.00015684
-0.00015653
-0.00015621
-0.0001559
-0.00015558
-0.00015527
-0.00015496
-0.00015465
-0.00015433
-0.00015402
-0.00015371
-0.0001534
-0.00015309
-0.00015278
-0.00015247
-0.00015216
-0.00015185
-0.00015154
-0.00015123
-0.00015092
-0.00015061
-0.00015031
-0.00015
-0.00014969
-0.00014939
-0.00014908
-0.00014878
-0.00014847
-0.00014817
-0.00014786
-0.00014756
-0.00014725
-0.00014695
-0.00014665
-0.00014634
-0.00014604
-0.00014574
-0.00014544
-0.00014514
-0.00014484
-0.00014454
-0.00014424
-0.00014394
-0.00014364
-0.00014334
-0.00014304
-0.00014274
-0.00014245
-0.00014215
-0.00014185
-0.00014156
-0.00014126
-0.00014096
-0.00014067
-0.00014037
-0.00014008
-0.00013979
-0.00013949
-0.0001392
-0.00013891
-0.00013862
-0.00013832
-0.00013803
-0.00013774
-0.00013745
-0.00013716
-0.00013687
-0.00013658
-0.00013629
-0.000136
-0.00013572
-0.00013543
-0.00013514
-0.00013485
-0.00013457
-0.00013428
-0.000134
-0.00013371
-0.00013343
-0.00013314
-0.00013286
-0.00013257
-0.00013229
-0.00013201
-0.00013173
-0.00013144
-0.00013116
-0.00013088
-0.0001306
-0.00013032
-0.00013004
-0.00012976
-0.00012948
-0.0001292
-0.00012893
-0.00012865
-0.00012837
-0.0001281
-0.00012782
-0.00012754
-0.00012727
-0.00012699
-0.00012672
-0.00012645
-0.00012617
-0.0001259
-0.00012563
-0.00012535
-0.00012508
-0.00012481
-0.00012454
-0.00012427
-0.000124
-0.00012373
-0.00012346
-0.00012319
-0.00012292
-0.00012266
-0.00012239
-0.00012212
-0.00012186
-0.00012159
-0.00012132
-0.00012106
-0.00012079
-0.00012053
-0.00012027
-0.00012
-0.00011974
-0.00011948
-0.00011922
-0.00011895
-0.00011869
-0.00011843
-0.00011817
-0.00011791
-0.00011765
-0.0001174
-0.00011714
-0.00011688
-0.00011662
-0.00011637
-0.00011611
-0.00011585
-0.0001156
-0.00011534
-0.00011509
-0.00011483
-0.00011458
-0.00011433
-0.00011407
-0.00011382
-0.00011357
-0.00011332
-0.00011307
-0.00011282
-0.00011257
-0.00011232
-0.00011207
-0.00011182
-0.00011157
-0.00011133
-0.00011108
-0.00011083
-0.00011059
-0.00011034
-0.00011009
-0.00010985
-0.00010961
-0.00010936
-0.00010912
-0.00010888
-0.00010863
-0.00010839
-0.00010815
-0.00010791
-0.00010767
-0.00010743
-0.00010719
-0.00010695
-0.00010671
-0.00010647
-0.00010624
-0.000106
-0.00010576
-0.00010553
-0.00010529
-0.00010505
-0.00010482
-0.00010459
-0.00010435
-0.00010412
-0.00010388
-0.00010365
-0.00010342
-0.00010319
-0.00010296
-0.00010273
-0.0001025
-0.00010227
-0.00010204
-0.00010181
-0.00010158
-0.00010135
-0.00010113
-0.0001009
-0.00010067
-0.00010045
-0.00010022
-9.9999e-05
-9.9775e-05
-9.9551e-05
-9.9328e-05
-9.9105e-05
-9.8882e-05
-9.8661e-05
-9.8439e-05
-9.8218e-05
-9.7998e-05
-9.7778e-05
-9.7559e-05
-9.734e-05
-9.7121e-05
-9.6903e-05
-9.6686e-05
-9.6469e-05
-9.6252e-05
-9.6036e-05
-9.5821e-05
-9.5606e-05
-9.5391e-05
-9.5177e-05
-9.4963e-05
-9.475e-05
-9.4537e-05
-9.4325e-05
-9.4114e-05
-9.3902e-05
-9.3692e-05
-9.3481e-05
-9.3272e-05
-9.3062e-05
-9.2854e-05
-9.2645e-05
-9.2438e-05
-9.223e-05
-9.2024e-05
-9.1817e-05
-9.1611e-05
-9.1406e-05
-9.1201e-05
-9.0997e-05
-9.0793e-05
-9.059e-05
-9.0387e-05
-9.0184e-05
-8.9982e-05
-8.9781e-05
-8.958e-05
-8.9379e-05
-8.9179e-05
-8.898e-05
-8.8781e-05
-8.8582e-05
-8.8384e-05
-8.8187e-05
-8.799e-05
-8.7793e-05
-8.7597e-05
-8.7402e-05
-8.7206e-05
-8.7012e-05
-8.6818e-05
-8.6624e-05
-8.6431e-05
-8.6238e-05
-8.6046e-05
-8.5854e-05
-8.5663e-05
-8.5473e-05
-8.5282e-05
-8.5093e-05
-8.4903e-05
-8.4715e-05
-8.4526e-05
-8.4339e-05
-8.4151e-05
-8.3964e-05
-8.3778e-05
-8.3592e-05
-8.3407e-05
-8.3222e-05
-8.3038e-05
-8.2854e-05
-8.2671e-05
-8.2488e-05
-8.2305e-05
-8.2123e-05
-8.1942e-05
-8.1761e-05
-8.1581e-05
-8.1401e-05
-8.1221e-05
-8.1042e-05
-8.0864e-05
-8.0686e-05
-8.0508e-05
-8.0331e-05
-8.0155e-05
-7.9978e-05
-7.9803e-05
-7.9628e-05
-7.9453e-05
-7.9279e-05
-7.9105e-05
-7.8932e-05
-7.876e-05
-7.8587e-05
-7.8416e-05
-7.8245e-05
-7.8074e-05
-7.7904e-05
-7.7734e-05
-7.7565e-05
-7.7396e-05
-7.7228e-05
-7.706e-05
-7.6892e-05
-7.6726e-05
-7.6559e-05
-7.6393e-05
-7.6228e-05
-7.6063e-05
-7.5899e-05
-7.5735e-05
-7.5571e-05
-7.5408e-05
-7.5246e-05
-7.5084e-05
-7.4922e-05
-7.4761e-05
-7.4601e-05
-7.4441e-05
-7.4281e-05
-7.4122e-05
-7.3963e-05
-7.3805e-05
-7.3647e-05
-7.349e-05
-7.3334e-05
-7.3177e-05
-7.3022e-05
-7.2866e-05
-7.2712e-05
-7.2557e-05
-7.2403e-05
-7.225e-05
-7.2097e-05
-7.1945e-05
-7.1793e-05
-7.1641e-05
-7.149e-05
-7.134e-05
-7.119e-05
-7.104e-05
-7.0891e-05
-7.0743e-05
-7.0595e-05
-7.0447e-05
-7.03e-05
-7.0153e-05
-7.0007e-05
-6.9861e-05
-6.9716e-05
-6.9571e-05
-6.9427e-05
-6.9283e-05
-6.914e-05
-6.8997e-05
-6.8854e-05
-6.8712e-05
-6.8571e-05
-6.843e-05
-6.8289e-05
-6.8149e-05
-6.801e-05
-6.787e-05
-6.7732e-05
-6.7594e-05
-6.7456e-05
-6.7319e-05
-6.7182e-05
-6.7045e-05
-6.6909e-05
-6.6774e-05
-6.6639e-05
-6.6505e-05
-6.6371e-05
-6.6237e-05
-6.6104e-05
-6.5971e-05
-6.5839e-05
-6.5707e-05
-6.5576e-05
-6.5445e-05
-6.5315e-05
-6.5185e-05
-6.5056e-05
-6.4927e-05
-6.4798e-05
-6.467e-05
-6.4543e-05
-6.4416e-05
-6.4289e-05
-6.4163e-05
-6.4037e-05
-6.3912e-05
-6.3787e-05
-6.3662e-05
-6.3538e-05
-6.3415e-05
-6.3292e-05
-6.3169e-05
-6.3047e-05
-6.2925e-05
-6.2804e-05
-6.2683e-05
-6.2563e-05
-6.2443e-05
-6.2324e-05
-6.2205e-05
-6.2086e-05
-6.1968e-05
-6.185e-05
-6.1733e-05
-6.1616e-05
-6.15e-05
-6.1384e-05
-6.1269e-05
-6.1154e-05
-6.1039e-05
-6.0925e-05
-6.0811e-05
-6.0698e-05
-6.0585e-05
-6.0473e-05
-6.0361e-05
-6.0249e-05
-6.0138e-05
-6.0028e-05
-5.9917e-05
-5.9808e-05
-5.9698e-05
-5.9589e-05
-5.9481e-05
-5.9373e-05
-5.9265e-05
-5.9158e-05
-5.9051e-05
-5.8945e-05
-5.8839e-05
-5.8733e-05
-5.8628e-05
-5.8524e-05
-5.8419e-05
-5.8315e-05
-5.8212e-05
-5.8109e-05
-5.8007e-05
-5.7904e-05
-5.7803e-05
-5.7701e-05
-5.76e-05
-5.75e-05
-5.74e-05
-5.73e-05
-5.7201e-05
-5.7102e-05
-5.7004e-05
-5.6906e-05
-5.6808e-05
-5.6711e-05
-5.6614e-05
-5.6518e-05
-5.6422e-05
-5.6326e-05
-5.6231e-05
-5.6136e-05
-5.6042e-05
-5.5948e-05
-5.5854e-05
-5.5761e-05
-5.5668e-05
-5.5576e-05
-5.5484e-05
-5.5392e-05
-5.5301e-05
-5.521e-05
-5.512e-05
-5.503e-05
-5.494e-05
-5.4851e-05
-5.4762e-05
-5.4673e-05
-5.4585e-05
-5.4498e-05
-5.441e-05
-5.4323e-05
-5.4237e-05
-5.415e-05
-5.4065e-05
-5.3979e-05
-5.3894e-05
-5.3809e-05
-5.3725e-05
-5.3641e-05
-5.3557e-05
-5.3474e-05
-5.3391e-05
-5.3309e-05
-5.3227e-05
-5.3145e-05
-5.3064e-05
-5.2983e-05
-5.2902e-05
-5.2822e-05
-5.2742e-05
-5.2662e-05
-5.2583e-05
-5.2504e-05
-5.2426e-05
-5.2347e-05
-5.227e-05
-5.2192e-05
-5.2115e-05
-5.2038e-05
-5.1962e-05
-5.1886e-05
-5.181e-05
-5.1735e-05
-5.166e-05
-5.1585e-05
-5.151e-05
-5.1436e-05
-5.1363e-05
-5.1289e-05
-5.1216e-05
-5.1144e-05
-5.1071e-05
-5.0999e-05
-5.0928e-05
-5.0856e-05
-5.0785e-05
-5.0714e-05
-5.0644e-05
-5.0574e-05
-5.0504e-05
-5.0435e-05
-5.0366e-05
-5.0297e-05
-5.0228e-05
-5.016e-05
-5.0092e-05
-5.0025e-05
-4.9957e-05
-4.9891e-05
-4.9824e-05
-4.9758e-05
-4.9692e-05
-4.9626e-05
-4.956e-05
-4.9495e-05
-4.943e-05
-4.9366e-05
-4.9302e-05
-4.9238e-05
-4.9174e-05
-4.9111e-05
-4.9048e-05
-4.8985e-05
-4.8922e-05
-4.886e-05
-4.8798e-05
-4.8736e-05
-4.8675e-05
-4.8614e-05
-4.8553e-05
-4.8493e-05
-4.8432e-05
-4.8372e-05
-4.8313e-05
-4.8253e-05
-4.8194e-05
-4.8135e-05
-4.8076e-05
-4.8018e-05
-4.796e-05
-4.7902e-05
-4.7844e-05
-4.7787e-05
-4.773e-05
-4.7673e-05
-4.7616e-05
-4.756e-05
-4.7503e-05
-4.7448e-05
-4.7392e-05
-4.7337e-05
-4.7281e-05
-4.7226e-05
-4.7172e-05
-4.7117e-05
-4.7063e-05
-4.7009e-05
-4.6955e-05
-4.6902e-05
-4.6848e-05
-4.6795e-05
-4.6743e-05
-4.669e-05
-4.6637e-05
-4.6585e-05
-4.6533e-05
-4.6482e-05
-4.643e-05
-4.6379e-05
-4.6327e-05
-4.6277e-05
-4.6226e-05
-4.6175e-05
-4.6125e-05
-4.6075e-05
-4.6025e-05
-4.5975e-05
-4.5926e-05
-4.5876e-05
-4.5827e-05
-4.5778e-05
-4.573e-05
-4.5681e-05
-4.5633e-05
-4.5584e-05
-4.5536e-05
-4.5489e-05
-4.5441e-05
-4.5394e-05
-4.5346e-05
-4.5299e-05
-4.5252e-05
-4.5205e-05
-4.5159e-05
-4.5112e-05
-4.5066e-05
-4.502e-05
-4.4974e-05
-4.4928e-05
-4.4882e-05
-4.4837e-05
-4.4792e-05
-4.4746e-05
-4.4701e-05
-4.4656e-05
-4.4612e-05
-4.4567e-05
-4.4523e-05
-4.4478e-05
-4.4434e-05
-4.439e-05
-4.4346e-05
-4.4302e-05
-4.4259e-05
-4.4215e-05
-4.4172e-05
-4.4129e-05
-4.4086e-05
-4.4043e-05
-4.4e-05
-4.3957e-05
-4.3914e-05
-4.3872e-05
-4.3829e-05
-4.3787e-05
-4.3745e-05
-4.3703e-05
-4.3661e-05
-4.3619e-05
-4.3577e-05
-4.3535e-05
-4.3494e-05
-4.3452e-05
-4.3411e-05
-4.337e-05
-4.3329e-05
-4.3287e-05
-4.3246e-05
-4.3206e-05
-4.3165e-05
-4.3124e-05
-4.3083e-05
-4.3043e-05
-4.3002e-05
-4.2962e-05
-4.2921e-05
-4.2881e-05
-4.2841e-05
-4.2801e-05
-4.2761e-05
-4.2721e-05
-4.2681e-05
-4.2641e-05
-4.2601e-05
-4.2562e-05
-4.2522e-05
-4.2482e-05
-4.2443e-05
-4.2403e-05
-4.2364e-05
-4.2324e-05
-4.2285e-05
-4.2246e-05
-4.2206e-05
-4.2167e-05
-4.2128e-05
-4.2089e-05
-4.205e-05
-4.2011e-05
-4.1972e-05
-4.1933e-05
-4.1894e-05
-4.1855e-05
-4.1816e-05
-4.1777e-05
-4.1738e-05
-4.1699e-05
-4.1661e-05
-4.1622e-05
-4.1583e-05
-4.1544e-05
-4.1506e-05
-4.1467e-05
-4.1428e-05
-4.139e-05
-4.1351e-05
-4.1312e-05
-4.1274e-05
-4.1235e-05
-4.1197e-05
-4.1158e-05
-4.1119e-05
-4.1081e-05
-4.1042e-05
-4.1004e-05
-4.0965e-05
-4.0926e-05
-4.0888e-05
-4.0849e-05
-4.081e-05
-4.0772e-05
-4.0733e-05
-4.0695e-05
-4.0656e-05
-4.0617e-05
-4.0578e-05
-4.054e-05
-4.0501e-05
-4.0462e-05
-4.0423e-05
-4.0385e-05
-4.0346e-05
-4.0307e-05
-4.0268e-05
-4.0229e-05
-4.019e-05
-4.0151e-05
-4.0112e-05
-4.0073e-05
-4.0034e-05
-3.9995e-05
-3.9956e-05
-3.9917e-05
-3.9878e-05
-3.9839e-05
-3.9799e-05
-3.976e-05
-3.9721e-05
-3.9681e-05
-3.9642e-05
-3.9602e-05
-3.9563e-05
-3.9523e-05
-3.9484e-05
-3.9444e-05
-3.9404e-05
-3.9365e-05
-3.9325e-05
-3.9285e-05
-3.9245e-05
-3.9205e-05
-3.9165e-05
-3.9125e-05
-3.9085e-05
-3.9045e-05
-3.9005e-05
-3.8964e-05
-3.8924e-05
-3.8883e-05
-3.8843e-05
-3.8803e-05
-3.8762e-05
-3.8721e-05
-3.8681e-05
-3.864e-05
-3.8599e-05
-3.8558e-05
-3.8517e-05
-3.8476e-05
-3.8435e-05
-3.8394e-05
-3.8353e-05
-3.8311e-05
-3.827e-05
-3.8229e-05
-3.8187e-05
-3.8145e-05
-3.8104e-05
-3.8062e-05
-3.802e-05
-3.7978e-05
-3.7937e-05
-3.7895e-05
-3.7852e-05
-3.781e-05
-3.7768e-05
-3.7726e-05
-3.7683e-05
-3.7641e-05
-3.7599e-05
-3.7556e-05
-3.7513e-05
-3.7471e-05
-3.7428e-05
-3.7385e-05
-3.7342e-05
-3.7299e-05
-3.7256e-05
-3.7213e-05
-3.7169e-05
-3.7126e-05
-3.7083e-05
-3.7039e-05
-3.6996e-05
-3.6952e-05
-3.6908e-05
-3.6864e-05
-3.6821e-05
-3.6777e-05
-3.6733e-05
-3.6689e-05
-3.6644e-05
-3.66e-05
-3.6556e-05
-3.6511e-05
-3.6467e-05
-3.6422e-05
-3.6378e-05
-3.6333e-05
-3.6288e-05
-3.6244e-05
-3.6199e-05
-3.6154e-05
-3.6109e-05
-3.6063e-05
-3.6018e-05
-3.5973e-05
-3.5928e-05
-3.5882e-05
-3.5837e-05
-3.5791e-05
-3.5745e-05
-3.57e-05
-3.5654e-05
-3.5608e-05
-3.5562e-05
-3.5516e-05
-3.547e-05
-3.5424e-05
-3.5378e-05
-3.5332e-05
-3.5285e-05
-3.5239e-05
-3.5192e-05
-3.5146e-05
-3.5099e-05
-3.5053e-05
-3.5006e-05
-3.4959e-05
-3.4912e-05
-3.4865e-05
-3.4818e-05
-3.4771e-05
-3.4724e-05
-3.4677e-05
-3.463e-05
-3.4583e-05
-3.4535e-05
-3.4488e-05
-3.444e-05
-3.4393e-05
-3.4345e-05
-3.4298e-05
-3.425e-05
-3.4202e-05
-3.4155e-05
-3.4107e-05
-3.4059e-05
-3.4011e-05
-3.3963e-05
-3.3915e-05
-3.3867e-05
-3.3819e-05
-3.377e-05
-3.3722e-05
-3.3674e-05
-3.3626e-05
-3.3577e-05
-3.3529e-05
-3.348e-05
-3.3432e-05
-3.3383e-05
-3.3335e-05
-3.3286e-05
-3.3238e-05
-3.3189e-05
-3.314e-05
-3.3091e-05
-3.3042e-05
-3.2994e-05
-3.2945e-05
-3.2896e-05
-3.2847e-05
-3.2798e-05
-3.2749e-05
-3.27e-05
-3.2651e-05
-3.2602e-05
-3.2552e-05
-3.2503e-05
-3.2454e-05
-3.2405e-05
-3.2356e-05
-3.2306e-05
-3.2257e-05
-3.2208e-05
-3.2158e-05
-3.2109e-05
-3.206e-05
-3.201e-05
-3.1961e-05
-3.1911e-05
-3.1862e-05
-3.1812e-05
-3.1763e-05
-3.1713e-05
-3.1664e-05
-3.1614e-05
-3.1564e-05
-3.1515e-05
-3.1465e-05
-3.1415e-05
-3.1366e-05
-3.1316e-05
-3.1266e-05
-3.1217e-05
-3.1167e-05
-3.1117e-05
-3.1068e-05
-3.1018e-05
-3.0968e-05
-3.0918e-05
-3.0869e-05
-3.0819e-05
-3.0769e-05
-3.0719e-05
-3.067e-05
-3.062e-05
-3.057e-05
-3.052e-05
-3.047e-05
-3.042e-05
-3.0371e-05
-3.0321e-05
-3.0271e-05
-3.0221e-05
-3.0171e-05
-3.0121e-05
-3.0072e-05
-3.0022e-05
-2.9972e-05
-2.9922e-05
-2.9872e-05
-2.9822e-05
-2.9773e-05
-2.9723e-05
-2.9673e-05
-2.9623e-05
-2.9573e-05
-2.9523e-05
-2.9473e-05
-2.9424e-05
-2.9374e-05
