0.00012627
0.00012649
0.0001267
0.00012692
0.00012713
0.00012734
0.00012756
0.00012777
0.00012799
0.0001282
0.00012842
0.00012863
0.00012885
0.00012906
0.00012927
0.00012949
0.0001297
0.00012992
0.00013013
0.00013035
0.00013056
0.00013078
0.00013099
0.0001312
0.00013142
0.00013163
0.00013185
0.00013206
0.00013227
0.00013249
0.0001327
0.00013292
0.00013313
0.00013335
0.00013356
0.00013377
0.00013399
0.0001342
0.00013441
0.00013463
0.00013484
0.00013506
0.00013527
0.00013548
0.0001357
0.00013591
0.00013612
0.00013634
0.00013655
0.00013676
0.00013698
0.00013719
0.0001374
0.00013761
0.00013783
0.00013804
0.00013825
0.00013846
0.00013868
0.00013889
0.0001391
0.00013931
0.00013952
0.00013974
0.00013995
0.00014016
0.00014037
0.00014058
0.00014079
0.000141
0.00014121
0.00014142
0.00014163
0.00014185
0.00014206
0.00014227
0.00014248
0.00014268
0.00014289
0.0001431
0.00014331
0.00014352
0.00014373
0.00014394
0.00014415
0.00014436
0.00014456
0.00014477
0.00014498
0.00014519
0.00014539
0.0001456
0.00014581
0.00014602
0.00014622
0.00014643
0.00014663
0.00014684
0.00014705
0.00014725
0.00014746
0.00014766
0.00014787
0.00014807
0.00014827
0.00014848
0.00014868
0.00014888
0.00014909
0.00014929
0.00014949
0.0001497
0.0001499
0.0001501
0.0001503
0.0001505
0.0001507
0.0001509
0.0001511
0.00015131
0.0001515
0.0001517
0.0001519
0.0001521
0.0001523
0.0001525
0.0001527
0.0001529
0.00015309
0.00015329
0.00015349
0.00015368
0.00015388
0.00015408
0.00015427
0.00015447
0.00015466
0.00015486
0.00015505
0.00015525
0.00015544
0.00015563
0.00015583
0.00015602
0.00015621
0.00015641
0.0001566
0.00015679
0.00015698
0.00015717
0.00015736
0.00015755
0.00015774
0.00015793
0.00015812
0.00015831
0.0001585
0.00015869
0.00015888
0.00015906
0.00015925
0.00015944
0.00015963
0.00015981
0.00016
0.00016018
0.00016037
0.00016055
0.00016074
0.00016092
0.00016111
0.00016129
0.00016147
0.00016166
0.00016184
0.00016202
0.00016221
0.00016239
0.00016257
0.00016275
0.00016293
0.00016311
0.00016329
0.00016347
0.00016365
0.00016383
0.00016401
0.00016419
0.00016437
0.00016455
0.00016473
0.0001649
0.00016508
0.00016526
0.00016543
0.00016561
0.00016579
0.00016596
0.00016614
0.00016631
0.00016649
0.00016666
0.00016684
0.00016701
0.00016719
0.00016736
0.00016753
0.00016771
0.00016788
0.00016805
0.00016823
0.0001684
0.00016857
0.00016874
0.00016892
0.00016909
0.00016926
0.00016943
0.0001696
0.00016977
0.00016994
0.00017011
0.00017028
0.00017045
0.00017062
0.00017079
0.00017096
0.00017113
0.0001713
0.00017147
0.00017164
0.0001718
0.00017197
0.00017214
0.00017231
0.00017248
0.00017264
0.00017281
0.00017298
0.00017315
0.00017331
0.00017348
0.00017365
0.00017381
0.00017398
0.00017415
0.00017432
0.00017448
0.00017465
0.00017482
0.00017498
0.00017515
0.00017531
0.00017548
0.00017565
0.00017581
0.00017598
0.00017615
0.00017631
0.00017648
0.00017664
0.00017681
0.00017698
0.00017714
0.00017731
0.00017747
0.00017764
0.00017781
0.00017797
0.00017814
0.00017831
0.00017847
0.00017864
0.00017881
0.00017897
0.00017914
0.00017931
0.00017947
0.00017964
0.00017981
0.00017998
0.00018014
0.00018031
0.00018048
0.00018065
0.00018081
0.00018098
0.00018115
0.00018132
0.00018149
0.00018166
0.00018183
0.000182
0.00018217
0.00018234
0.00018251
0.00018268
0.00018285
0.00018302
0.00018319
0.00018336
0.00018353
0.0001837
0.00018388
0.00018405
0.00018422
0.00018439
0.00018457
0.00018474
0.00018491
0.00018509
0.00018526
0.00018544
0.00018561
0.00018579
0.00018597
0.00018614
0.00018632
0.0001865
0.00018667
0.00018685
0.00018703
0.00018721
0.00018739
0.00018757
0.00018775
0.00018793
0.00018811
0.00018829
0.00018847
0.00018866
0.00018884
0.00018902
0.00018921
0.00018939
0.00018958
0.00018976
0.00018995
0.00019013
0.00019032
0.00019051
0.0001907
0.00019089
0.00019108
0.00019127
0.00019146
0.00019165
0.00019184
0.00019203
0.00019223
0.00019242
0.00019262
0.00019281
0.00019301
0.0001932
0.0001934
0.0001936
0.0001938
0.000194
0.0001942
0.0001944
0.0001946
0.0001948
0.000195
0.00019521
0.00019541
0.00019562
0.00019582
0.00019603
0.00019624
0.00019644
0.00019665
0.00019686
0.00019707
0.00019728
0.0001975
0.00019771
0.00019792
0.00019814
0.00019835
0.00019857
0.00019879
0.00019901
0.00019923
0.00019945
0.00019967
0.00019989
0.00020011
0.00020033
0.00020056
0.00020078
0.00020101
0.00020124
0.00020147
0.0002017
0.00020193
0.00020216
0.00020239
0.00020262
0.00020286
0.00020309
0.00020333
0.00020357
0.00020381
0.00020405
0.00020429
0.00020453
0.00020477
0.00020501
0.00020526
0.0002055
0.00020575
0.000206
0.00020625
0.0002065
0.00020675
0.000207
0.00020726
0.00020751
0.00020777
0.00020802
0.00020828
0.00020854
0.0002088
0.00020906
0.00020933
0.00020959
0.00020986
0.00021012
0.00021039
0.00021066
0.00021093
0.0002112
0.00021147
0.00021175
0.00021202
0.0002123
0.00021258
0.00021286
0.00021314
0.00021342
0.0002137
0.00021398
0.00021427
0.00021456
0.00021484
0.00021513
0.00021542
0.00021572
0.00021601
0.0002163
0.0002166
0.0002169
0.0002172
0.0002175
0.0002178
0.0002181
0.0002184
0.00021871
0.00021902
0.00021933
0.00021964
0.00021995
0.00022026
0.00022057
0.00022089
0.00022121
0.00022153
0.00022184
0.00022217
0.00022249
0.00022281
0.00022314
0.00022347
0.0002238
0.00022413
0.00022446
0.00022479
0.00022513
0.00022546
0.0002258
0.00022614
0.00022648
0.00022682
0.00022717
0.00022751
0.00022786
0.00022821
0.00022856
0.00022891
0.00022926
0.00022962
0.00022997
0.00023033
0.00023069
0.00023105
0.00023141
0.00023178
0.00023214
0.00023251
0.00023288
0.00023325
0.00023362
0.000234
0.00023437
0.00023475
0.00023513
0.00023551
0.00023589
0.00023628
0.00023666
0.00023705
0.00023744
0.00023783
0.00023822
0.00023862
0.00023901
0.00023941
0.00023981
0.00024021
0.00024061
0.00024102
0.00024142
0.00024183
0.00024224
0.00024265
0.00024306
0.00024348
0.00024389
0.00024431
0.00024473
0.00024515
0.00024558
0.000246
0.00024643
0.00024686
0.00024729
0.00024772
0.00024815
0.00024859
0.00024903
0.00024947
0.00024991
0.00025035
0.00025079
0.00025124
0.00025169
0.00025214
0.00025259
0.00025305
0.0002535
0.00025396
0.00025442
0.00025488
0.00025534
0.00025581
0.00025627
0.00025674
0.00025721
0.00025768
0.00025816
0.00025863
0.00025911
0.00025959
0.00026007
0.00026056
0.00026104
0.00026153
0.00026202
0.00026251
0.000263
0.0002635
0.00026399
0.00026449
0.00026499
0.00026549
0.000266
0.0002665
0.00026701
0.00026752
0.00026803
0.00026855
0.00026906
0.00026958
0.0002701
0.00027062
0.00027114
0.00027167
0.0002722
0.00027272
0.00027326
0.00027379
0.00027432
0.00027486
0.0002754
0.00027594
0.00027648
0.00027703
0.00027757
0.00027812
0.00027867
0.00027923
0.00027978
0.00028034
0.00028089
0.00028146
0.00028202
0.00028258
0.00028315
0.00028372
0.00028429
0.00028486
0.00028543
0.00028601
0.00028659
0.00028717
0.00028775
0.00028833
0.00028892
0.00028951
0.0002901
0.00029069
0.00029129
0.00029188
0.00029248
0.00029308
0.00029368
0.00029429
0.00029489
0.0002955
0.00029611
0.00029672
0.00029734
0.00029796
0.00029857
0.00029919
0.00029982
0.00030044
0.00030107
0.0003017
0.00030233
0.00030296
0.0003036
0.00030423
0.00030487
0.00030551
0.00030615
0.0003068
0.00030745
0.0003081
0.00030875
0.0003094
0.00031006
0.00031071
0.00031137
0.00031203
0.0003127
0.00031336
0.00031403
0.0003147
0.00031537
0.00031604
0.00031672
0.0003174
0.00031808
0.00031876
0.00031944
0.00032013
0.00032082
0.00032151
0.0003222
0.0003229
0.00032359
0.00032429
0.00032499
0.00032569
0.0003264
0.00032711
0.00032781
0.00032852
0.00032924
0.00032995
0.00033067
0.00033139
0.00033211
0.00033283
0.00033356
0.00033429
0.00033502
0.00033575
0.00033648
0.00033722
0.00033796
0.0003387
0.00033944
0.00034018
0.00034093
0.00034168
0.00034243
0.00034318
0.00034394
0.00034469
0.00034545
0.00034621
0.00034698
0.00034774
0.00034851
0.00034928
0.00035005
0.00035082
0.0003516
0.00035238
0.00035316
0.00035394
0.00035472
0.00035551
0.0003563
0.00035709
0.00035788
0.00035868
0.00035947
0.00036027
0.00036107
0.00036187
0.00036268
0.00036349
0.0003643
0.00036511
0.00036592
0.00036674
0.00036755
0.00036837
0.0003692
0.00037002
0.00037085
0.00037167
0.0003725
0.00037334
0.00037417
0.00037501
0.00037585
0.00037669
0.00037753
0.00037837
0.00037922
0.00038007
0.00038092
0.00038177
0.00038263
0.00038349
0.00038435
0.00038521
0.00038607
0.00038694
0.00038781
0.00038868
0.00038955
0.00039042
0.0003913
0.00039218
0.00039306
0.00039394
0.00039483
0.00039571
0.0003966
0.00039749
0.00039838
0.00039928
0.00040018
0.00040108
0.00040198
0.00040288
0.00040379
0.00040469
0.0004056
0.00040652
0.00040743
0.00040835
0.00040926
0.00041018
0.00041111
0.00041203
0.00041296
0.00041389
0.00041482
0.00041575
0.00041668
0.00041762
0.00041856
0.0004195
0.00042044
0.00042139
0.00042234
0.00042329
0.00042424
0.00042519
0.00042615
0.0004271
0.00042806
0.00042903
0.00042999
0.00043095
0.00043192
0.00043289
0.00043386
0.00043484
0.00043582
0.00043679
0.00043777
0.00043876
0.00043974
0.00044073
0.00044172
0.00044271
0.0004437
0.00044469
0.00044569
0.00044669
0.00044769
0.00044869
0.0004497
0.00045071
0.00045171
0.00045273
0.00045374
0.00045475
0.00045577
0.00045679
0.00045781
0.00045884
0.00045986
0.00046089
0.00046192
0.00046295
0.00046398
0.00046502
0.00046606
0.0004671
0.00046814
0.00046918
0.00047023
0.00047127
0.00047232
0.00047338
0.00047443
0.00047548
0.00047654
0.0004776
0.00047866
0.00047973
0.00048079
0.00048186
0.00048293
0.000484
0.00048508
0.00048615
0.00048723
0.00048831
0.00048939
0.00049048
0.00049156
0.00049265
0.00049374
0.00049483
0.00049593
0.00049702
0.00049812
0.00049922
0.00050032
0.00050142
0.00050253
0.00050364
0.00050475
0.00050586
0.00050697
0.00050809
0.00050921
0.00051032
0.00051145
0.00051257
0.00051369
0.00051482
0.00051595
0.00051708
0.00051822
0.00051935
0.00052049
0.00052163
0.00052277
0.00052391
0.00052505
0.0005262
0.00052735
0.0005285
0.00052965
0.00053081
0.00053196
0.00053312
0.00053428
0.00053544
0.00053661
0.00053777
0.00053894
0.00054011
0.00054128
0.00054245
0.00054363
0.00054481
0.00054599
0.00054717
0.00054835
0.00054953
0.00055072
0.00055191
0.0005531
0.00055429
0.00055549
0.00055668
0.00055788
0.00055908
0.00056028
0.00056148
0.00056269
0.0005639
0.0005651
0.00056632
0.00056753
0.00056874
0.00056996
0.00057118
0.0005724
0.00057362
0.00057484
0.00057607
0.00057729
0.00057852
0.00057975
0.00058099
0.00058222
0.00058346
0.00058469
0.00058593
0.00058717
0.00058842
0.00058966
0.00059091
0.00059216
0.00059341
0.00059466
0.00059591
0.00059717
0.00059843
0.00059969
0.00060095
0.00060221
0.00060347
0.00060474
0.00060601
0.00060728
0.00060855
0.00060982
0.0006111
0.00061237
0.00061365
0.00061493
0.00061621
0.00061749
0.00061878
0.00062007
0.00062135
0.00062264
0.00062393
0.00062523
0.00062652
0.00062782
0.00062912
0.00063042
0.00063172
0.00063302
0.00063433
0.00063563
0.00063694
0.00063825
0.00063956
0.00064087
0.00064219
0.0006435
0.00064482
0.00064614
0.00064746
0.00064878
0.00065011
0.00065143
0.00065276
0.00065409
0.00065542
0.00065675
0.00065809
0.00065942
0.00066076
0.00066209
0.00066343
0.00066477
0.00066612
0.00066746
0.00066881
0.00067015
0.0006715
0.00067285
0.0006742
0.00067556
0.00067691
0.00067827
0.00067963
0.00068098
0.00068234
0.00068371
0.00068507
0.00068643
0.0006878
0.00068917
0.00069054
0.00069191
0.00069328
0.00069465
0.00069603
0.0006974
0.00069878
0.00070016
0.00070154
0.00070292
0.0007043
0.00070569
0.00070707
0.00070846
0.00070985
0.00071124
0.00071263
0.00071402
0.00071541
0.00071681
0.00071821
0.0007196
0.000721
0.0007224
0.0007238
0.00072521
0.00072661
0.00072801
0.00072942
0.00073083
0.00073224
0.00073365
0.00073506
0.00073647
0.00073788
0.0007393
0.00074071
0.00074213
0.00074355
0.00074497
0.00074639
0.00074781
0.00074923
0.00075066
0.00075208
0.00075351
0.00075494
0.00075637
0.00075779
0.00075923
0.00076066
0.00076209
0.00076352
0.00076496
0.00076639
0.00076783
0.00076927
0.00077071
0.00077215
0.00077359
0.00077503
0.00077648
0.00077792
0.00077936
0.00078081
0.00078226
0.00078371
0.00078515
0.0007866
0.00078805
0.00078951
0.00079096
0.00079241
0.00079387
0.00079532
0.00079678
0.00079824
0.00079969
0.00080115
0.00080261
0.00080407
0.00080553
0.000807
0.00080846
0.00080992
0.00081139
0.00081285
0.00081432
0.00081578
0.00081725
0.00081872
0.00082019
0.00082166
0.00082313
0.0008246
0.00082607
0.00082754
0.00082902
0.00083049
0.00083196
0.00083344
0.00083491
0.00083639
0.00083787
0.00083935
0.00084082
0.0008423
0.00084378
0.00084526
0.00084674
0.00084822
0.0008497
0.00085119
0.00085267
0.00085415
0.00085563
0.00085712
0.0008586
0.00086009
0.00086157
0.00086306
0.00086454
0.00086603
0.00086752
0.000869
0.00087049
0.00087198
0.00087347
0.00087496
0.00087645
0.00087793
0.00087942
0.00088091
0.0008824
0.00088389
0.00088539
0.00088688
0.00088837
0.00088986
0.00089135
0.00089284
0.00089434
0.00089583
0.00089732
0.00089881
0.00090031
0.0009018
0.00090329
0.00090478
0.00090628
0.00090777
0.00090926
0.00091076
0.00091225
0.00091374
0.00091524
0.00091673
0.00091822
0.00091972
0.00092121
0.0009227
0.0009242
0.00092569
0.00092718
0.00092868
0.00093017
0.00093166
0.00093316
0.00093465
0.00093614
0.00093763
0.00093913
0.00094062
0.00094211
0.0009436
0.00094509
0.00094658
0.00094807
0.00094956
0.00095105
0.00095254
0.00095403
0.00095552
0.00095701
0.0009585
0.00095999
0.00096148
0.00096296
0.00096445
0.00096594
0.00096742
0.00096891
0.00097039
0.00097188
0.00097336
0.00097484
0.00097633
0.00097781
0.00097929
0.00098077
0.00098225
0.00098373
0.00098521
0.00098669
0.00098817
0.00098965
0.00099112
0.0009926
0.00099408
0.00099555
0.00099702
0.0009985
0.00099997
0.0010014
0.0010029
0.0010044
0.0010059
0.0010073
0.0010088
0.0010103
0.0010117
0.0010132
0.0010146
0.0010161
0.0010176
0.001019
0.0010205
0.001022
0.0010234
0.0010249
0.0010263
0.0010278
0.0010292
0.0010307
0.0010321
0.0010336
0.001035
0.0010365
0.0010379
0.0010394
0.0010408
0.0010423
0.0010437
0.0010451
0.0010466
0.001048
0.0010495
0.0010509
0.0010523
0.0010538
0.0010552
0.0010566
0.001058
0.0010595
0.0010609
0.0010623
0.0010637
0.0010652
0.0010666
0.001068
0.0010694
0.0010708
0.0010722
0.0010737
0.0010751
0.0010765
0.0010779
0.0010793
0.0010807
0.0010821
0.0010835
0.0010849
0.0010863
0.0010877
0.0010891
0.0010905
0.0010919
0.0010932
0.0010946
0.001096
0.0010974
0.0010988
0.0011001
0.0011015
0.0011029
0.0011043
0.0011056
0.001107
0.0011084
0.0011097
0.0011111
0.0011125
0.0011138
0.0011152
0.0011165
0.0011179
0.0011192
0.0011206
0.0011219
0.0011232
0.0011246
0.0011259
0.0011273
0.0011286
0.0011299
0.0011312
0.0011326
0.0011339
0.0011352
0.0011365
0.0011378
0.0011392
0.0011405
0.0011418
0.0011431
0.0011444
0.0011457
0.001147
0.0011483
0.0011496
0.0011508
0.0011521
0.0011534
0.0011547
0.001156
0.0011573
0.0011585
0.0011598
0.0011611
0.0011623
0.0011636
0.0011648
0.0011661
0.0011674
0.0011686
0.0011698
0.0011711
0.0011723
0.0011736
0.0011748
0.001176
0.0011773
0.0011785
0.0011797
0.0011809
0.0011821
0.0011833
0.0011846
0.0011858
0.001187
0.0011882
0.0011894
0.0011906
0.0011917
0.0011929
0.0011941
0.0011953
0.0011965
0.0011976
0.0011988
0.0012
0.0012011
0.0012023
0.0012034
0.0012046
0.0012057
0.0012069
0.001208
0.0012092
0.0012103
0.0012114
0.0012125
0.0012137
0.0012148
0.0012159
0.001217
0.0012181
0.0012192
0.0012203
0.0012214
0.0012225
0.0012236
0.0012247
0.0012257
0.0012268
0.0012279
0.0012289
0.00123
0.0012311
0.0012321
0.0012332
0.0012342
0.0012353
0.0012363
0.0012373
0.0012384
0.0012394
0.0012404
0.0012414
0.0012424
0.0012434
0.0012444
0.0012454
0.0012464
0.0012474
0.0012484
0.0012494
0.0012504
0.0012513
0.0012523
0.0012533
0.0012542
0.0012552
0.0012561
0.0012571
0.001258
0.0012589
0.0012599
0.0012608
0.0012617
0.0012626
0.0012635
0.0012644
0.0012653
0.0012662
0.0012671
0.001268
0.0012689
0.0012698
0.0012706
0.0012715
0.0012724
0.0012732
0.0012741
0.0012749
0.0012758
0.0012766
0.0012774
0.0012782
0.0012791
0.0012799
0.0012807
0.0012815
0.0012823
0.0012831
0.0012839
0.0012847
0.0012854
0.0012862
0.001287
0.0012877
0.0012885
0.0012892
0.00129
0.0012907
0.0012915
0.0012922
0.0012929
0.0012936
0.0012943
0.001295
0.0012957
0.0012964
0.0012971
0.0012978
0.0012985
0.0012992
0.0012998
0.0013005
0.0013011
0.0013018
0.0013024
0.0013031
0.0013037
0.0013043
0.0013049
0.0013055
0.0013061
0.0013067
0.0013073
0.0013079
0.0013085
0.0013091
0.0013097
0.0013102
0.0013108
0.0013113
0.0013119
0.0013124
0.0013129
0.0013135
0.001314
0.0013145
0.001315
0.0013155
0.001316
0.0013165
0.001317
0.0013174
0.0013179
0.0013184
0.0013188
0.0013193
0.0013197
0.0013201
0.0013206
0.001321
0.0013214
0.0013218
0.0013222
0.0013226
0.001323
0.0013234
0.0013238
0.0013241
0.0013245
0.0013248
0.0013252
0.0013255
0.0013259
0.0013262
0.0013265
0.0013268
0.0013271
0.0013274
0.0013277
0.001328
0.0013283
0.0013286
0.0013288
0.0013291
0.0013293
0.0013296
0.0013298
0.00133
0.0013302
0.0013305
0.0013307
0.0013309
0.0013311
0.0013312
0.0013314
0.0013316
0.0013318
0.0013319
0.0013321
0.0013322
0.0013323
0.0013325
0.0013326
0.0013327
0.0013328
0.0013329
0.001333
0.001333
0.0013331
0.0013332
0.0013332
0.0013333
0.0013333
0.0013334
0.0013334
0.0013334
0.0013334
0.0013334
0.0013334
0.0013334
0.0013334
0.0013334
0.0013333
0.0013333
0.0013332
0.0013332
0.0013331
0.001333
0.0013329
0.0013328
0.0013327
0.0013326
0.0013325
0.0013324
0.0013323
0.0013321
0.001332
0.0013318
0.0013317
0.0013315
0.0013313
0.0013311
0.0013309
0.0013307
0.0013305
0.0013303
0.0013301
0.0013298
0.0013296
0.0013293
0.0013291
0.0013288
0.0013285
0.0013282
0.0013279
0.0013276
0.0013273
0.001327
0.0013267
0.0013263
0.001326
0.0013256
0.0013253
0.0013249
0.0013245
0.0013241
0.0013237
0.0013233
0.0013229
0.0013225
0.0013221
0.0013216
0.0013212
0.0013207
0.0013203
0.0013198
0.0013193
0.0013188
0.0013183
0.0013178
0.0013173
0.0013167
0.0013162
0.0013157
0.0013151
0.0013146
0.001314
0.0013134
0.0013128
0.0013122
0.0013116
0.001311
0.0013104
0.0013097
0.0013091
0.0013085
0.0013078
0.0013071
0.0013065
0.0013058
0.0013051
0.0013044
0.0013037
0.0013029
0.0013022
0.0013015
0.0013007
0.0013
0.0012992
0.0012984
0.0012976
0.0012968
0.001296
0.0012952
0.0012944
0.0012936
0.0012927
0.0012919
0.001291
0.0012902
0.0012893
0.0012884
0.0012875
0.0012866
0.0012857
0.0012848
0.0012838
0.0012829
0.0012819
0.001281
0.00128
0.001279
0.0012781
0.0012771
0.0012761
0.001275
0.001274
0.001273
0.0012719
0.0012709
0.0012698
0.0012688
0.0012677
0.0012666
0.0012655
0.0012644
0.0012633
0.0012622
0.001261
0.0012599
0.0012587
0.0012576
0.0012564
0.0012552
0.001254
0.0012528
0.0012516
0.0012504
0.0012492
0.0012479
0.0012467
0.0012454
0.0012441
0.0012429
0.0012416
0.0012403
0.001239
0.0012377
0.0012363
0.001235
0.0012337
0.0012323
0.001231
0.0012296
0.0012282
0.0012268
0.0012254
0.001224
0.0012226
0.0012212
0.0012197
0.0012183
0.0012168
0.0012154
0.0012139
0.0012124
0.0012109
0.0012094
0.0012079
0.0012064
0.0012048
0.0012033
0.0012018
0.0012002
0.0011986
0.001197
0.0011955
0.0011939
0.0011923
0.0011906
0.001189
0.0011874
0.0011857
0.0011841
0.0011824
0.0011807
0.0011791
0.0011774
0.0011757
0.001174
0.0011722
0.0011705
0.0011688
0.001167
0.0011653
0.0011635
0.0011617
0.0011599
0.0011581
0.0011563
0.0011545
0.0011527
0.0011508
0.001149
0.0011472
0.0011453
0.0011434
0.0011415
0.0011396
0.0011377
0.0011358
0.0011339
0.001132
0.0011301
0.0011281
0.0011262
0.0011242
0.0011222
0.0011202
0.0011182
0.0011162
0.0011142
0.0011122
0.0011102
0.0011081
0.0011061
0.001104
0.001102
0.0010999
0.0010978
0.0010957
0.0010936
0.0010915
0.0010894
0.0010872
0.0010851
0.0010829
0.0010808
0.0010786
0.0010764
0.0010743
0.0010721
0.0010698
0.0010676
0.0010654
0.0010632
0.0010609
0.0010587
0.0010564
0.0010542
0.0010519
0.0010496
0.0010473
0.001045
0.0010427
0.0010404
0.001038
0.0010357
0.0010333
0.001031
0.0010286
0.0010262
0.0010238
0.0010215
0.001019
0.0010166
0.0010142
0.0010118
0.0010093
0.0010069
0.0010044
0.001002
0.0009995
0.00099702
0.00099453
0.00099203
0.00098952
0.000987
0.00098448
0.00098194
0.0009794
0.00097685
0.00097429
0.00097172
0.00096914
0.00096655
0.00096396
0.00096135
0.00095874
0.00095612
0.00095349
0.00095086
0.00094821
0.00094555
0.00094289
0.00094022
0.00093754
0.00093485
0.00093216
0.00092945
0.00092674
0.00092402
0.00092129
0.00091855
0.0009158
0.00091305
0.00091029
0.00090751
0.00090474
0.00090195
0.00089915
0.00089635
0.00089354
0.00089072
0.00088789
0.00088505
0.00088221
0.00087936
0.0008765
0.00087363
0.00087076
0.00086787
0.00086498
0.00086208
0.00085917
0.00085626
0.00085334
0.00085041
0.00084747
0.00084452
0.00084157
0.00083861
0.00083564
0.00083266
0.00082968
0.00082668
0.00082368
0.00082068
0.00081766
0.00081464
0.00081161
0.00080857
0.00080553
0.00080248
0.00079942
0.00079635
0.00079328
0.00079019
0.00078711
0.00078401
0.00078091
0.0007778
0.00077468
0.00077155
0.00076842
0.00076528
0.00076214
0.00075898
0.00075582
0.00075265
0.00074948
0.0007463
0.00074311
0.00073992
0.00073671
0.0007335
0.00073029
0.00072707
0.00072384
0.0007206
0.00071736
0.00071411
0.00071085
0.00070759
0.00070432
0.00070104
0.00069776
0.00069447
0.00069117
0.00068787
0.00068456
0.00068125
0.00067793
0.0006746
0.00067126
0.00066792
0.00066458
0.00066122
0.00065786
0.0006545
0.00065113
0.00064775
0.00064436
0.00064097
0.00063758
0.00063418
0.00063077
0.00062735
0.00062393
0.00062051
0.00061708
0.00061364
0.0006102
0.00060675
0.00060329
0.00059983
0.00059637
0.00059289
0.00058942
0.00058593
0.00058244
0.00057895
0.00057545
0.00057194
0.00056843
0.00056492
0.0005614
0.00055787
0.00055434
0.0005508
0.00054726
0.00054371
0.00054016
0.0005366
0.00053304
0.00052947
0.0005259
0.00052232
0.00051873
0.00051515
0.00051155
0.00050796
0.00050435
0.00050075
0.00049713
0.00049352
0.0004899
0.00048627
0.00048264
0.000479
0.00047536
0.00047172
0.00046807
0.00046441
0.00046076
0.00045709
0.00045343
0.00044976
0.00044608
0.0004424
0.00043872
0.00043503
0.00043134
0.00042764
0.00042394
0.00042024
0.00041653
0.00041282
0.0004091
0.00040538
0.00040166
0.00039793
0.0003942
0.00039046
0.00038672
0.00038298
0.00037923
0.00037548
0.00037173
0.00036797
0.00036421
0.00036045
0.00035668
0.00035291
0.00034913
0.00034536
0.00034157
0.00033779
0.000334
0.00033021
0.00032642
0.00032262
0.00031882
0.00031502
0.00031121
0.00030741
0.00030359
0.00029978
0.00029596
0.00029214
0.00028832
0.00028449
0.00028067
0.00027683
0.000273
0.00026916
0.00026533
0.00026148
0.00025764
0.0002538
0.00024995
0.0002461
0.00024224
0.00023839
0.00023453
0.00023067
0.00022681
0.00022295
0.00021908
0.00021521
0.00021134
0.00020747
0.0002036
0.00019972
0.00019584
0.00019196
0.00018808
0.0001842
0.00018032
0.00017643
0.00017254
0.00016865
0.00016476
0.00016087
0.00015698
0.00015308
0.00014918
0.00014529
0.00014139
0.00013749
0.00013358
0.00012968
0.00012578
0.00012187
0.00011797
0.00011406
0.00011015
0.00010624
0.00010233
9.8422e-05
9.451e-05
9.0598e-05
8.6685e-05
8.2771e-05
7.8857e-05
7.4941e-05
7.1026e-05
6.711e-05
6.3193e-05
5.9276e-05
5.5358e-05
5.144e-05
4.7522e-05
4.3603e-05
3.9684e-05
3.5765e-05
3.1846e-05
2.7926e-05
2.4007e-05
2.0087e-05
1.6168e-05
1.2248e-05
8.3283e-06
4.4088e-06
4.8941e-07
-3.4298e-06
-7.3488e-06
-1.1268e-05
-1.5186e-05
-1.9104e-05
-2.3022e-05
-2.6939e-05
-3.0856e-05
-3.4773e-05
-3.8689e-05
-4.2604e-05
-4.6519e-05
-5.0433e-05
-5.4346e-05
-5.8259e-05
-6.2171e-05
-6.6082e-05
-6.9993e-05
-7.3902e-05
-7.781e-05
-8.1718e-05
-8.5625e-05
-8.953e-05
-9.3435e-05
-9.7338e-05
-0.00010124
-0.00010514
-0.00010904
-0.00011294
-0.00011684
-0.00012073
-0.00012463
-0.00012852
-0.00013241
-0.0001363
-0.00014019
-0.00014408
-0.00014796
-0.00015185
-0.00015573
-0.00015961
-0.00016349
-0.00016736
-0.00017124
-0.00017511
-0.00017898
-0.00018285
-0.00018672
-0.00019058
-0.00019445
-0.00019831
-0.00020216
-0.00020602
-0.00020988
-0.00021373
-0.00021758
-0.00022142
-0.00022527
-0.00022911
-0.00023295
-0.00023679
-0.00024062
-0.00024445
-0.00024828
-0.00025211
-0.00025594
-0.00025976
-0.00026358
-0.00026739
-0.00027121
-0.00027502
-0.00027882
-0.00028263
-0.00028643
-0.00029023
-0.00029402
-0.00029781
-0.0003016
-0.00030539
-0.00030917
-0.00031295
-0.00031673
-0.0003205
-0.00032427
-0.00032804
-0.0003318
-0.00033556
-0.00033931
-0.00034306
-0.00034681
-0.00035056
-0.0003543
-0.00035804
-0.00036177
-0.0003655
-0.00036923
-0.00037295
-0.00037667
-0.00038038
-0.00038409
-0.0003878
-0.0003915
-0.0003952
-0.00039889
-0.00040258
-0.00040627
-0.00040995
-0.00041363
-0.0004173
-0.00042097
-0.00042464
-0.0004283
-0.00043195
-0.00043561
-0.00043925
-0.0004429
-0.00044653
-0.00045017
-0.0004538
-0.00045742
-0.00046104
-0.00046466
-0.00046827
-0.00047187
-0.00047547
-0.00047907
-0.00048266
-0.00048625
-0.00048983
-0.0004934
-0.00049697
-0.00050054
-0.0005041
-0.00050766
-0.00051121
-0.00051475
-0.00051829
-0.00052183
-0.00052536
-0.00052888
-0.0005324
-0.00053592
-0.00053943
-0.00054293
-0.00054643
-0.00054992
-0.00055341
-0.00055689
-0.00056036
-0.00056383
-0.0005673
-0.00057075
-0.00057421
-0.00057765
-0.0005811
-0.00058453
-0.00058796
-0.00059138
-0.0005948
-0.00059821
-0.00060162
-0.00060502
-0.00060841
-0.0006118
-0.00061518
-0.00061856
-0.00062193
-0.00062529
-0.00062865
-0.000632
-0.00063535
-0.00063869
-0.00064202
-0.00064534
-0.00064866
-0.00065198
-0.00065528
-0.00065858
-0.00066188
-0.00066517
-0.00066845
-0.00067172
-0.00067499
-0.00067825
-0.0006815
-0.00068475
-0.00068799
-0.00069123
-0.00069445
-0.00069768
-0.00070089
-0.0007041
-0.0007073
-0.00071049
-0.00071368
-0.00071686
-0.00072003
-0.0007232
-0.00072635
-0.00072951
-0.00073265
-0.00073579
-0.00073892
-0.00074204
-0.00074516
-0.00074827
-0.00075137
-0.00075446
-0.00075755
-0.00076063
-0.0007637
-0.00076677
-0.00076983
-0.00077288
-0.00077592
-0.00077896
-0.00078198
-0.000785
-0.00078802
-0.00079102
-0.00079402
-0.00079701
-0.0008
-0.00080297
-0.00080594
-0.0008089
-0.00081185
-0.0008148
-0.00081773
-0.00082066
-0.00082358
-0.0008265
-0.0008294
-0.0008323
-0.00083519
-0.00083808
-0.00084095
-0.00084382
-0.00084668
-0.00084953
-0.00085237
-0.0008552
-0.00085803
-0.00086085
-0.00086366
-0.00086646
-0.00086926
-0.00087204
-0.00087482
-0.00087759
-0.00088035
-0.00088311
-0.00088585
-0.00088859
-0.00089132
-0.00089404
-0.00089675
-0.00089946
-0.00090215
-0.00090484
-0.00090752
-0.00091019
-0.00091286
-0.00091551
-0.00091816
-0.00092079
-0.00092342
-0.00092604
-0.00092865
-0.00093126
-0.00093385
-0.00093644
-0.00093902
-0.00094159
-0.00094415
-0.0009467
-0.00094924
-0.00095178
-0.00095431
-0.00095682
-0.00095933
-0.00096183
-0.00096432
-0.00096681
-0.00096928
-0.00097175
-0.0009742
-0.00097665
-0.00097909
-0.00098152
-0.00098394
-0.00098636
-0.00098876
-0.00099115
-0.00099354
-0.00099592
-0.00099829
-0.0010006
-0.001003
-0.0010053
-0.0010077
-0.00101
-0.0010123
-0.0010146
-0.0010169
-0.0010192
-0.0010215
-0.0010238
-0.001026
-0.0010283
-0.0010305
-0.0010327
-0.001035
-0.0010372
-0.0010394
-0.0010416
-0.0010438
-0.001046
-0.0010481
-0.0010503
-0.0010524
-0.0010546
-0.0010567
-0.0010588
-0.001061
-0.0010631
-0.0010652
-0.0010672
-0.0010693
-0.0010714
-0.0010735
-0.0010755
-0.0010776
-0.0010796
-0.0010816
-0.0010836
-0.0010856
-0.0010876
-0.0010896
-0.0010916
-0.0010936
-0.0010955
-0.0010975
-0.0010994
-0.0011013
-0.0011033
-0.0011052
-0.0011071
-0.001109
-0.0011108
-0.0011127
-0.0011146
-0.0011164
-0.0011183
-0.0011201
-0.001122
-0.0011238
-0.0011256
-0.0011274
-0.0011292
-0.001131
-0.0011327
-0.0011345
-0.0011362
-0.001138
-0.0011397
-0.0011414
-0.0011432
-0.0011449
-0.0011466
-0.0011483
-0.0011499
-0.0011516
-0.0011533
-0.0011549
-0.0011565
-0.0011582
-0.0011598
-0.0011614
-0.001163
-0.0011646
-0.0011662
-0.0011678
-0.0011693
-0.0011709
-0.0011724
-0.001174
-0.0011755
-0.001177
-0.0011785
-0.00118
-0.0011815
-0.001183
-0.0011845
-0.0011859
-0.0011874
-0.0011888
-0.0011903
-0.0011917
-0.0011931
-0.0011945
-0.0011959
-0.0011973
-0.0011987
-0.0012
-0.0012014
-0.0012027
-0.0012041
-0.0012054
-0.0012067
-0.001208
-0.0012093
-0.0012106
-0.0012119
-0.0012132
-0.0012145
-0.0012157
-0.001217
-0.0012182
-0.0012194
-0.0012206
-0.0012218
-0.001223
-0.0012242
-0.0012254
-0.0012266
-0.0012277
-0.0012289
-0.00123
-0.0012312
-0.0012323
-0.0012334
-0.0012345
-0.0012356
-0.0012367
-0.0012378
-0.0012389
-0.0012399
-0.001241
-0.001242
-0.001243
-0.0012441
-0.0012451
-0.0012461
-0.0012471
-0.0012481
-0.001249
-0.00125
-0.001251
-0.0012519
-0.0012529
-0.0012538
-0.0012547
-0.0012556
-0.0012565
-0.0012574
-0.0012583
-0.0012592
-0.0012601
-0.0012609
-0.0012618
-0.0012626
-0.0012634
-0.0012643
-0.0012651
-0.0012659
-0.0012667
-0.0012675
-0.0012682
-0.001269
-0.0012698
-0.0012705
-0.0012713
-0.001272
-0.0012727
-0.0012734
-0.0012742
-0.0012748
-0.0012755
-0.0012762
-0.0012769
-0.0012775
-0.0012782
-0.0012788
-0.0012795
-0.0012801
-0.0012807
-0.0012813
-0.0012819
-0.0012825
-0.0012831
-0.0012837
-0.0012843
-0.0012848
-0.0012854
-0.0012859
-0.0012864
-0.001287
-0.0012875
-0.001288
-0.0012885
-0.001289
-0.0012894
-0.0012899
-0.0012904
-0.0012908
-0.0012913
-0.0012917
-0.0012921
-0.0012926
-0.001293
-0.0012934
-0.0012938
-0.0012941
-0.0012945
-0.0012949
-0.0012953
-0.0012956
-0.0012959
-0.0012963
-0.0012966
-0.0012969
-0.0012972
-0.0012975
-0.0012978
-0.0012981
-0.0012984
-0.0012987
-0.0012989
-0.0012992
-0.0012994
-0.0012997
-0.0012999
-0.0013001
-0.0013003
-0.0013005
-0.0013007
-0.0013009
-0.0013011
-0.0013013
-0.0013014
-0.0013016
-0.0013017
-0.0013019
-0.001302
-0.0013021
-0.0013022
-0.0013024
-0.0013025
-0.0013025
-0.0013026
-0.0013027
-0.0013028
-0.0013028
-0.0013029
-0.0013029
-0.001303
-0.001303
-0.001303
-0.001303
-0.0013031
-0.0013031
-0.001303
-0.001303
-0.001303
-0.001303
-0.0013029
-0.0013029
-0.0013028
-0.0013028
-0.0013027
-0.0013026
-0.0013025
-0.0013025
-0.0013024
-0.0013023
-0.0013021
-0.001302
-0.0013019
-0.0013018
-0.0013016
-0.0013015
-0.0013013
-0.0013011
-0.001301
-0.0013008
-0.0013006
-0.0013004
-0.0013002
-0.0013
-0.0012998
-0.0012996
-0.0012993
-0.0012991
-0.0012989
-0.0012986
-0.0012983
-0.0012981
-0.0012978
-0.0012975
-0.0012973
-0.001297
-0.0012967
-0.0012964
-0.001296
-0.0012957
-0.0012954
-0.0012951
-0.0012947
-0.0012944
-0.001294
-0.0012937
-0.0012933
-0.0012929
-0.0012925
-0.0012922
-0.0012918
-0.0012914
-0.001291
-0.0012905
-0.0012901
-0.0012897
-0.0012893
-0.0012888
-0.0012884
-0.0012879
-0.0012875
-0.001287
-0.0012865
-0.0012861
-0.0012856
-0.0012851
-0.0012846
-0.0012841
-0.0012836
-0.0012831
-0.0012825
-0.001282
-0.0012815
-0.0012809
-0.0012804
-0.0012799
-0.0012793
-0.0012787
-0.0012782
-0.0012776
-0.001277
-0.0012764
-0.0012758
-0.0012752
-0.0012746
-0.001274
-0.0012734
-0.0012728
-0.0012721
-0.0012715
-0.0012709
-0.0012702
-0.0012696
-0.0012689
-0.0012682
-0.0012676
-0.0012669
-0.0012662
-0.0012655
-0.0012648
-0.0012641
-0.0012634
-0.0012627
-0.001262
-0.0012613
-0.0012606
-0.0012598
-0.0012591
-0.0012584
-0.0012576
-0.0012569
-0.0012561
-0.0012553
-0.0012546
-0.0012538
-0.001253
-0.0012522
-0.0012515
-0.0012507
-0.0012499
-0.0012491
-0.0012482
-0.0012474
-0.0012466
-0.0012458
-0.001245
-0.0012441
-0.0012433
-0.0012424
-0.0012416
-0.0012407
-0.0012399
-0.001239
-0.0012381
-0.0012373
-0.0012364
-0.0012355
-0.0012346
-0.0012337
-0.0012328
-0.0012319
-0.001231
-0.0012301
-0.0012292
-0.0012283
-0.0012274
-0.0012264
-0.0012255
-0.0012245
-0.0012236
-0.0012227
-0.0012217
-0.0012207
-0.0012198
-0.0012188
-0.0012179
-0.0012169
-0.0012159
-0.0012149
-0.0012139
-0.0012129
-0.0012119
-0.0012109
-0.0012099
-0.0012089
-0.0012079
-0.0012069
-0.0012059
-0.0012048
-0.0012038
-0.0012028
-0.0012017
-0.0012007
-0.0011997
-0.0011986
-0.0011976
-0.0011965
-0.0011954
-0.0011944
-0.0011933
-0.0011922
-0.0011912
-0.0011901
-0.001189
-0.0011879
-0.0011868
-0.0011857
-0.0011846
-0.0011835
-0.0011824
-0.0011813
-0.0011802
-0.0011791
-0.0011779
-0.0011768
-0.0011757
-0.0011746
-0.0011734
-0.0011723
-0.0011711
-0.00117
-0.0011689
-0.0011677
-0.0011665
-0.0011654
-0.0011642
-0.0011631
-0.0011619
-0.0011607
-0.0011595
-0.0011584
-0.0011572
-0.001156
-0.0011548
-0.0011536
-0.0011524
-0.0011512
-0.00115
-0.0011488
-0.0011476
-0.0011464
-0.0011452
-0.001144
-0.0011428
-0.0011415
-0.0011403
-0.0011391
-0.0011379
-0.0011366
-0.0011354
-0.0011342
-0.0011329
-0.0011317
-0.0011304
-0.0011292
-0.0011279
-0.0011267
-0.0011254
-0.0011241
-0.0011229
-0.0011216
-0.0011203
-0.0011191
-0.0011178
-0.0011165
-0.0011152
-0.001114
-0.0011127
-0.0011114
-0.0011101
-0.0011088
-0.0011075
-0.0011062
-0.0011049
-0.0011036
-0.0011023
-0.001101
-0.0010997
-0.0010984
-0.0010971
-0.0010958
-0.0010945
-0.0010931
-0.0010918
-0.0010905
-0.0010892
-0.0010878
-0.0010865
-0.0010852
-0.0010838
-0.0010825
-0.0010812
-0.0010798
-0.0010785
-0.0010772
-0.0010758
-0.0010745
-0.0010731
-0.0010718
-0.0010704
-0.001069
-0.0010677
-0.0010663
-0.001065
-0.0010636
-0.0010622
-0.0010609
-0.0010595
-0.0010581
-0.0010568
-0.0010554
-0.001054
-0.0010526
-0.0010513
-0.0010499
-0.0010485
-0.0010471
-0.0010457
-0.0010444
-0.001043
-0.0010416
-0.0010402
-0.0010388
-0.0010374
-0.001036
-0.0010346
-0.0010332
-0.0010318
-0.0010304
-0.001029
-0.0010276
-0.0010262
-0.0010248
-0.0010234
-0.001022
-0.0010206
-0.0010192
-0.0010178
-0.0010163
-0.0010149
-0.0010135
-0.0010121
-0.0010107
-0.0010093
-0.0010078
-0.0010064
-0.001005
-0.0010036
-0.0010021
-0.0010007
-0.00099929
-0.00099787
-0.00099644
-0.00099501
-0.00099358
-0.00099215
-0.00099071
-0.00098928
-0.00098785
-0.00098641
-0.00098497
-0.00098354
-0.0009821
-0.00098066
-0.00097922
-0.00097778
-0.00097634
-0.0009749
-0.00097346
-0.00097201
-0.00097057
-0.00096913
-0.00096768
-0.00096624
-0.00096479
-0.00096334
-0.00096189
-0.00096045
-0.000959
-0.00095755
-0.0009561
-0.00095465
-0.0009532
-0.00095174
-0.00095029
-0.00094884
-0.00094739
-0.00094593
-0.00094448
-0.00094302
-0.00094157
-0.00094011
-0.00093866
-0.0009372
-0.00093575
-0.00093429
-0.00093283
-0.00093137
-0.00092992
-0.00092846
-0.000927
-0.00092554
-0.00092408
-0.00092262
-0.00092116
-0.0009197
-0.00091824
-0.00091678
-0.00091532
-0.00091386
-0.0009124
-0.00091094
-0.00090948
-0.00090802
-0.00090656
-0.0009051
-0.00090364
-0.00090218
-0.00090071
-0.00089925
-0.00089779
-0.00089633
-0.00089487
-0.00089341
-0.00089195
-0.00089048
-0.00088902
-0.00088756
-0.0008861
-0.00088464
-0.00088318
-0.00088172
-0.00088026
-0.0008788
-0.00087734
-0.00087588
-0.00087441
-0.00087295
-0.0008715
-0.00087004
-0.00086858
-0.00086712
-0.00086566
-0.0008642
-0.00086274
-0.00086128
-0.00085982
-0.00085837
-0.00085691
-0.00085545
-0.000854
-0.00085254
-0.00085108
-0.00084963
-0.00084817
-0.00084672
-0.00084526
-0.00084381
-0.00084236
-0.0008409
-0.00083945
-0.000838
-0.00083655
-0.00083509
-0.00083364
-0.00083219
-0.00083074
-0.00082929
-0.00082785
-0.0008264
-0.00082495
-0.0008235
-0.00082205
-0.00082061
-0.00081916
-0.00081772
-0.00081627
-0.00081483
-0.00081339
-0.00081194
-0.0008105
-0.00080906
-0.00080762
-0.00080618
-0.00080474
-0.0008033
-0.00080186
-0.00080043
-0.00079899
-0.00079756
-0.00079612
-0.00079469
-0.00079325
-0.00079182
-0.00079039
-0.00078896
-0.00078753
-0.0007861
-0.00078467
-0.00078324
-0.00078181
-0.00078039
-0.00077896
-0.00077754
-0.00077611
-0.00077469
-0.00077327
-0.00077185
-0.00077043
-0.00076901
-0.00076759
-0.00076617
-0.00076475
-0.00076334
-0.00076192
-0.00076051
-0.0007591
-0.00075769
-0.00075627
-0.00075486
-0.00075346
-0.00075205
-0.00075064
-0.00074923
-0.00074783
-0.00074643
-0.00074502
-0.00074362
-0.00074222
-0.00074082
-0.00073942
-0.00073802
-0.00073663
-0.00073523
-0.00073384
-0.00073245
-0.00073105
-0.00072966
-0.00072827
-0.00072688
-0.0007255
-0.00072411
-0.00072273
-0.00072134
-0.00071996
-0.00071858
-0.0007172
-0.00071582
-0.00071444
-0.00071306
-0.00071169
-0.00071031
-0.00070894
-0.00070757
-0.0007062
-0.00070483
-0.00070346
-0.00070209
-0.00070073
-0.00069936
-0.000698
-0.00069664
-0.00069528
-0.00069392
-0.00069256
-0.0006912
-0.00068985
-0.00068849
-0.00068714
-0.00068579
-0.00068444
-0.00068309
-0.00068174
-0.00068039
-0.00067905
-0.00067771
-0.00067637
-0.00067502
-0.00067369
-0.00067235
-0.00067101
-0.00066968
-0.00066834
-0.00066701
-0.00066568
-0.00066435
-0.00066302
-0.0006617
-0.00066037
-0.00065905
-0.00065773
-0.0006564
-0.00065509
-0.00065377
-0.00065245
-0.00065114
-0.00064982
-0.00064851
-0.0006472
-0.00064589
-0.00064459
-0.00064328
-0.00064198
-0.00064067
-0.00063937
-0.00063807
-0.00063677
-0.00063548
-0.00063418
-0.00063289
-0.0006316
-0.00063031
-0.00062902
-0.00062773
-0.00062644
-0.00062516
-0.00062388
-0.0006226
-0.00062132
-0.00062004
-0.00061876
-0.00061749
-0.00061622
-0.00061494
-0.00061367
-0.00061241
-0.00061114
-0.00060987
-0.00060861
-0.00060735
-0.00060609
-0.00060483
-0.00060358
-0.00060232
-0.00060107
-0.00059981
-0.00059856
-0.00059732
-0.00059607
-0.00059482
-0.00059358
-0.00059234
-0.0005911
-0.00058986
-0.00058862
-0.00058739
-0.00058616
-0.00058493
-0.0005837
-0.00058247
-0.00058124
-0.00058002
-0.00057879
-0.00057757
-0.00057635
-0.00057514
-0.00057392
-0.0005727
-0.00057149
-0.00057028
-0.00056907
-0.00056787
-0.00056666
-0.00056546
-0.00056425
-0.00056305
-0.00056186
-0.00056066
-0.00055946
-0.00055827
-0.00055708
-0.00055589
-0.0005547
-0.00055352
-0.00055233
-0.00055115
-0.00054997
-0.00054879
-0.00054761
-0.00054644
-0.00054527
-0.00054409
-0.00054292
-0.00054176
-0.00054059
-0.00053943
-0.00053826
-0.0005371
-0.00053594
-0.00053479
-0.00053363
-0.00053248
-0.00053133
-0.00053018
-0.00052903
-0.00052788
-0.00052674
-0.0005256
-0.00052446
-0.00052332
-0.00052218
-0.00052105
-0.00051992
-0.00051879
-0.00051766
-0.00051653
-0.0005154
-0.00051428
-0.00051316
-0.00051204
-0.00051092
-0.00050981
-0.00050869
-0.00050758
-0.00050647
-0.00050536
-0.00050425
-0.00050315
-0.00050205
-0.00050095
-0.00049985
-0.00049875
-0.00049766
-0.00049656
-0.00049547
-0.00049438
-0.0004933
-0.00049221
-0.00049113
-0.00049005
-0.00048897
-0.00048789
-0.00048681
-0.00048574
-0.00048467
-0.0004836
-0.00048253
-0.00048146
-0.0004804
-0.00047934
-0.00047828
-0.00047722
-0.00047616
-0.00047511
-0.00047406
-0.00047301
-0.00047196
-0.00047091
-0.00046987
-0.00046882
-0.00046778
-0.00046674
-0.00046571
-0.00046467
-0.00046364
-0.00046261
-0.00046158
-0.00046055
-0.00045953
-0.00045851
-0.00045749
-0.00045647
-0.00045545
-0.00045443
-0.00045342
-0.00045241
-0.0004514
-0.00045039
-0.00044939
-0.00044839
-0.00044739
-0.00044639
-0.00044539
-0.00044439
-0.0004434
-0.00044241
-0.00044142
-0.00044043
-0.00043945
-0.00043847
-0.00043748
-0.00043651
-0.00043553
-0.00043455
-0.00043358
-0.00043261
-0.00043164
-0.00043067
-0.00042971
-0.00042874
-0.00042778
-0.00042682
-0.00042587
-0.00042491
-0.00042396
-0.00042301
-0.00042206
-0.00042111
-0.00042017
-0.00041923
-0.00041828
-0.00041735
-0.00041641
-0.00041547
-0.00041454
-0.00041361
-0.00041268
-0.00041175
-0.00041083
-0.00040991
-0.00040899
-0.00040807
-0.00040715
-0.00040624
-0.00040532
-0.00040441
-0.00040351
-0.0004026
-0.0004017
-0.00040079
-0.00039989
-0.00039899
-0.0003981
-0.0003972
-0.00039631
-0.00039542
-0.00039453
-0.00039365
-0.00039276
-0.00039188
-0.000391
-0.00039012
-0.00038925
-0.00038837
-0.0003875
-0.00038663
-0.00038576
-0.0003849
-0.00038404
-0.00038317
-0.00038231
-0.00038146
-0.0003806
-0.00037975
-0.0003789
-0.00037805
-0.0003772
-0.00037635
-0.00037551
-0.00037467
-0.00037383
-0.00037299
-0.00037216
-0.00037133
-0.0003705
-0.00036967
-0.00036884
-0.00036801
-0.00036719
-0.00036637
-0.00036555
-0.00036474
-0.00036392
-0.00036311
-0.0003623
-0.00036149
-0.00036068
-0.00035988
-0.00035908
-0.00035828
-0.00035748
-0.00035668
-0.00035589
-0.0003551
-0.00035431
-0.00035352
-0.00035273
-0.00035195
-0.00035117
-0.00035039
-0.00034961
-0.00034883
-0.00034806
-0.00034729
-0.00034652
-0.00034575
-0.00034499
-0.00034422
-0.00034346
-0.0003427
-0.00034195
-0.00034119
-0.00034044
-0.00033969
-0.00033894
-0.00033819
-0.00033745
-0.0003367
-0.00033596
-0.00033522
-0.00033449
-0.00033375
-0.00033302
-0.00033229
-0.00033156
-0.00033083
-0.00033011
-0.00032939
-0.00032866
-0.00032795
-0.00032723
-0.00032652
-0.0003258
-0.00032509
-0.00032438
-0.00032368
-0.00032297
-0.00032227
-0.00032157
-0.00032087
-0.00032018
-0.00031948
-0.00031879
-0.0003181
-0.00031741
-0.00031673
-0.00031604
-0.00031536
-0.00031468
-0.000314
-0.00031333
-0.00031265
-0.00031198
-0.00031131
-0.00031064
-0.00030998
-0.00030931
-0.00030865
-0.00030799
-0.00030733
-0.00030668
-0.00030602
-0.00030537
-0.00030472
-0.00030408
-0.00030343
-0.00030279
-0.00030214
-0.0003015
-0.00030087
-0.00030023
-0.0002996
-0.00029897
-0.00029834
-0.00029771
-0.00029708
-0.00029646
-0.00029584
-0.00029522
-0.0002946
-0.00029398
-0.00029337
-0.00029276
-0.00029215
-0.00029154
-0.00029093
-0.00029033
-0.00028973
-0.00028913
-0.00028853
-0.00028793
-0.00028734
-0.00028675
-0.00028616
-0.00028557
-0.00028498
-0.0002844
-0.00028382
-0.00028324
-0.00028266
-0.00028208
-0.00028151
-0.00028094
-0.00028037
-0.0002798
-0.00027923
-0.00027867
-0.0002781
-0.00027754
-0.00027698
-0.00027643
-0.00027587
-0.00027532
-0.00027477
-0.00027422
-0.00027367
-0.00027313
-0.00027258
-0.00027204
-0.0002715
-0.00027096
-0.00027043
-0.00026989
-0.00026936
-0.00026883
-0.0002683
-0.00026778
-0.00026725
-0.00026673
-0.00026621
-0.00026569
-0.00026518
-0.00026466
-0.00026415
-0.00026364
-0.00026313
-0.00026262
-0.00026211
-0.00026161
-0.00026111
-0.00026061
-0.00026011
-0.00025962
-0.00025912
-0.00025863
-0.00025814
-0.00025765
-0.00025716
-0.00025668
-0.00025619
-0.00025571
-0.00025523
-0.00025476
-0.00025428
-0.00025381
-0.00025333
-0.00025286
-0.0002524
-0.00025193
-0.00025146
-0.000251
-0.00025054
-0.00025008
-0.00024962
-0.00024917
-0.00024871
-0.00024826
-0.00024781
-0.00024736
-0.00024692
-0.00024647
-0.00024603
-0.00024559
-0.00024515
-0.00024471
-0.00024427
-0.00024384
-0.00024341
-0.00024297
-0.00024255
-0.00024212
-0.00024169
-0.00024127
-0.00024085
-0.00024043
-0.00024001
-0.00023959
-0.00023917
-0.00023876
-0.00023835
-0.00023794
-0.00023753
-0.00023712
-0.00023672
-0.00023632
-0.00023591
-0.00023551
-0.00023512
-0.00023472
-0.00023432
-0.00023393
-0.00023354
-0.00023315
-0.00023276
-0.00023237
-0.00023199
-0.00023161
-0.00023122
-0.00023084
-0.00023047
-0.00023009
-0.00022971
-0.00022934
-0.00022897
-0.0002286
-0.00022823
-0.00022786
-0.0002275
-0.00022713
-0.00022677
-0.00022641
-0.00022605
-0.00022569
-0.00022534
-0.00022498
-0.00022463
-0.00022428
-0.00022393
-0.00022358
-0.00022323
-0.00022289
-0.00022255
-0.0002222
-0.00022186
-0.00022152
-0.00022119
-0.00022085
-0.00022052
-0.00022018
-0.00021985
-0.00021952
-0.00021919
-0.00021887
-0.00021854
-0.00021822
-0.00021789
-0.00021757
-0.00021725
-0.00021693
-0.00021662
-0.0002163
-0.00021599
-0.00021568
-0.00021536
-0.00021505
-0.00021475
-0.00021444
-0.00021413
-0.00021383
-0.00021353
-0.00021323
-0.00021293
-0.00021263
-0.00021233
-0.00021203
-0.00021174
-0.00021145
-0.00021115
-0.00021086
-0.00021057
-0.00021029
-0.00021
-0.00020971
-0.00020943
-0.00020915
-0.00020887
-0.00020859
-0.00020831
-0.00020803
-0.00020775
-0.00020748
-0.0002072
-0.00020693
-0.00020666
-0.00020639
-0.00020612
-0.00020585
-0.00020559
-0.00020532
-0.00020506
-0.0002048
-0.00020453
-0.00020427
-0.00020401
-0.00020376
-0.0002035
-0.00020324
-0.00020299
-0.00020274
-0.00020248
-0.00020223
-0.00020198
-0.00020173
-0.00020149
-0.00020124
-0.00020099
-0.00020075
-0.00020051
-0.00020026
-0.00020002
-0.00019978
-0.00019954
-0.0001993
-0.00019907
-0.00019883
-0.0001986
-0.00019836
-0.00019813
-0.0001979
-0.00019767
-0.00019744
-0.00019721
-0.00019698
-0.00019675
-0.00019653
-0.0001963
-0.00019608
-0.00019586
-0.00019563
-0.00019541
-0.00019519
-0.00019497
-0.00019475
-0.00019454
-0.00019432
-0.0001941
-0.00019389
-0.00019368
-0.00019346
-0.00019325
-0.00019304
-0.00019283
-0.00019262
-0.00019241
-0.0001922
-0.00019199
-0.00019179
-0.00019158
-0.00019138
-0.00019117
-0.00019097
-0.00019077
-0.00019057
-0.00019037
-0.00019017
-0.00018997
-0.00018977
-0.00018957
-0.00018937
-0.00018918
-0.00018898
-0.00018878
-0.00018859
-0.0001884
-0.0001882
-0.00018801
-0.00018782
-0.00018763
-0.00018744
-0.00018725
-0.00018706
-0.00018687
-0.00018668
-0.0001865
-0.00018631
-0.00018612
-0.00018594
-0.00018575
-0.00018557
-0.00018538
-0.0001852
-0.00018502
-0.00018484
-0.00018465
-0.00018447
-0.00018429
-0.00018411
-0.00018393
-0.00018375
-0.00018358
-0.0001834
-0.00018322
-0.00018304
-0.00018287
-0.00018269
-0.00018252
-0.00018234
-0.00018217
-0.00018199
-0.00018182
-0.00018164
-0.00018147
-0.0001813
-0.00018113
-0.00018095
-0.00018078
-0.00018061
-0.00018044
-0.00018027
-0.0001801
-0.00017993
-0.00017976
-0.00017959
-0.00017942
-0.00017925
-0.00017908
-0.00017892
-0.00017875
-0.00017858
-0.00017841
-0.00017825
-0.00017808
-0.00017792
-0.00017775
-0.00017758
-0.00017742
-0.00017725
-0.00017709
-0.00017692
-0.00017676
-0.00017659
-0.00017643
-0.00017626
-0.0001761
-0.00017594
-0.00017577
-0.00017561
-0.00017545
-0.00017528
-0.00017512
-0.00017496
-0.0001748
-0.00017463
-0.00017447
-0.00017431
-0.00017415
-0.00017398
-0.00017382
-0.00017366
-0.0001735
-0.00017334
-0.00017317
-0.00017301
-0.00017285
-0.00017269
-0.00017253
-0.00017236
-0.0001722
-0.00017204
-0.00017188
-0.00017172
-0.00017156
-0.0001714
-0.00017123
-0.00017107
-0.00017091
-0.00017075
-0.00017059
-0.00017043
-0.00017026
-0.0001701
-0.00016994
-0.00016978
-0.00016962
-0.00016945
-0.00016929
-0.00016913
-0.00016897
-0.00016881
-0.00016864
-0.00016848
-0.00016832
-0.00016816
-0.00016799
-0.00016783
-0.00016767
-0.0001675
-0.00016734
-0.00016718
-0.00016701
-0.00016685
-0.00016669
-0.00016652
-0.00016636
-0.00016619
-0.00016603
-0.00016586
-0.0001657
-0.00016553
-0.00016537
-0.0001652
-0.00016504
-0.00016487
-0.0001647
-0.00016454
-0.00016437
-0.0001642
-0.00016404
-0.00016387
-0.0001637
-0.00016354
-0.00016337
-0.0001632
-0.00016303
-0.00016286
-0.00016269
-0.00016253
-0.00016236
-0.00016219
-0.00016202
-0.00016185
-0.00016168
-0.00016151
-0.00016134
-0.00016116
-0.00016099
-0.00016082
-0.00016065
-0.00016048
-0.0001603
-0.00016013
-0.00015996
-0.00015979
-0.00015961
-0.00015944
-0.00015926
-0.00015909
-0.00015891
-0.00015874
-0.00015856
-0.00015839
-0.00015821
-0.00015804
-0.00015786
-0.00015768
-0.00015751
-0.00015733
-0.00015715
-0.00015697
-0.00015679
-0.00015661
-0.00015644
-0.00015626
-0.00015608
-0.0001559
-0.00015572
-0.00015554
-0.00015535
-0.00015517
-0.00015499
-0.00015481
-0.00015463
-0.00015445
-0.00015426
-0.00015408
-0.0001539
-0.00015371
-0.00015353
-0.00015334
-0.00015316
-0.00015297
-0.00015279
-0.0001526
-0.00015242
-0.00015223
-0.00015204
-0.00015186
-0.00015167
-0.00015148
-0.00015129
-0.00015111
-0.00015092
-0.00015073
-0.00015054
-0.00015035
-0.00015016
-0.00014997
-0.00014978
-0.00014959
-0.0001494
-0.00014921
-0.00014902
-0.00014882
-0.00014863
-0.00014844
-0.00014825
-0.00014805
-0.00014786
-0.00014767
-0.00014747
-0.00014728
-0.00014709
-0.00014689
-0.0001467
-0.0001465
-0.00014631
-0.00014611
-0.00014591
-0.00014572
-0.00014552
-0.00014532
-0.00014513
-0.00014493
-0.00014473
-0.00014454
-0.00014434
-0.00014414
-0.00014394
-0.00014374
-0.00014354
-0.00014334
-0.00014314
-0.00014294
-0.00014275
-0.00014255
-0.00014234
-0.00014214
-0.00014194
-0.00014174
-0.00014154
-0.00014134
-0.00014114
-0.00014094
-0.00014074
-0.00014053
-0.00014033
-0.00014013
-0.00013993
-0.00013972
-0.00013952
-0.00013932
-0.00013911
-0.00013891
-0.00013871
-0.0001385
-0.0001383
-0.00013809
-0.00013789
-0.00013769
-0.00013748
-0.00013728
-0.00013707
-0.00013687
-0.00013666
-0.00013646
-0.00013625
-0.00013604
-0.00013584
-0.00013563
-0.00013543
-0.00013522
-0.00013502
-0.00013481
-0.0001346
-0.0001344
-0.00013419
-0.00013398
-0.00013378
-0.00013357
-0.00013336
-0.00013316
-0.00013295
-0.00013274
-0.00013253
-0.00013233
-0.00013212
-0.00013191
-0.00013171
-0.0001315
-0.00013129
-0.00013108
-0.00013087
-0.00013067
-0.00013046
-0.00013025
-0.00013004
-0.00012984
-0.00012963
-0.00012942
-0.00012921
-0.000129
-0.00012879
-0.00012859
-0.00012838
-0.00012817
-0.00012796
-0.00012775
-0.00012755
-0.00012734
-0.00012713
-0.00012692
-0.00012671
-0.0001265
-0.0001263
-0.00012609
-0.00012588
-0.00012567
-0.00012546
-0.00012525
-0.00012504
-0.00012484
-0.00012463
-0.00012442
-0.00012421
-0.000124
-0.00012379
-0.00012359
-0.00012338
-0.00012317
-0.00012296
-0.00012275
