0.00040088
0.00040156
0.00040224
0.00040292
0.0004036
0.00040429
0.00040497
0.00040565
0.00040633
0.00040701
0.00040769
0.00040837
0.00040905
0.00040973
0.00041041
0.00041109
0.00041177
0.00041245
0.00041313
0.00041382
0.0004145
0.00041518
0.00041586
0.00041654
0.00041722
0.0004179
0.00041858
0.00041926
0.00041994
0.00042062
0.0004213
0.00042198
0.00042266
0.00042334
0.00042402
0.00042469
0.00042537
0.00042605
0.00042673
0.00042741
0.00042809
0.00042877
0.00042944
0.00043012
0.0004308
0.00043148
0.00043215
0.00043283
0.00043351
0.00043418
0.00043486
0.00043554
0.00043621
0.00043689
0.00043756
0.00043824
0.00043891
0.00043959
0.00044026
0.00044093
0.00044161
0.00044228
0.00044295
0.00044362
0.00044429
0.00044497
0.00044564
0.00044631
0.00044698
0.00044765
0.00044832
0.00044898
0.00044965
0.00045032
0.00045099
0.00045165
0.00045232
0.00045299
0.00045365
0.00045432
0.00045498
0.00045564
0.00045631
0.00045697
0.00045763
0.00045829
0.00045895
0.00045961
0.00046027
0.00046093
0.00046159
0.00046225
0.0004629
0.00046356
0.00046421
0.00046487
0.00046552
0.00046618
0.00046683
0.00046748
0.00046813
0.00046878
0.00046943
0.00047008
0.00047073
0.00047138
0.00047202
0.00047267
0.00047331
0.00047396
0.0004746
0.00047524
0.00047588
0.00047652
0.00047716
0.0004778
0.00047844
0.00047908
0.00047972
0.00048035
0.00048099
0.00048162
0.00048225
0.00048288
0.00048352
0.00048415
0.00048477
0.0004854
0.00048603
0.00048666
0.00048728
0.00048791
0.00048853
0.00048915
0.00048977
0.00049039
0.00049101
0.00049163
0.00049225
0.00049287
0.00049348
0.0004941
0.00049471
0.00049532
0.00049593
0.00049654
0.00049715
0.00049776
0.00049837
0.00049897
0.00049958
0.00050018
0.00050079
0.00050139
0.00050199
0.00050259
0.00050319
0.00050379
0.00050439
0.00050498
0.00050558
0.00050617
0.00050676
0.00050736
0.00050795
0.00050854
0.00050912
0.00050971
0.0005103
0.00051089
0.00051147
0.00051205
0.00051264
0.00051322
0.0005138
0.00051438
0.00051496
0.00051553
0.00051611
0.00051669
0.00051726
0.00051783
0.00051841
0.00051898
0.00051955
0.00052012
0.00052069
0.00052126
0.00052182
0.00052239
0.00052295
0.00052352
0.00052408
0.00052464
0.00052521
0.00052577
0.00052633
0.00052688
0.00052744
0.000528
0.00052856
0.00052911
0.00052966
0.00053022
0.00053077
0.00053132
0.00053187
0.00053242
0.00053297
0.00053352
0.00053407
0.00053462
0.00053517
0.00053571
0.00053626
0.0005368
0.00053734
0.00053789
0.00053843
0.00053897
0.00053951
0.00054005
0.00054059
0.00054113
0.00054167
0.00054221
0.00054275
0.00054328
0.00054382
0.00054436
0.00054489
0.00054543
0.00054596
0.00054649
0.00054703
0.00054756
0.00054809
0.00054862
0.00054916
0.00054969
0.00055022
0.00055075
0.00055128
0.00055181
0.00055234
0.00055287
0.0005534
0.00055393
0.00055446
0.00055499
0.00055551
0.00055604
0.00055657
0.0005571
0.00055763
0.00055815
0.00055868
0.00055921
0.00055974
0.00056026
0.00056079
0.00056132
0.00056185
0.00056237
0.0005629
0.00056343
0.00056396
0.00056448
0.00056501
0.00056554
0.00056607
0.0005666
0.00056713
0.00056766
0.00056818
0.00056871
0.00056924
0.00056977
0.00057031
0.00057084
0.00057137
0.0005719
0.00057243
0.00057296
0.0005735
0.00057403
0.00057457
0.0005751
0.00057564
0.00057617
0.00057671
0.00057724
0.00057778
0.00057832
0.00057886
0.0005794
0.00057994
0.00058048
0.00058102
0.00058157
0.00058211
0.00058265
0.0005832
0.00058375
0.00058429
0.00058484
0.00058539
0.00058594
0.00058649
0.00058705
0.0005876
0.00058815
0.00058871
0.00058927
0.00058982
0.00059038
0.00059094
0.0005915
0.00059207
0.00059263
0.0005932
0.00059376
0.00059433
0.0005949
0.00059547
0.00059604
0.00059662
0.00059719
0.00059777
0.00059834
0.00059892
0.00059951
0.00060009
0.00060067
0.00060126
0.00060185
0.00060244
0.00060303
0.00060362
0.00060421
0.00060481
0.00060541
0.00060601
0.00060661
0.00060721
0.00060782
0.00060843
0.00060904
0.00060965
0.00061026
0.00061088
0.00061149
0.00061211
0.00061273
0.00061336
0.00061398
0.00061461
0.00061524
0.00061587
0.00061651
0.00061715
0.00061778
0.00061843
0.00061907
0.00061972
0.00062037
0.00062102
0.00062167
0.00062233
0.00062298
0.00062364
0.00062431
0.00062497
0.00062564
0.00062631
0.00062699
0.00062766
0.00062834
0.00062903
0.00062971
0.0006304
0.00063109
0.00063178
0.00063248
0.00063317
0.00063388
0.00063458
0.00063529
0.000636
0.00063671
0.00063743
0.00063815
0.00063887
0.00063959
0.00064032
0.00064105
0.00064179
0.00064252
0.00064327
0.00064401
0.00064476
0.00064551
0.00064626
0.00064702
0.00064778
0.00064854
0.00064931
0.00065008
0.00065085
0.00065163
0.00065241
0.00065319
0.00065398
0.00065477
0.00065557
0.00065636
0.00065717
0.00065797
0.00065878
0.00065959
0.00066041
0.00066123
0.00066205
0.00066288
0.00066371
0.00066454
0.00066538
0.00066622
0.00066707
0.00066792
0.00066877
0.00066963
0.00067049
0.00067136
0.00067223
0.0006731
0.00067398
0.00067486
0.00067575
0.00067664
0.00067753
0.00067843
0.00067933
0.00068024
0.00068115
0.00068206
0.00068298
0.0006839
0.00068483
0.00068576
0.0006867
0.00068763
0.00068858
0.00068953
0.00069048
0.00069144
0.0006924
0.00069336
0.00069434
0.00069531
0.00069629
0.00069727
0.00069826
0.00069925
0.00070025
0.00070125
0.00070226
0.00070327
0.00070429
0.00070531
0.00070633
0.00070736
0.00070839
0.00070943
0.00071048
0.00071153
0.00071258
0.00071364
0.0007147
0.00071577
0.00071684
0.00071792
0.000719
0.00072009
0.00072118
0.00072227
0.00072337
0.00072448
0.00072559
0.00072671
0.00072783
0.00072896
0.00073009
0.00073122
0.00073237
0.00073351
0.00073466
0.00073582
0.00073698
0.00073815
0.00073932
0.0007405
0.00074168
0.00074287
0.00074406
0.00074526
0.00074646
0.00074767
0.00074888
0.0007501
0.00075133
0.00075256
0.00075379
0.00075503
0.00075628
0.00075753
0.00075879
0.00076005
0.00076131
0.00076259
0.00076386
0.00076515
0.00076644
0.00076773
0.00076903
0.00077034
0.00077165
0.00077296
0.00077428
0.00077561
0.00077694
0.00077828
0.00077963
0.00078098
0.00078233
0.00078369
0.00078506
0.00078643
0.00078781
0.00078919
0.00079058
0.00079198
0.00079338
0.00079478
0.00079619
0.00079761
0.00079903
0.00080046
0.0008019
0.00080334
0.00080479
0.00080624
0.0008077
0.00080916
0.00081063
0.0008121
0.00081359
0.00081507
0.00081657
0.00081807
0.00081957
0.00082108
0.0008226
0.00082412
0.00082565
0.00082718
0.00082872
0.00083027
0.00083182
0.00083338
0.00083494
0.00083652
0.00083809
0.00083967
0.00084126
0.00084286
0.00084446
0.00084606
0.00084768
0.00084929
0.00085092
0.00085255
0.00085419
0.00085583
0.00085748
0.00085913
0.0008608
0.00086246
0.00086414
0.00086582
0.0008675
0.00086919
0.00087089
0.0008726
0.00087431
0.00087602
0.00087775
0.00087948
0.00088121
0.00088295
0.0008847
0.00088646
0.00088822
0.00088998
0.00089176
0.00089354
0.00089532
0.00089711
0.00089891
0.00090071
0.00090253
0.00090434
0.00090617
0.000908
0.00090983
0.00091167
0.00091352
0.00091538
0.00091724
0.00091911
0.00092098
0.00092286
0.00092475
0.00092664
0.00092854
0.00093045
0.00093236
0.00093428
0.0009362
0.00093813
0.00094007
0.00094201
0.00094397
0.00094592
0.00094789
0.00094986
0.00095183
0.00095382
0.00095581
0.0009578
0.0009598
0.00096181
0.00096383
0.00096585
0.00096788
0.00096991
0.00097195
0.000974
0.00097606
0.00097812
0.00098018
0.00098226
0.00098434
0.00098642
0.00098852
0.00099062
0.00099272
0.00099484
0.00099696
0.00099908
0.0010012
0.0010034
0.0010055
0.0010077
0.0010098
0.001012
0.0010141
0.0010163
0.0010185
0.0010207
0.0010229
0.0010251
0.0010273
0.0010295
0.0010318
0.001034
0.0010362
0.0010385
0.0010407
0.001043
0.0010452
0.0010475
0.0010498
0.0010521
0.0010544
0.0010567
0.001059
0.0010613
0.0010636
0.0010659
0.0010682
0.0010706
0.0010729
0.0010753
0.0010776
0.00108
0.0010824
0.0010847
0.0010871
0.0010895
0.0010919
0.0010943
0.0010967
0.0010991
0.0011016
0.001104
0.0011064
0.0011089
0.0011113
0.0011138
0.0011162
0.0011187
0.0011212
0.0011237
0.0011262
0.0011287
0.0011312
0.0011337
0.0011362
0.0011387
0.0011412
0.0011438
0.0011463
0.0011489
0.0011514
0.001154
0.0011565
0.0011591
0.0011617
0.0011643
0.0011669
0.0011695
0.0011721
0.0011747
0.0011773
0.00118
0.0011826
0.0011852
0.0011879
0.0011906
0.0011932
0.0011959
0.0011986
0.0012012
0.0012039
0.0012066
0.0012093
0.001212
0.0012148
0.0012175
0.0012202
0.0012229
0.0012257
0.0012284
0.0012312
0.001234
0.0012367
0.0012395
0.0012423
0.0012451
0.0012479
0.0012507
0.0012535
0.0012563
0.0012591
0.0012619
0.0012648
0.0012676
0.0012705
0.0012733
0.0012762
0.0012791
0.0012819
0.0012848
0.0012877
0.0012906
0.0012935
0.0012964
0.0012993
0.0013022
0.0013052
0.0013081
0.001311
0.001314
0.0013169
0.0013199
0.0013229
0.0013258
0.0013288
0.0013318
0.0013348
0.0013378
0.0013408
0.0013438
0.0013469
0.0013499
0.0013529
0.001356
0.001359
0.0013621
0.0013651
0.0013682
0.0013713
0.0013743
0.0013774
0.0013805
0.0013836
0.0013867
0.0013898
0.0013929
0.0013961
0.0013992
0.0014023
0.0014055
0.0014086
0.0014118
0.001415
0.0014181
0.0014213
0.0014245
0.0014277
0.0014309
0.0014341
0.0014373
0.0014405
0.0014437
0.001447
0.0014502
0.0014534
0.0014567
0.0014599
0.0014632
0.0014665
0.0014698
0.001473
0.0014763
0.0014796
0.0014829
0.0014862
0.0014895
0.0014929
0.0014962
0.0014995
0.0015029
0.0015062
0.0015096
0.0015129
0.0015163
0.0015196
0.001523
0.0015264
0.0015298
0.0015332
0.0015366
0.00154
0.0015434
0.0015468
0.0015503
0.0015537
0.0015571
0.0015606
0.001564
0.0015675
0.001571
0.0015744
0.0015779
0.0015814
0.0015849
0.0015884
0.0015919
0.0015954
0.0015989
0.0016024
0.001606
0.0016095
0.0016131
0.0016166
0.0016202
0.0016237
0.0016273
0.0016309
0.0016344
0.001638
0.0016416
0.0016452
0.0016488
0.0016524
0.001656
0.0016597
0.0016633
0.0016669
0.0016706
0.0016742
0.0016779
0.0016815
0.0016852
0.0016888
0.0016925
0.0016962
0.0016999
0.0017036
0.0017073
0.001711
0.0017147
0.0017184
0.0017221
0.0017259
0.0017296
0.0017334
0.0017371
0.0017409
0.0017446
0.0017484
0.0017522
0.0017559
0.0017597
0.0017635
0.0017673
0.0017711
0.0017749
0.0017787
0.0017826
0.0017864
0.0017902
0.001794
0.0017979
0.0018017
0.0018056
0.0018095
0.0018133
0.0018172
0.0018211
0.001825
0.0018288
0.0018327
0.0018366
0.0018405
0.0018445
0.0018484
0.0018523
0.0018562
0.0018602
0.0018641
0.001868
0.001872
0.001876
0.0018799
0.0018839
0.0018879
0.0018918
0.0018958
0.0018998
0.0019038
0.0019078
0.0019118
0.0019158
0.0019198
0.0019239
0.0019279
0.0019319
0.001936
0.00194
0.0019441
0.0019481
0.0019522
0.0019563
0.0019603
0.0019644
0.0019685
0.0019726
0.0019767
0.0019808
0.0019849
0.001989
0.0019931
0.0019972
0.0020013
0.0020055
0.0020096
0.0020137
0.0020179
0.002022
0.0020262
0.0020304
0.0020345
0.0020387
0.0020429
0.0020471
0.0020512
0.0020554
0.0020596
0.0020638
0.002068
0.0020722
0.0020765
0.0020807
0.0020849
0.0020891
0.0020934
0.0020976
0.0021019
0.0021061
0.0021104
0.0021146
0.0021189
0.0021232
0.0021274
0.0021317
0.002136
0.0021403
0.0021446
0.0021489
0.0021532
0.0021575
0.0021618
0.0021661
0.0021704
0.0021748
0.0021791
0.0021834
0.0021878
0.0021921
0.0021965
0.0022008
0.0022052
0.0022095
0.0022139
0.0022183
0.0022226
0.002227
0.0022314
0.0022358
0.0022402
0.0022446
0.002249
0.0022534
0.0022578
0.0022622
0.0022666
0.002271
0.0022755
0.0022799
0.0022843
0.0022888
0.0022932
0.0022977
0.0023021
0.0023066
0.002311
0.0023155
0.0023199
0.0023244
0.0023289
0.0023334
0.0023378
0.0023423
0.0023468
0.0023513
0.0023558
0.0023603
0.0023648
0.0023693
0.0023738
0.0023783
0.0023828
0.0023874
0.0023919
0.0023964
0.0024009
0.0024055
0.00241
0.0024146
0.0024191
0.0024236
0.0024282
0.0024327
0.0024373
0.0024419
0.0024464
0.002451
0.0024556
0.0024601
0.0024647
0.0024693
0.0024739
0.0024785
0.0024831
0.0024876
0.0024922
0.0024968
0.0025014
0.002506
0.0025106
0.0025153
0.0025199
0.0025245
0.0025291
0.0025337
0.0025383
0.002543
0.0025476
0.0025522
0.0025569
0.0025615
0.0025661
0.0025708
0.0025754
0.0025801
0.0025847
0.0025894
0.002594
0.0025987
0.0026033
0.002608
0.0026126
0.0026173
0.002622
0.0026266
0.0026313
0.002636
0.0026407
0.0026453
0.00265
0.0026547
0.0026594
0.002664
0.0026687
0.0026734
0.0026781
0.0026828
0.0026875
0.0026922
0.0026969
0.0027016
0.0027063
0.002711
0.0027157
0.0027204
0.0027251
0.0027298
0.0027345
0.0027392
0.0027439
0.0027486
0.0027533
0.002758
0.0027628
0.0027675
0.0027722
0.0027769
0.0027816
0.0027863
0.0027911
0.0027958
0.0028005
0.0028052
0.0028099
0.0028147
0.0028194
0.0028241
0.0028288
0.0028336
0.0028383
0.002843
0.0028478
0.0028525
0.0028572
0.0028619
0.0028667
0.0028714
0.0028761
0.0028809
0.0028856
0.0028903
0.002895
0.0028998
0.0029045
0.0029092
0.002914
0.0029187
0.0029234
0.0029282
0.0029329
0.0029376
0.0029423
0.0029471
0.0029518
0.0029565
0.0029613
0.002966
0.0029707
0.0029754
0.0029802
0.0029849
0.0029896
0.0029943
0.002999
0.0030038
0.0030085
0.0030132
0.0030179
0.0030226
0.0030273
0.0030321
0.0030368
0.0030415
0.0030462
0.0030509
0.0030556
0.0030603
0.003065
0.0030697
0.0030744
0.0030791
0.0030838
0.0030885
0.0030932
0.0030979
0.0031026
0.0031073
0.003112
0.0031167
0.0031213
0.003126
0.0031307
0.0031354
0.00314
0.0031447
0.0031494
0.0031541
0.0031587
0.0031634
0.003168
0.0031727
0.0031773
0.003182
0.0031867
0.0031913
0.0031959
0.0032006
0.0032052
0.0032099
0.0032145
0.0032191
0.0032237
0.0032284
0.003233
0.0032376
0.0032422
0.0032468
0.0032514
0.003256
0.0032606
0.0032652
0.0032698
0.0032744
0.003279
0.0032836
0.0032881
0.0032927
0.0032973
0.0033018
0.0033064
0.003311
0.0033155
0.00332
0.0033246
0.0033291
0.0033337
0.0033382
0.0033427
0.0033472
0.0033518
0.0033563
0.0033608
0.0033653
0.0033698
0.0033743
0.0033788
0.0033832
0.0033877
0.0033922
0.0033967
0.0034011
0.0034056
0.00341
0.0034145
0.0034189
0.0034233
0.0034278
0.0034322
0.0034366
0.003441
0.0034454
0.0034498
0.0034542
0.0034586
0.003463
0.0034674
0.0034717
0.0034761
0.0034805
0.0034848
0.0034892
0.0034935
0.0034978
0.0035022
0.0035065
0.0035108
0.0035151
0.0035194
0.0035237
0.003528
0.0035322
0.0035365
0.0035408
0.003545
0.0035493
0.0035535
0.0035578
0.003562
0.0035662
0.0035704
0.0035746
0.0035788
0.003583
0.0035872
0.0035914
0.0035955
0.0035997
0.0036038
0.003608
0.0036121
0.0036162
0.0036203
0.0036245
0.0036286
0.0036326
0.0036367
0.0036408
0.0036449
0.0036489
0.003653
0.003657
0.003661
0.0036651
0.0036691
0.0036731
0.0036771
0.003681
0.003685
0.003689
0.0036929
0.0036969
0.0037008
0.0037048
0.0037087
0.0037126
0.0037165
0.0037204
0.0037242
0.0037281
0.003732
0.0037358
0.0037397
0.0037435
0.0037473
0.0037511
0.0037549
0.0037587
0.0037625
0.0037662
0.00377
0.0037737
0.0037775
0.0037812
0.0037849
0.0037886
0.0037923
0.0037959
0.0037996
0.0038033
0.0038069
0.0038105
0.0038142
0.0038178
0.0038214
0.0038249
0.0038285
0.0038321
0.0038356
0.0038392
0.0038427
0.0038462
0.0038497
0.0038532
0.0038566
0.0038601
0.0038636
0.003867
0.0038704
0.0038738
0.0038772
0.0038806
0.003884
0.0038873
0.0038907
0.003894
0.0038973
0.0039007
0.0039039
0.0039072
0.0039105
0.0039137
0.003917
0.0039202
0.0039234
0.0039266
0.0039298
0.003933
0.0039361
0.0039393
0.0039424
0.0039455
0.0039486
0.0039517
0.0039548
0.0039578
0.0039609
0.0039639
0.0039669
0.0039699
0.0039729
0.0039759
0.0039788
0.0039817
0.0039847
0.0039876
0.0039905
0.0039933
0.0039962
0.003999
0.0040019
0.0040047
0.0040075
0.0040103
0.004013
0.0040158
0.0040185
0.0040212
0.0040239
0.0040266
0.0040293
0.0040319
0.0040346
0.0040372
0.0040398
0.0040424
0.004045
0.0040475
0.0040501
0.0040526
0.0040551
0.0040576
0.00406
0.0040625
0.0040649
0.0040673
0.0040697
0.0040721
0.0040745
0.0040768
0.0040792
0.0040815
0.0040838
0.004086
0.0040883
0.0040905
0.0040928
0.004095
0.0040971
0.0040993
0.0041015
0.0041036
0.0041057
0.0041078
0.0041099
0.0041119
0.004114
0.004116
0.004118
0.00412
0.0041219
0.0041239
0.0041258
0.0041277
0.0041296
0.0041314
0.0041333
0.0041351
0.0041369
0.0041387
0.0041405
0.0041422
0.0041439
0.0041456
0.0041473
0.004149
0.0041506
0.0041523
0.0041539
0.0041555
0.004157
0.0041586
0.0041601
0.0041616
0.0041631
0.0041645
0.004166
0.0041674
0.0041688
0.0041702
0.0041715
0.0041729
0.0041742
0.0041755
0.0041767
0.004178
0.0041792
0.0041804
0.0041816
0.0041828
0.0041839
0.004185
0.0041861
0.0041872
0.0041883
0.0041893
0.0041903
0.0041913
0.0041923
0.0041932
0.0041941
0.004195
0.0041959
0.0041968
0.0041976
0.0041984
0.0041992
0.0042
0.0042007
0.0042014
0.0042021
0.0042028
0.0042034
0.004204
0.0042046
0.0042052
0.0042058
0.0042063
0.0042068
0.0042073
0.0042078
0.0042082
0.0042086
0.004209
0.0042094
0.0042097
0.00421
0.0042103
0.0042106
0.0042108
0.004211
0.0042112
0.0042114
0.0042116
0.0042117
0.0042118
0.0042119
0.0042119
0.0042119
0.0042119
0.0042119
0.0042119
0.0042118
0.0042117
0.0042116
0.0042114
0.0042112
0.004211
0.0042108
0.0042106
0.0042103
0.00421
0.0042096
0.0042093
0.0042089
0.0042085
0.0042081
0.0042076
0.0042071
0.0042066
0.0042061
0.0042055
0.004205
0.0042043
0.0042037
0.004203
0.0042024
0.0042016
0.0042009
0.0042001
0.0041993
0.0041985
0.0041977
0.0041968
0.0041959
0.004195
0.004194
0.004193
0.004192
0.004191
0.0041899
0.0041888
0.0041877
0.0041866
0.0041854
0.0041842
0.004183
0.0041817
0.0041804
0.0041791
0.0041778
0.0041764
0.0041751
0.0041736
0.0041722
0.0041707
0.0041692
0.0041677
0.0041661
0.0041646
0.0041629
0.0041613
0.0041596
0.0041579
0.0041562
0.0041545
0.0041527
0.0041509
0.0041491
0.0041472
0.0041453
0.0041434
0.0041414
0.0041395
0.0041375
0.0041354
0.0041334
0.0041313
0.0041292
0.004127
0.0041248
0.0041226
0.0041204
0.0041181
0.0041158
0.0041135
0.0041112
0.0041088
0.0041064
0.004104
0.0041015
0.004099
0.0040965
0.0040939
0.0040914
0.0040887
0.0040861
0.0040834
0.0040807
0.004078
0.0040753
0.0040725
0.0040697
0.0040668
0.004064
0.0040611
0.0040581
0.0040552
0.0040522
0.0040492
0.0040461
0.004043
0.0040399
0.0040368
0.0040336
0.0040304
0.0040272
0.0040239
0.0040207
0.0040173
0.004014
0.0040106
0.0040072
0.0040038
0.0040003
0.0039968
0.0039933
0.0039897
0.0039862
0.0039825
0.0039789
0.0039752
0.0039715
0.0039678
0.003964
0.0039602
0.0039564
0.0039526
0.0039487
0.0039448
0.0039408
0.0039368
0.0039328
0.0039288
0.0039247
0.0039206
0.0039165
0.0039123
0.0039082
0.0039039
0.0038997
0.0038954
0.0038911
0.0038868
0.0038824
0.003878
0.0038736
0.0038691
0.0038646
0.0038601
0.0038556
0.003851
0.0038464
0.0038417
0.0038371
0.0038324
0.0038276
0.0038229
0.0038181
0.0038132
0.0038084
0.0038035
0.0037986
0.0037937
0.0037887
0.0037837
0.0037786
0.0037736
0.0037685
0.0037633
0.0037582
0.003753
0.0037478
0.0037425
0.0037373
0.0037319
0.0037266
0.0037212
0.0037158
0.0037104
0.0037049
0.0036995
0.0036939
0.0036884
0.0036828
0.0036772
0.0036715
0.0036659
0.0036602
0.0036544
0.0036487
0.0036429
0.003637
0.0036312
0.0036253
0.0036194
0.0036134
0.0036075
0.0036015
0.0035954
0.0035894
0.0035833
0.0035771
0.003571
0.0035648
0.0035586
0.0035523
0.0035461
0.0035398
0.0035334
0.0035271
0.0035207
0.0035142
0.0035078
0.0035013
0.0034948
0.0034882
0.0034817
0.003475
0.0034684
0.0034618
0.0034551
0.0034483
0.0034416
0.0034348
0.003428
0.0034211
0.0034143
0.0034074
0.0034004
0.0033935
0.0033865
0.0033795
0.0033724
0.0033653
0.0033582
0.0033511
0.0033439
0.0033367
0.0033295
0.0033223
0.003315
0.0033077
0.0033003
0.003293
0.0032856
0.0032781
0.0032707
0.0032632
0.0032557
0.0032482
0.0032406
0.003233
0.0032254
0.0032177
0.00321
0.0032023
0.0031946
0.0031868
0.003179
0.0031712
0.0031633
0.0031554
0.0031475
0.0031396
0.0031316
0.0031236
0.0031156
0.0031075
0.0030995
0.0030913
0.0030832
0.003075
0.0030669
0.0030586
0.0030504
0.0030421
0.0030338
0.0030255
0.0030171
0.0030087
0.0030003
0.0029919
0.0029834
0.0029749
0.0029664
0.0029579
0.0029493
0.0029407
0.0029321
0.0029234
0.0029147
0.002906
0.0028973
0.0028885
0.0028797
0.0028709
0.0028621
0.0028532
0.0028443
0.0028354
0.0028265
0.0028175
0.0028085
0.0027995
0.0027904
0.0027813
0.0027722
0.0027631
0.0027539
0.0027448
0.0027356
0.0027263
0.0027171
0.0027078
0.0026985
0.0026892
0.0026798
0.0026704
0.002661
0.0026516
0.0026421
0.0026327
0.0026231
0.0026136
0.0026041
0.0025945
0.0025849
0.0025752
0.0025656
0.0025559
0.0025462
0.0025365
0.0025267
0.002517
0.0025072
0.0024974
0.0024875
0.0024776
0.0024678
0.0024578
0.0024479
0.0024379
0.002428
0.002418
0.0024079
0.0023979
0.0023878
0.0023777
0.0023676
0.0023574
0.0023473
0.0023371
0.0023269
0.0023166
0.0023064
0.0022961
0.0022858
0.0022755
0.0022651
0.0022548
0.0022444
0.002234
0.0022235
0.0022131
0.0022026
0.0021921
0.0021816
0.0021711
0.0021605
0.0021499
0.0021393
0.0021287
0.0021181
0.0021074
0.0020967
0.002086
0.0020753
0.0020646
0.0020538
0.002043
0.0020322
0.0020214
0.0020106
0.0019997
0.0019888
0.0019779
0.001967
0.0019561
0.0019451
0.0019341
0.0019231
0.0019121
0.0019011
0.00189
0.001879
0.0018679
0.0018568
0.0018456
0.0018345
0.0018233
0.0018122
0.001801
0.0017897
0.0017785
0.0017673
0.001756
0.0017447
0.0017334
0.0017221
0.0017108
0.0016994
0.001688
0.0016767
0.0016653
0.0016538
0.0016424
0.0016309
0.0016195
0.001608
0.0015965
0.001585
0.0015735
0.0015619
0.0015503
0.0015388
0.0015272
0.0015156
0.001504
0.0014923
0.0014807
0.001469
0.0014573
0.0014456
0.0014339
0.0014222
0.0014104
0.0013987
0.0013869
0.0013751
0.0013634
0.0013515
0.0013397
0.0013279
0.001316
0.0013042
0.0012923
0.0012804
0.0012685
0.0012566
0.0012447
0.0012328
0.0012208
0.0012088
0.0011969
0.0011849
0.0011729
0.0011609
0.0011489
0.0011368
0.0011248
0.0011127
0.0011007
0.0010886
0.0010765
0.0010644
0.0010523
0.0010402
0.001028
0.0010159
0.0010037
0.00099159
0.00097942
0.00096724
0.00095505
0.00094285
0.00093064
0.00091842
0.00090619
0.00089396
0.00088171
0.00086946
0.00085719
0.00084492
0.00083264
0.00082035
0.00080805
0.00079575
0.00078343
0.00077111
0.00075878
0.00074645
0.0007341
0.00072175
0.00070939
0.00069703
0.00068466
0.00067228
0.00065989
0.0006475
0.0006351
0.00062269
0.00061028
0.00059786
0.00058544
0.000573
0.00056057
0.00054813
0.00053568
0.00052323
0.00051077
0.00049831
0.00048584
0.00047337
0.00046089
0.00044841
0.00043592
0.00042343
0.00041093
0.00039843
0.00038593
0.00037342
0.00036091
0.00034839
0.00033588
0.00032335
0.00031083
0.0002983
0.00028577
0.00027324
0.0002607
0.00024816
0.00023562
0.00022308
0.00021053
0.00019798
0.00018543
0.00017288
0.00016032
0.00014777
0.00013521
0.00012265
0.00011009
9.7534e-05
8.4972e-05
7.241e-05
5.9847e-05
4.7283e-05
3.4719e-05
2.2155e-05
9.5904e-06
-2.9741e-06
-1.5539e-05
-2.8103e-05
-4.0667e-05
-5.323e-05
-6.5793e-05
-7.8355e-05
-9.0917e-05
-0.00010348
-0.00011604
-0.00012859
-0.00014115
-0.00015371
-0.00016626
-0.00017881
-0.00019136
-0.00020391
-0.00021646
-0.000229
-0.00024154
-0.00025408
-0.00026662
-0.00027915
-0.00029168
-0.00030421
-0.00031673
-0.00032925
-0.00034177
-0.00035428
-0.00036679
-0.0003793
-0.0003918
-0.0004043
-0.0004168
-0.00042929
-0.00044177
-0.00045426
-0.00046673
-0.0004792
-0.00049167
-0.00050413
-0.00051659
-0.00052904
-0.00054149
-0.00055393
-0.00056636
-0.00057879
-0.00059122
-0.00060363
-0.00061605
-0.00062845
-0.00064085
-0.00065324
-0.00066563
-0.00067801
-0.00069038
-0.00070274
-0.0007151
-0.00072745
-0.00073979
-0.00075213
-0.00076445
-0.00077677
-0.00078909
-0.00080139
-0.00081369
-0.00082597
-0.00083825
-0.00085052
-0.00086278
-0.00087504
-0.00088728
-0.00089952
-0.00091174
-0.00092396
-0.00093617
-0.00094837
-0.00096056
-0.00097273
-0.0009849
-0.00099706
-0.0010092
-0.0010213
-0.0010335
-0.0010456
-0.0010577
-0.0010698
-0.0010819
-0.001094
-0.001106
-0.0011181
-0.0011301
-0.0011421
-0.0011542
-0.0011662
-0.0011782
-0.0011902
-0.0012021
-0.0012141
-0.001226
-0.001238
-0.0012499
-0.0012618
-0.0012737
-0.0012856
-0.0012975
-0.0013093
-0.0013212
-0.001333
-0.0013448
-0.0013566
-0.0013684
-0.0013802
-0.0013919
-0.0014037
-0.0014154
-0.0014272
-0.0014389
-0.0014506
-0.0014622
-0.0014739
-0.0014855
-0.0014972
-0.0015088
-0.0015204
-0.001532
-0.0015436
-0.0015551
-0.0015667
-0.0015782
-0.0015897
-0.0016012
-0.0016127
-0.0016242
-0.0016356
-0.001647
-0.0016585
-0.0016699
-0.0016812
-0.0016926
-0.001704
-0.0017153
-0.0017266
-0.0017379
-0.0017492
-0.0017605
-0.0017717
-0.0017829
-0.0017941
-0.0018053
-0.0018165
-0.0018277
-0.0018388
-0.0018499
-0.001861
-0.0018721
-0.0018832
-0.0018942
-0.0019053
-0.0019163
-0.0019273
-0.0019383
-0.0019492
-0.0019601
-0.0019711
-0.001982
-0.0019928
-0.0020037
-0.0020145
-0.0020254
-0.0020362
-0.0020469
-0.0020577
-0.0020684
-0.0020792
-0.0020899
-0.0021005
-0.0021112
-0.0021218
-0.0021325
-0.002143
-0.0021536
-0.0021642
-0.0021747
-0.0021852
-0.0021957
-0.0022062
-0.0022166
-0.0022271
-0.0022375
-0.0022479
-0.0022582
-0.0022686
-0.0022789
-0.0022892
-0.0022995
-0.0023097
-0.00232
-0.0023302
-0.0023404
-0.0023505
-0.0023607
-0.0023708
-0.0023809
-0.002391
-0.002401
-0.002411
-0.002421
-0.002431
-0.002441
-0.0024509
-0.0024608
-0.0024707
-0.0024806
-0.0024904
-0.0025003
-0.00251
-0.0025198
-0.0025296
-0.0025393
-0.002549
-0.0025587
-0.0025683
-0.0025779
-0.0025875
-0.0025971
-0.0026067
-0.0026162
-0.0026257
-0.0026352
-0.0026447
-0.0026541
-0.0026635
-0.0026729
-0.0026822
-0.0026916
-0.0027009
-0.0027101
-0.0027194
-0.0027286
-0.0027378
-0.002747
-0.0027562
-0.0027653
-0.0027744
-0.0027835
-0.0027925
-0.0028015
-0.0028105
-0.0028195
-0.0028285
-0.0028374
-0.0028463
-0.0028551
-0.002864
-0.0028728
-0.0028816
-0.0028904
-0.0028991
-0.0029078
-0.0029165
-0.0029251
-0.0029338
-0.0029424
-0.0029509
-0.0029595
-0.002968
-0.0029765
-0.002985
-0.0029934
-0.0030018
-0.0030102
-0.0030186
-0.0030269
-0.0030352
-0.0030435
-0.0030517
-0.0030599
-0.0030681
-0.0030763
-0.0030844
-0.0030926
-0.0031006
-0.0031087
-0.0031167
-0.0031247
-0.0031327
-0.0031406
-0.0031485
-0.0031564
-0.0031643
-0.0031721
-0.0031799
-0.0031877
-0.0031954
-0.0032031
-0.0032108
-0.0032185
-0.0032261
-0.0032337
-0.0032413
-0.0032488
-0.0032564
-0.0032638
-0.0032713
-0.0032787
-0.0032861
-0.0032935
-0.0033008
-0.0033082
-0.0033154
-0.0033227
-0.0033299
-0.0033371
-0.0033443
-0.0033514
-0.0033585
-0.0033656
-0.0033727
-0.0033797
-0.0033867
-0.0033937
-0.0034006
-0.0034075
-0.0034144
-0.0034212
-0.003428
-0.0034348
-0.0034416
-0.0034483
-0.003455
-0.0034617
-0.0034683
-0.0034749
-0.0034815
-0.0034881
-0.0034946
-0.0035011
-0.0035075
-0.003514
-0.0035204
-0.0035267
-0.0035331
-0.0035394
-0.0035457
-0.0035519
-0.0035581
-0.0035643
-0.0035705
-0.0035766
-0.0035827
-0.0035888
-0.0035948
-0.0036009
-0.0036068
-0.0036128
-0.0036187
-0.0036246
-0.0036305
-0.0036363
-0.0036421
-0.0036479
-0.0036536
-0.0036593
-0.003665
-0.0036706
-0.0036763
-0.0036819
-0.0036874
-0.0036929
-0.0036984
-0.0037039
-0.0037094
-0.0037148
-0.0037201
-0.0037255
-0.0037308
-0.0037361
-0.0037413
-0.0037466
-0.0037518
-0.0037569
-0.0037621
-0.0037672
-0.0037723
-0.0037773
-0.0037823
-0.0037873
-0.0037922
-0.0037972
-0.0038021
-0.0038069
-0.0038118
-0.0038166
-0.0038213
-0.0038261
-0.0038308
-0.0038355
-0.0038401
-0.0038447
-0.0038493
-0.0038539
-0.0038584
-0.0038629
-0.0038674
-0.0038718
-0.0038762
-0.0038806
-0.003885
-0.0038893
-0.0038936
-0.0038978
-0.003902
-0.0039062
-0.0039104
-0.0039145
-0.0039187
-0.0039227
-0.0039268
-0.0039308
-0.0039348
-0.0039387
-0.0039427
-0.0039466
-0.0039504
-0.0039543
-0.0039581
-0.0039618
-0.0039656
-0.0039693
-0.003973
-0.0039766
-0.0039803
-0.0039839
-0.0039874
-0.003991
-0.0039945
-0.003998
-0.0040014
-0.0040048
-0.0040082
-0.0040116
-0.0040149
-0.0040182
-0.0040215
-0.0040247
-0.0040279
-0.0040311
-0.0040342
-0.0040374
-0.0040404
-0.0040435
-0.0040465
-0.0040495
-0.0040525
-0.0040555
-0.0040584
-0.0040613
-0.0040641
-0.0040669
-0.0040697
-0.0040725
-0.0040753
-0.004078
-0.0040806
-0.0040833
-0.0040859
-0.0040885
-0.0040911
-0.0040936
-0.0040961
-0.0040986
-0.004101
-0.0041035
-0.0041059
-0.0041082
-0.0041106
-0.0041129
-0.0041151
-0.0041174
-0.0041196
-0.0041218
-0.004124
-0.0041261
-0.0041282
-0.0041303
-0.0041323
-0.0041343
-0.0041363
-0.0041383
-0.0041402
-0.0041421
-0.004144
-0.0041459
-0.0041477
-0.0041495
-0.0041513
-0.004153
-0.0041547
-0.0041564
-0.004158
-0.0041597
-0.0041613
-0.0041628
-0.0041644
-0.0041659
-0.0041674
-0.0041689
-0.0041703
-0.0041717
-0.0041731
-0.0041744
-0.0041757
-0.004177
-0.0041783
-0.0041796
-0.0041808
-0.004182
-0.0041831
-0.0041843
-0.0041854
-0.0041864
-0.0041875
-0.0041885
-0.0041895
-0.0041905
-0.0041914
-0.0041924
-0.0041933
-0.0041941
-0.004195
-0.0041958
-0.0041966
-0.0041973
-0.0041981
-0.0041988
-0.0041995
-0.0042001
-0.0042007
-0.0042013
-0.0042019
-0.0042025
-0.004203
-0.0042035
-0.004204
-0.0042044
-0.0042049
-0.0042052
-0.0042056
-0.004206
-0.0042063
-0.0042066
-0.0042069
-0.0042071
-0.0042073
-0.0042075
-0.0042077
-0.0042078
-0.004208
-0.004208
-0.0042081
-0.0042082
-0.0042082
-0.0042082
-0.0042082
-0.0042081
-0.004208
-0.0042079
-0.0042078
-0.0042076
-0.0042075
-0.0042073
-0.004207
-0.0042068
-0.0042065
-0.0042062
-0.0042059
-0.0042056
-0.0042052
-0.0042048
-0.0042044
-0.0042039
-0.0042035
-0.004203
-0.0042025
-0.004202
-0.0042014
-0.0042008
-0.0042002
-0.0041996
-0.0041989
-0.0041983
-0.0041976
-0.0041969
-0.0041961
-0.0041953
-0.0041946
-0.0041938
-0.0041929
-0.0041921
-0.0041912
-0.0041903
-0.0041894
-0.0041884
-0.0041875
-0.0041865
-0.0041855
-0.0041844
-0.0041834
-0.0041823
-0.0041812
-0.0041801
-0.0041789
-0.0041778
-0.0041766
-0.0041754
-0.0041742
-0.0041729
-0.0041716
-0.0041703
-0.004169
-0.0041677
-0.0041663
-0.004165
-0.0041636
-0.0041621
-0.0041607
-0.0041592
-0.0041578
-0.0041563
-0.0041547
-0.0041532
-0.0041516
-0.0041501
-0.0041484
-0.0041468
-0.0041452
-0.0041435
-0.0041418
-0.0041401
-0.0041384
-0.0041367
-0.0041349
-0.0041331
-0.0041313
-0.0041295
-0.0041277
-0.0041258
-0.0041239
-0.004122
-0.0041201
-0.0041182
-0.0041162
-0.0041142
-0.0041122
-0.0041102
-0.0041082
-0.0041061
-0.0041041
-0.004102
-0.0040999
-0.0040977
-0.0040956
-0.0040934
-0.0040913
-0.0040891
-0.0040868
-0.0040846
-0.0040824
-0.0040801
-0.0040778
-0.0040755
-0.0040732
-0.0040708
-0.0040685
-0.0040661
-0.0040637
-0.0040613
-0.0040589
-0.0040564
-0.0040539
-0.0040515
-0.004049
-0.0040465
-0.0040439
-0.0040414
-0.0040388
-0.0040362
-0.0040336
-0.004031
-0.0040284
-0.0040257
-0.0040231
-0.0040204
-0.0040177
-0.004015
-0.0040123
-0.0040095
-0.0040068
-0.004004
-0.0040012
-0.0039984
-0.0039956
-0.0039927
-0.0039899
-0.003987
-0.0039841
-0.0039812
-0.0039783
-0.0039754
-0.0039725
-0.0039695
-0.0039665
-0.0039635
-0.0039605
-0.0039575
-0.0039545
-0.0039514
-0.0039484
-0.0039453
-0.0039422
-0.0039391
-0.003936
-0.0039328
-0.0039297
-0.0039265
-0.0039234
-0.0039202
-0.003917
-0.0039137
-0.0039105
-0.0039073
-0.003904
-0.0039007
-0.0038975
-0.0038942
-0.0038909
-0.0038875
-0.0038842
-0.0038808
-0.0038775
-0.0038741
-0.0038707
-0.0038673
-0.0038639
-0.0038605
-0.003857
-0.0038536
-0.0038501
-0.0038466
-0.0038432
-0.0038397
-0.0038361
-0.0038326
-0.0038291
-0.0038255
-0.003822
-0.0038184
-0.0038148
-0.0038112
-0.0038076
-0.003804
-0.0038004
-0.0037967
-0.0037931
-0.0037894
-0.0037857
-0.003782
-0.0037783
-0.0037746
-0.0037709
-0.0037672
-0.0037634
-0.0037597
-0.0037559
-0.0037521
-0.0037483
-0.0037446
-0.0037407
-0.0037369
-0.0037331
-0.0037293
-0.0037254
-0.0037216
-0.0037177
-0.0037138
-0.0037099
-0.003706
-0.0037021
-0.0036982
-0.0036943
-0.0036904
-0.0036864
-0.0036825
-0.0036785
-0.0036745
-0.0036705
-0.0036666
-0.0036626
-0.0036585
-0.0036545
-0.0036505
-0.0036465
-0.0036424
-0.0036384
-0.0036343
-0.0036302
-0.0036262
-0.0036221
-0.003618
-0.0036139
-0.0036098
-0.0036056
-0.0036015
-0.0035974
-0.0035932
-0.0035891
-0.0035849
-0.0035807
-0.0035766
-0.0035724
-0.0035682
-0.003564
-0.0035598
-0.0035556
-0.0035513
-0.0035471
-0.0035429
-0.0035386
-0.0035344
-0.0035301
-0.0035259
-0.0035216
-0.0035173
-0.003513
-0.0035087
-0.0035044
-0.0035001
-0.0034958
-0.0034915
-0.0034872
-0.0034828
-0.0034785
-0.0034742
-0.0034698
-0.0034655
-0.0034611
-0.0034567
-0.0034523
-0.003448
-0.0034436
-0.0034392
-0.0034348
-0.0034304
-0.003426
-0.0034216
-0.0034171
-0.0034127
-0.0034083
-0.0034038
-0.0033994
-0.0033949
-0.0033905
-0.003386
-0.0033816
-0.0033771
-0.0033726
-0.0033681
-0.0033637
-0.0033592
-0.0033547
-0.0033502
-0.0033457
-0.0033412
-0.0033367
-0.0033321
-0.0033276
-0.0033231
-0.0033186
-0.003314
-0.0033095
-0.0033049
-0.0033004
-0.0032958
-0.0032913
-0.0032867
-0.0032822
-0.0032776
-0.003273
-0.0032685
-0.0032639
-0.0032593
-0.0032547
-0.0032501
-0.0032455
-0.0032409
-0.0032363
-0.0032317
-0.0032271
-0.0032225
-0.0032179
-0.0032133
-0.0032087
-0.003204
-0.0031994
-0.0031948
-0.0031902
-0.0031855
-0.0031809
-0.0031763
-0.0031716
-0.003167
-0.0031623
-0.0031577
-0.003153
-0.0031484
-0.0031437
-0.0031391
-0.0031344
-0.0031297
-0.0031251
-0.0031204
-0.0031157
-0.0031111
-0.0031064
-0.0031017
-0.003097
-0.0030923
-0.0030877
-0.003083
-0.0030783
-0.0030736
-0.0030689
-0.0030642
-0.0030595
-0.0030548
-0.0030502
-0.0030455
-0.0030408
-0.0030361
-0.0030314
-0.0030267
-0.003022
-0.0030173
-0.0030126
-0.0030078
-0.0030031
-0.0029984
-0.0029937
-0.002989
-0.0029843
-0.0029796
-0.0029749
-0.0029702
-0.0029655
-0.0029607
-0.002956
-0.0029513
-0.0029466
-0.0029419
-0.0029372
-0.0029324
-0.0029277
-0.002923
-0.0029183
-0.0029136
-0.0029089
-0.0029041
-0.0028994
-0.0028947
-0.00289
-0.0028853
-0.0028806
-0.0028758
-0.0028711
-0.0028664
-0.0028617
-0.002857
-0.0028523
-0.0028475
-0.0028428
-0.0028381
-0.0028334
-0.0028287
-0.002824
-0.0028192
-0.0028145
-0.0028098
-0.0028051
-0.0028004
-0.0027957
-0.002791
-0.0027863
-0.0027816
-0.0027769
-0.0027722
-0.0027674
-0.0027627
-0.002758
-0.0027533
-0.0027486
-0.0027439
-0.0027392
-0.0027345
-0.0027298
-0.0027252
-0.0027205
-0.0027158
-0.0027111
-0.0027064
-0.0027017
-0.002697
-0.0026923
-0.0026877
-0.002683
-0.0026783
-0.0026736
-0.0026689
-0.0026643
-0.0026596
-0.0026549
-0.0026503
-0.0026456
-0.0026409
-0.0026363
-0.0026316
-0.0026269
-0.0026223
-0.0026176
-0.002613
-0.0026083
-0.0026037
-0.002599
-0.0025944
-0.0025897
-0.0025851
-0.0025805
-0.0025758
-0.0025712
-0.0025666
-0.0025619
-0.0025573
-0.0025527
-0.0025481
-0.0025434
-0.0025388
-0.0025342
-0.0025296
-0.002525
-0.0025204
-0.0025158
-0.0025112
-0.0025066
-0.002502
-0.0024974
-0.0024928
-0.0024882
-0.0024837
-0.0024791
-0.0024745
-0.0024699
-0.0024654
-0.0024608
-0.0024562
-0.0024517
-0.0024471
-0.0024426
-0.002438
-0.0024335
-0.0024289
-0.0024244
-0.0024198
-0.0024153
-0.0024108
-0.0024062
-0.0024017
-0.0023972
-0.0023927
-0.0023881
-0.0023836
-0.0023791
-0.0023746
-0.0023701
-0.0023656
-0.0023611
-0.0023566
-0.0023521
-0.0023477
-0.0023432
-0.0023387
-0.0023342
-0.0023298
-0.0023253
-0.0023208
-0.0023164
-0.0023119
-0.0023075
-0.002303
-0.0022986
-0.0022942
-0.0022897
-0.0022853
-0.0022809
-0.0022764
-0.002272
-0.0022676
-0.0022632
-0.0022588
-0.0022544
-0.00225
-0.0022456
-0.0022412
-0.0022368
-0.0022325
-0.0022281
-0.0022237
-0.0022193
-0.002215
-0.0022106
-0.0022063
-0.0022019
-0.0021976
-0.0021932
-0.0021889
-0.0021846
-0.0021802
-0.0021759
-0.0021716
-0.0021673
-0.002163
-0.0021586
-0.0021543
-0.0021501
-0.0021458
-0.0021415
-0.0021372
-0.0021329
-0.0021286
-0.0021244
-0.0021201
-0.0021158
-0.0021116
-0.0021073
-0.0021031
-0.0020989
-0.0020946
-0.0020904
-0.0020862
-0.0020819
-0.0020777
-0.0020735
-0.0020693
-0.0020651
-0.0020609
-0.0020567
-0.0020525
-0.0020483
-0.0020442
-0.00204
-0.0020358
-0.0020317
-0.0020275
-0.0020234
-0.0020192
-0.0020151
-0.0020109
-0.0020068
-0.0020027
-0.0019985
-0.0019944
-0.0019903
-0.0019862
-0.0019821
-0.001978
-0.0019739
-0.0019698
-0.0019658
-0.0019617
-0.0019576
-0.0019536
-0.0019495
-0.0019454
-0.0019414
-0.0019374
-0.0019333
-0.0019293
-0.0019253
-0.0019212
-0.0019172
-0.0019132
-0.0019092
-0.0019052
-0.0019012
-0.0018972
-0.0018932
-0.0018893
-0.0018853
-0.0018813
-0.0018774
-0.0018734
-0.0018695
-0.0018655
-0.0018616
-0.0018576
-0.0018537
-0.0018498
-0.0018459
-0.001842
-0.0018381
-0.0018342
-0.0018303
-0.0018264
-0.0018225
-0.0018186
-0.0018147
-0.0018109
-0.001807
-0.0018032
-0.0017993
-0.0017955
-0.0017916
-0.0017878
-0.001784
-0.0017802
-0.0017763
-0.0017725
-0.0017687
-0.0017649
-0.0017611
-0.0017574
-0.0017536
-0.0017498
-0.001746
-0.0017423
-0.0017385
-0.0017348
-0.001731
-0.0017273
-0.0017236
-0.0017198
-0.0017161
-0.0017124
-0.0017087
-0.001705
-0.0017013
-0.0016976
-0.0016939
-0.0016902
-0.0016866
-0.0016829
-0.0016792
-0.0016756
-0.0016719
-0.0016683
-0.0016646
-0.001661
-0.0016574
-0.0016538
-0.0016502
-0.0016466
-0.001643
-0.0016394
-0.0016358
-0.0016322
-0.0016286
-0.001625
-0.0016215
-0.0016179
-0.0016144
-0.0016108
-0.0016073
-0.0016037
-0.0016002
-0.0015967
-0.0015932
-0.0015897
-0.0015862
-0.0015827
-0.0015792
-0.0015757
-0.0015722
-0.0015688
-0.0015653
-0.0015618
-0.0015584
-0.0015549
-0.0015515
-0.0015481
-0.0015446
-0.0015412
-0.0015378
-0.0015344
-0.001531
-0.0015276
-0.0015242
-0.0015208
-0.0015174
-0.0015141
-0.0015107
-0.0015073
-0.001504
-0.0015006
-0.0014973
-0.001494
-0.0014906
-0.0014873
-0.001484
-0.0014807
-0.0014774
-0.0014741
-0.0014708
-0.0014675
-0.0014642
-0.001461
-0.0014577
-0.0014545
-0.0014512
-0.001448
-0.0014447
-0.0014415
-0.0014383
-0.001435
-0.0014318
-0.0014286
-0.0014254
-0.0014222
-0.001419
-0.0014159
-0.0014127
-0.0014095
-0.0014064
-0.0014032
-0.0014
-0.0013969
-0.0013938
-0.0013906
-0.0013875
-0.0013844
-0.0013813
-0.0013782
-0.0013751
-0.001372
-0.0013689
-0.0013658
-0.0013628
-0.0013597
-0.0013566
-0.0013536
-0.0013505
-0.0013475
-0.0013445
-0.0013414
-0.0013384
-0.0013354
-0.0013324
-0.0013294
-0.0013264
-0.0013234
-0.0013204
-0.0013175
-0.0013145
-0.0013115
-0.0013086
-0.0013056
-0.0013027
-0.0012997
-0.0012968
-0.0012939
-0.001291
-0.0012881
-0.0012852
-0.0012823
-0.0012794
-0.0012765
-0.0012736
-0.0012708
-0.0012679
-0.001265
-0.0012622
-0.0012593
-0.0012565
-0.0012537
-0.0012508
-0.001248
-0.0012452
-0.0012424
-0.0012396
-0.0012368
-0.001234
-0.0012312
-0.0012285
-0.0012257
-0.0012229
-0.0012202
-0.0012175
-0.0012147
-0.001212
-0.0012092
-0.0012065
-0.0012038
-0.0012011
-0.0011984
-0.0011957
-0.001193
-0.0011903
-0.0011877
-0.001185
-0.0011823
-0.0011797
-0.001177
-0.0011744
-0.0011718
-0.0011691
-0.0011665
-0.0011639
-0.0011613
-0.0011587
-0.0011561
-0.0011535
-0.0011509
-0.0011483
-0.0011458
-0.0011432
-0.0011406
-0.0011381
-0.0011356
-0.001133
-0.0011305
-0.001128
-0.0011254
-0.0011229
-0.0011204
-0.0011179
-0.0011154
-0.001113
-0.0011105
-0.001108
-0.0011055
-0.0011031
-0.0011006
-0.0010982
-0.0010957
-0.0010933
-0.0010909
-0.0010885
-0.0010861
-0.0010836
-0.0010812
-0.0010789
-0.0010765
-0.0010741
-0.0010717
-0.0010693
-0.001067
-0.0010646
-0.0010623
-0.0010599
-0.0010576
-0.0010553
-0.001053
-0.0010506
-0.0010483
-0.001046
-0.0010437
-0.0010414
-0.0010392
-0.0010369
-0.0010346
-0.0010324
-0.0010301
-0.0010278
-0.0010256
-0.0010234
-0.0010211
-0.0010189
-0.0010167
-0.0010145
-0.0010123
-0.0010101
-0.0010079
-0.0010057
-0.0010035
-0.0010013
-0.00099918
-0.00099702
-0.00099486
-0.00099272
-0.00099058
-0.00098844
-0.00098631
-0.00098419
-0.00098208
-0.00097997
-0.00097787
-0.00097577
-0.00097368
-0.0009716
-0.00096952
-0.00096745
-0.00096539
-0.00096333
-0.00096128
-0.00095924
-0.0009572
-0.00095517
-0.00095314
-0.00095112
-0.00094911
-0.0009471
-0.0009451
-0.00094311
-0.00094112
-0.00093914
-0.00093717
-0.0009352
-0.00093324
-0.00093128
-0.00092933
-0.00092739
-0.00092545
-0.00092352
-0.0009216
-0.00091968
-0.00091777
-0.00091587
-0.00091397
-0.00091207
-0.00091019
-0.00090831
-0.00090643
-0.00090457
-0.0009027
-0.00090085
-0.000899
-0.00089716
-0.00089532
-0.00089349
-0.00089167
-0.00088985
-0.00088804
-0.00088623
-0.00088443
-0.00088264
-0.00088086
-0.00087907
-0.0008773
-0.00087553
-0.00087377
-0.00087201
-0.00087026
-0.00086852
-0.00086678
-0.00086505
-0.00086333
-0.00086161
-0.00085989
-0.00085819
-0.00085649
-0.00085479
-0.0008531
-0.00085142
-0.00084974
-0.00084807
-0.00084641
-0.00084475
-0.0008431
-0.00084145
-0.00083981
-0.00083818
-0.00083655
-0.00083493
-0.00083331
-0.0008317
-0.0008301
-0.0008285
-0.0008269
-0.00082532
-0.00082374
-0.00082216
-0.00082059
-0.00081903
-0.00081747
-0.00081592
-0.00081438
-0.00081284
-0.0008113
-0.00080978
-0.00080826
-0.00080674
-0.00080523
-0.00080372
-0.00080223
-0.00080073
-0.00079925
-0.00079777
-0.00079629
-0.00079482
-0.00079336
-0.0007919
-0.00079045
-0.000789
-0.00078756
-0.00078612
-0.00078469
-0.00078327
-0.00078185
-0.00078044
-0.00077903
-0.00077763
-0.00077624
-0.00077485
-0.00077346
-0.00077208
-0.00077071
-0.00076934
-0.00076798
-0.00076662
-0.00076527
-0.00076393
-0.00076259
-0.00076125
-0.00075992
-0.0007586
-0.00075728
-0.00075597
-0.00075466
-0.00075336
-0.00075206
-0.00075077
-0.00074949
-0.00074821
-0.00074693
-0.00074566
-0.0007444
-0.00074314
-0.00074189
-0.00074064
-0.0007394
-0.00073816
-0.00073693
-0.0007357
-0.00073448
-0.00073326
-0.00073205
-0.00073084
-0.00072964
-0.00072845
-0.00072726
-0.00072607
-0.00072489
-0.00072372
-0.00072255
-0.00072138
-0.00072022
-0.00071907
-0.00071792
-0.00071677
-0.00071563
-0.0007145
-0.00071337
-0.00071224
-0.00071112
-0.00071001
-0.0007089
-0.00070779
-0.00070669
-0.0007056
-0.00070451
-0.00070342
-0.00070234
-0.00070126
-0.00070019
-0.00069913
-0.00069807
-0.00069701
-0.00069596
-0.00069491
-0.00069387
-0.00069283
-0.00069179
-0.00069077
-0.00068974
-0.00068872
-0.00068771
-0.0006867
-0.00068569
-0.00068469
-0.00068369
-0.0006827
-0.00068171
-0.00068073
-0.00067975
-0.00067878
-0.00067781
-0.00067684
-0.00067588
-0.00067493
-0.00067397
-0.00067303
-0.00067208
-0.00067114
-0.00067021
-0.00066928
-0.00066835
-0.00066743
-0.00066651
-0.0006656
-0.00066469
-0.00066378
-0.00066288
-0.00066198
-0.00066109
-0.0006602
-0.00065932
-0.00065844
-0.00065756
-0.00065669
-0.00065582
-0.00065495
-0.00065409
-0.00065323
-0.00065238
-0.00065153
-0.00065069
-0.00064985
-0.00064901
-0.00064817
-0.00064734
-0.00064652
-0.00064569
-0.00064488
-0.00064406
-0.00064325
-0.00064244
-0.00064164
-0.00064084
-0.00064004
-0.00063925
-0.00063846
-0.00063767
-0.00063689
-0.00063611
-0.00063533
-0.00063456
-0.00063379
-0.00063302
-0.00063226
-0.0006315
-0.00063075
-0.00063
-0.00062925
-0.0006285
-0.00062776
-0.00062702
-0.00062628
-0.00062555
-0.00062482
-0.00062409
-0.00062337
-0.00062265
-0.00062193
-0.00062122
-0.00062051
-0.0006198
-0.0006191
-0.00061839
-0.00061769
-0.000617
-0.00061631
-0.00061561
-0.00061493
-0.00061424
-0.00061356
-0.00061288
-0.00061221
-0.00061153
-0.00061086
-0.00061019
-0.00060953
-0.00060886
-0.0006082
-0.00060755
-0.00060689
-0.00060624
-0.00060559
-0.00060494
-0.0006043
-0.00060365
-0.00060301
-0.00060238
-0.00060174
-0.00060111
-0.00060048
-0.00059985
-0.00059922
-0.0005986
-0.00059798
-0.00059736
-0.00059674
-0.00059613
-0.00059551
-0.0005949
-0.00059429
-0.00059369
-0.00059308
-0.00059248
-0.00059188
-0.00059128
-0.00059069
-0.00059009
-0.0005895
-0.00058891
-0.00058832
-0.00058773
-0.00058715
-0.00058657
-0.00058598
-0.00058541
-0.00058483
-0.00058425
-0.00058368
-0.0005831
-0.00058253
-0.00058196
-0.0005814
-0.00058083
-0.00058026
-0.0005797
-0.00057914
-0.00057858
-0.00057802
-0.00057746
-0.00057691
-0.00057635
-0.0005758
-0.00057525
-0.00057469
-0.00057415
-0.0005736
-0.00057305
-0.0005725
-0.00057196
-0.00057142
-0.00057087
-0.00057033
-0.00056979
-0.00056926
-0.00056872
-0.00056818
-0.00056764
-0.00056711
-0.00056658
-0.00056604
-0.00056551
-0.00056498
-0.00056445
-0.00056392
-0.00056339
-0.00056287
-0.00056234
-0.00056181
-0.00056129
-0.00056076
-0.00056024
-0.00055972
-0.00055919
-0.00055867
-0.00055815
-0.00055763
-0.00055711
-0.00055659
-0.00055607
-0.00055555
-0.00055503
-0.00055452
-0.000554
-0.00055348
-0.00055297
-0.00055245
-0.00055193
-0.00055142
-0.0005509
-0.00055039
-0.00054988
-0.00054936
-0.00054885
-0.00054833
-0.00054782
-0.00054731
-0.00054679
-0.00054628
-0.00054577
-0.00054526
-0.00054474
-0.00054423
-0.00054372
-0.00054321
-0.00054269
-0.00054218
-0.00054167
-0.00054116
-0.00054064
-0.00054013
-0.00053962
-0.00053911
-0.00053859
-0.00053808
-0.00053757
-0.00053705
-0.00053654
-0.00053603
-0.00053551
-0.000535
-0.00053448
-0.00053397
-0.00053345
-0.00053294
-0.00053242
-0.00053191
-0.00053139
-0.00053087
-0.00053036
-0.00052984
-0.00052932
-0.0005288
-0.00052828
-0.00052776
-0.00052724
-0.00052672
-0.0005262
-0.00052568
-0.00052516
-0.00052464
-0.00052411
-0.00052359
-0.00052307
-0.00052254
-0.00052202
-0.00052149
-0.00052096
-0.00052044
-0.00051991
-0.00051938
-0.00051885
-0.00051832
-0.00051779
-0.00051726
-0.00051673
-0.00051619
-0.00051566
-0.00051512
-0.00051459
-0.00051405
-0.00051352
-0.00051298
-0.00051244
-0.0005119
-0.00051136
-0.00051082
-0.00051028
-0.00050974
-0.0005092
-0.00050865
-0.00050811
-0.00050756
-0.00050701
-0.00050647
-0.00050592
-0.00050537
-0.00050482
-0.00050427
-0.00050372
-0.00050316
-0.00050261
-0.00050205
-0.0005015
-0.00050094
-0.00050038
-0.00049982
-0.00049926
-0.0004987
-0.00049814
-0.00049758
-0.00049702
-0.00049645
-0.00049589
-0.00049532
-0.00049475
-0.00049418
-0.00049362
-0.00049304
-0.00049247
-0.0004919
-0.00049133
-0.00049075
-0.00049018
-0.0004896
-0.00048902
-0.00048845
-0.00048787
-0.00048729
-0.00048671
-0.00048612
-0.00048554
-0.00048496
-0.00048437
-0.00048378
-0.0004832
-0.00048261
-0.00048202
-0.00048143
-0.00048084
-0.00048024
-0.00047965
-0.00047906
-0.00047846
-0.00047787
-0.00047727
-0.00047667
-0.00047607
-0.00047547
-0.00047487
-0.00047427
-0.00047367
-0.00047306
-0.00047246
-0.00047185
-0.00047125
-0.00047064
-0.00047003
-0.00046942
-0.00046881
-0.0004682
-0.00046759
-0.00046697
-0.00046636
-0.00046574
-0.00046513
-0.00046451
-0.0004639
-0.00046328
-0.00046266
-0.00046204
-0.00046142
-0.0004608
-0.00046017
-0.00045955
-0.00045893
-0.0004583
-0.00045768
-0.00045705
-0.00045642
-0.00045579
-0.00045517
-0.00045454
-0.00045391
-0.00045328
-0.00045264
-0.00045201
-0.00045138
-0.00045075
-0.00045011
-0.00044948
-0.00044884
-0.0004482
-0.00044757
-0.00044693
-0.00044629
-0.00044565
-0.00044501
-0.00044437
-0.00044373
-0.00044309
-0.00044245
-0.00044181
-0.00044116
-0.00044052
-0.00043988
-0.00043923
-0.00043859
-0.00043794
-0.00043729
-0.00043665
-0.000436
-0.00043535
-0.00043471
-0.00043406
-0.00043341
-0.00043276
-0.00043211
-0.00043146
-0.00043081
-0.00043016
-0.00042951
-0.00042885
-0.0004282
-0.00042755
-0.0004269
-0.00042624
-0.00042559
-0.00042494
-0.00042428
-0.00042363
-0.00042297
-0.00042232
-0.00042166
-0.00042101
-0.00042035
-0.0004197
-0.00041904
-0.00041838
-0.00041773
-0.00041707
-0.00041641
-0.00041575
-0.0004151
-0.00041444
-0.00041378
-0.00041312
-0.00041247
-0.00041181
-0.00041115
-0.00041049
-0.00040983
-0.00040917
-0.00040851
-0.00040785
-0.0004072
-0.00040654
-0.00040588
-0.00040522
-0.00040456
-0.0004039
-0.00040324
-0.00040258
-0.00040192
-0.00040126
-0.0004006
-0.00039994
-0.00039928
-0.00039862
-0.00039796
-0.0003973
-0.00039664
-0.00039598
-0.00039532
-0.00039466
-0.000394
-0.00039334
-0.00039268
-0.00039202
-0.00039136
-0.0003907
-0.00039004
-0.00038938
-0.00038872
-0.00038806
