0
0.00241335194231217
0.00482670388462433
0.00724005582693650
0.00965340776924866
0.0120667597115608
0.0144801116538730
0.0168934635961852
0.0193068155384973
0.0217201674808095
0.0241335194231217
0.0265468713654338
0.0289602233077460
0.0313735752500582
0.0337869271923703
0.0362002791346825
0.0386136310769947
0.0410269830193068
0.0434403349616190
0.0458536869039312
0.0482670388462433
0.0506803907885555
0.0530937427308676
0.0555070946731798
0.0579204466154920
0.0603337985578041
0.0627471505001163
0.0651605024424285
0.0675738543847406
0.0699872063270528
0.0724005582693650
0.0748139102116771
0.0772272621539893
0.0796406140963015
0.0820539660386136
0.0844673179809258
0.0868806699232380
0.0892940218655501
0.0917073738078623
0.0941207257501745
0.0965340776924866
0.0989474296347988
0.101360781577111
0.103774133519423
0.106187485461735
0.108600837404047
0.111014189346360
0.113427541288672
0.115840893230984
0.118254245173296
0.120667597115608
0.123080949057920
0.125494301000233
0.127907652942545
0.130321004884857
0.132734356827169
0.135147708769481
0.137561060711793
0.139974412654106
0.142387764596418
0.144801116538730
0.147214468481042
0.149627820423354
0.152041172365666
0.154454524307979
0.156867876250291
0.159281228192603
0.161694580134915
0.164107932077227
0.166521284019539
0.168934635961852
0.171347987904164
0.173761339846476
0.176174691788788
0.178588043731100
0.181001395673412
0.183414747615725
0.185828099558037
0.188241451500349
0.190654803442661
0.193068155384973
0.195481507327285
0.197894859269598
0.200308211211910
0.202721563154222
0.205134915096534
0.207548267038846
0.209961618981158
0.212374970923471
0.214788322865783
0.217201674808095
0.219615026750407
0.222028378692719
0.224441730635031
0.226855082577344
0.229268434519656
0.231681786461968
0.234095138404280
0.236508490346592
0.238921842288904
0.241335194231217
0.243748546173529
0.246161898115841
0.248575250058153
0.250988602000465
0.253401953942777
0.255815305885090
0.258228657827402
0.260642009769714
0.263055361712026
0.265468713654338
0.267882065596650
0.270295417538963
0.272708769481275
0.275122121423587
0.277535473365899
0.279948825308211
0.282362177250523
0.284775529192836
0.287188881135148
0.289602233077460
0.292015585019772
0.294428936962084
0.296842288904396
0.299255640846709
0.301668992789021
0.304082344731333
0.306495696673645
0.308909048615957
0.311322400558269
0.313735752500582
0.316149104442894
0.318562456385206
0.320975808327518
0.323389160269830
0.325802512212142
0.328215864154455
0.330629216096767
0.333042568039079
0.335455919981391
0.337869271923703
0.340282623866015
0.342695975808328
0.345109327750640
0.347522679692952
0.349936031635264
0.352349383577576
0.354762735519888
0.357176087462201
0.359589439404513
0.362002791346825
0.364416143289137
0.366829495231449
0.369242847173761
0.371656199116074
0.374069551058386
0.376482903000698
0.378896254943010
0.381309606885322
0.383722958827634
0.386136310769947
0.388549662712259
0.390963014654571
0.393376366596883
0.395789718539195
0.398203070481507
0.400616422423820
0.403029774366132
0.405443126308444
0.407856478250756
0.410269830193068
0.412683182135380
0.415096534077693
0.417509886020005
0.419923237962317
0.422336589904629
0.424749941846941
0.427163293789253
0.429576645731565
0.431989997673878
0.434403349616190
0.436816701558502
0.439230053500814
0.441643405443126
0.444056757385439
0.446470109327751
0.448883461270063
0.451296813212375
0.453710165154687
0.456123517096999
0.458536869039311
0.460950220981624
0.463363572923936
0.465776924866248
0.468190276808560
0.470603628750872
0.473016980693185
0.475430332635497
0.477843684577809
0.480257036520121
0.482670388462433
0.485083740404745
0.487497092347057
0.489910444289370
0.492323796231682
0.494737148173994
0.497150500116306
0.499563852058618
0.501977204000931
0.504390555943243
0.506803907885555
0.509217259827867
0.511630611770179
0.514043963712491
0.516457315654804
0.518870667597116
0.521284019539428
0.523697371481740
0.526110723424052
0.528524075366364
0.530937427308676
0.533350779250989
0.535764131193301
0.538177483135613
0.540590835077925
0.543004187020237
0.545417538962549
0.547830890904862
0.550244242847174
0.552657594789486
0.555070946731798
0.557484298674110
0.559897650616422
0.562311002558735
0.564724354501047
0.567137706443359
0.569551058385671
0.571964410327983
0.574377762270296
0.576791114212608
0.579204466154920
0.581617818097232
0.584031170039544
0.586444521981856
0.588857873924168
0.591271225866481
0.593684577808793
0.596097929751105
0.598511281693417
0.600924633635729
0.603337985578041
0.605751337520354
0.608164689462666
0.610578041404978
0.612991393347290
0.615404745289602
0.617818097231914
0.620231449174227
0.622644801116539
0.625058153058851
0.627471505001163
0.629884856943475
0.632298208885787
0.634711560828100
0.637124912770412
0.639538264712724
0.641951616655036
0.644364968597348
0.646778320539660
0.649191672481973
0.651605024424285
0.654018376366597
0.656431728308909
0.658845080251221
0.661258432193533
0.663671784135846
0.666085136078158
0.668498488020470
0.670911839962782
0.673325191905094
0.675738543847406
0.678151895789719
0.680565247732031
0.682978599674343
0.685391951616655
0.687805303558967
0.690218655501279
0.692632007443592
0.695045359385904
0.697458711328216
0.699872063270528
0.702285415212840
0.704698767155152
0.707112119097465
0.709525471039777
0.711938822982089
0.714352174924401
0.716765526866713
0.719178878809025
0.721592230751338
0.724005582693650
0.726418934635962
0.728832286578274
0.731245638520586
0.733658990462898
0.736072342405211
0.738485694347523
0.740899046289835
0.743312398232147
0.745725750174459
0.748139102116771
0.750552454059084
0.752965806001396
0.755379157943708
0.757792509886020
0.760205861828332
0.762619213770644
0.765032565712957
0.767445917655269
0.769859269597581
0.772272621539893
0.774685973482205
0.777099325424517
0.779512677366830
0.781926029309142
0.784339381251454
0.786752733193766
0.789166085136078
0.791579437078390
0.793992789020703
0.796406140963015
0.798819492905327
0.801232844847639
0.803646196789951
0.806059548732263
0.808472900674575
0.810886252616888
0.813299604559200
0.815712956501512
0.818126308443824
0.820539660386136
0.822953012328449
0.825366364270761
0.827779716213073
0.830193068155385
0.832606420097697
0.835019772040009
0.837433123982322
0.839846475924634
0.842259827866946
0.844673179809258
0.847086531751570
0.849499883693882
0.851913235636195
0.854326587578507
0.856739939520819
0.859153291463131
0.861566643405443
0.863979995347755
0.866393347290068
0.868806699232380
0.871220051174692
0.873633403117004
0.876046755059316
0.878460107001628
0.880873458943940
0.883286810886253
0.885700162828565
0.888113514770877
0.890526866713189
0.892940218655501
0.895353570597813
0.897766922540126
0.900180274482438
0.902593626424750
0.905006978367062
0.907420330309374
0.909833682251687
0.912247034193999
0.914660386136311
0.917073738078623
0.919487090020935
0.921900441963247
0.924313793905560
0.926727145847872
0.929140497790184
0.931553849732496
0.933967201674808
0.936380553617120
0.938793905559432
0.941207257501745
0.943620609444057
0.946033961386369
0.948447313328681
0.950860665270993
0.953274017213305
0.955687369155618
0.958100721097930
0.960514073040242
0.962927424982554
0.965340776924866
0.967754128867178
0.970167480809491
0.972580832751803
0.974994184694115
0.977407536636427
0.979820888578739
0.982234240521052
0.984647592463364
0.987060944405676
0.989474296347988
0.991887648290300
0.994301000232612
0.996714352174924
0.999127704117237
1.00154105605955
1.00395440800186
1.00636775994417
1.00878111188649
1.01119446382880
1.01360781577111
1.01602116771342
1.01843451965573
1.02084787159805
1.02326122354036
1.02567457548267
1.02808792742498
1.03050127936729
1.03291463130961
1.03532798325192
1.03774133519423
1.04015468713654
1.04256803907886
1.04498139102117
1.04739474296348
1.04980809490579
1.05222144684810
1.05463479879042
1.05704815073273
1.05946150267504
1.06187485461735
1.06428820655967
1.06670155850198
1.06911491044429
1.07152826238660
1.07394161432891
1.07635496627123
1.07876831821354
1.08118167015585
1.08359502209816
1.08600837404047
1.08842172598279
1.09083507792510
1.09324842986741
1.09566178180972
1.09807513375204
1.10048848569435
1.10290183763666
1.10531518957897
1.10772854152128
1.11014189346360
1.11255524540591
1.11496859734822
1.11738194929053
1.11979530123284
1.12220865317516
1.12462200511747
1.12703535705978
1.12944870900209
1.13186206094441
1.13427541288672
1.13668876482903
1.13910211677134
1.14151546871365
1.14392882065597
1.14634217259828
1.14875552454059
1.15116887648290
1.15358222842522
1.15599558036753
1.15840893230984
1.16082228425215
1.16323563619446
1.16564898813678
1.16806234007909
1.17047569202140
1.17288904396371
1.17530239590602
1.17771574784834
1.18012909979065
1.18254245173296
1.18495580367527
1.18736915561759
1.18978250755990
1.19219585950221
1.19460921144452
1.19702256338683
1.19943591532915
1.20184926727146
1.20426261921377
1.20667597115608
1.20908932309840
1.21150267504071
1.21391602698302
1.21632937892533
1.21874273086764
1.22115608280996
1.22356943475227
1.22598278669458
1.22839613863689
1.23080949057920
1.23322284252152
1.23563619446383
1.23804954640614
1.24046289834845
1.24287625029077
1.24528960223308
1.24770295417539
1.25011630611770
1.25252965806001
1.25494301000233
1.25735636194464
1.25976971388695
1.26218306582926
1.26459641777157
1.26700976971389
1.26942312165620
1.27183647359851
1.27424982554082
1.27666317748314
1.27907652942545
1.28148988136776
1.28390323331007
1.28631658525238
1.28872993719470
1.29114328913701
1.29355664107932
1.29596999302163
1.29838334496395
1.30079669690626
1.30321004884857
1.30562340079088
1.30803675273319
1.31045010467551
1.31286345661782
1.31527680856013
1.31769016050244
1.32010351244475
1.32251686438707
1.32493021632938
1.32734356827169
1.32975692021400
1.33217027215632
1.33458362409863
1.33699697604094
1.33941032798325
1.34182367992556
1.34423703186788
1.34665038381019
1.34906373575250
1.35147708769481
1.35389043963713
1.35630379157944
1.35871714352175
1.36113049546406
1.36354384740637
1.36595719934869
1.36837055129100
1.37078390323331
1.37319725517562
1.37561060711793
1.37802395906025
1.38043731100256
1.38285066294487
1.38526401488718
1.38767736682950
1.39009071877181
1.39250407071412
1.39491742265643
1.39733077459874
1.39974412654106
1.40215747848337
1.40457083042568
1.40698418236799
1.40939753431030
1.41181088625262
1.41422423819493
1.41663759013724
1.41905094207955
1.42146429402187
1.42387764596418
1.42629099790649
1.42870434984880
1.43111770179111
1.43353105373343
1.43594440567574
1.43835775761805
1.44077110956036
1.44318446150268
1.44559781344499
1.44801116538730
1.45042451732961
1.45283786927192
1.45525122121424
1.45766457315655
1.46007792509886
1.46249127704117
1.46490462898348
1.46731798092580
1.46973133286811
1.47214468481042
1.47455803675273
1.47697138869505
1.47938474063736
1.48179809257967
1.48421144452198
1.48662479646429
1.48903814840661
1.49145150034892
1.49386485229123
1.49627820423354
1.49869155617586
1.50110490811817
1.50351826006048
1.50593161200279
1.50834496394510
1.51075831588742
1.51317166782973
1.51558501977204
1.51799837171435
1.52041172365666
1.52282507559898
1.52523842754129
1.52765177948360
1.53006513142591
1.53247848336823
1.53489183531054
1.53730518725285
1.53971853919516
1.54213189113747
1.54454524307979
1.54695859502210
1.54937194696441
1.55178529890672
1.55419865084903
1.55661200279135
1.55902535473366
1.56143870667597
1.56385205861828
1.56626541056060
1.56867876250291
1.57109211444522
1.57350546638753
1.57591881832984
1.57833217027216
1.58074552221447
1.58315887415678
1.58557222609909
1.58798557804141
1.59039892998372
1.59281228192603
1.59522563386834
1.59763898581065
1.60005233775297
1.60246568969528
1.60487904163759
1.60729239357990
1.60970574552221
1.61211909746453
1.61453244940684
1.61694580134915
1.61935915329146
1.62177250523378
1.62418585717609
1.62659920911840
1.62901256106071
1.63142591300302
1.63383926494534
1.63625261688765
1.63866596882996
1.64107932077227
1.64349267271458
1.64590602465690
1.64831937659921
1.65073272854152
1.65314608048383
1.65555943242615
1.65797278436846
1.66038613631077
1.66279948825308
1.66521284019539
1.66762619213771
1.67003954408002
1.67245289602233
1.67486624796464
1.67727959990696
1.67969295184927
1.68210630379158
1.68451965573389
1.68693300767620
1.68934635961852
1.69175971156083
1.69417306350314
1.69658641544545
1.69899976738776
1.70141311933008
1.70382647127239
1.70623982321470
1.70865317515701
1.71106652709933
1.71347987904164
1.71589323098395
1.71830658292626
1.72071993486857
1.72313328681089
1.72554663875320
1.72795999069551
1.73037334263782
1.73278669458014
1.73520004652245
1.73761339846476
1.74002675040707
1.74244010234938
1.74485345429170
1.74726680623401
1.74968015817632
1.75209351011863
1.75450686206094
1.75692021400326
1.75933356594557
1.76174691788788
1.76416026983019
1.76657362177251
1.76898697371482
1.77140032565713
1.77381367759944
1.77622702954175
1.77864038148407
1.78105373342638
1.78346708536869
1.78588043731100
1.78829378925331
1.79070714119563
1.79312049313794
1.79553384508025
1.79794719702256
1.80036054896488
1.80277390090719
1.80518725284950
1.80760060479181
1.81001395673412
1.81242730867644
1.81484066061875
1.81725401256106
1.81966736450337
1.82208071644569
1.82449406838800
1.82690742033031
1.82932077227262
1.83173412421493
1.83414747615725
1.83656082809956
1.83897418004187
1.84138753198418
1.84380088392649
1.84621423586881
1.84862758781112
1.85104093975343
1.85345429169574
1.85586764363806
1.85828099558037
1.86069434752268
1.86310769946499
1.86552105140730
1.86793440334962
1.87034775529193
1.87276110723424
1.87517445917655
1.87758781111886
1.88000116306118
1.88241451500349
1.88482786694580
1.88724121888811
1.88965457083043
1.89206792277274
1.89448127471505
1.89689462665736
1.89930797859967
1.90172133054199
1.90413468248430
1.90654803442661
1.90896138636892
1.91137473831124
1.91378809025355
1.91620144219586
1.91861479413817
1.92102814608048
1.92344149802280
1.92585484996511
1.92826820190742
1.93068155384973
1.93309490579204
1.93550825773436
1.93792160967667
1.94033496161898
1.94274831356129
1.94516166550361
1.94757501744592
1.94998836938823
1.95240172133054
1.95481507327285
1.95722842521517
1.95964177715748
1.96205512909979
1.96446848104210
1.96688183298441
1.96929518492673
1.97170853686904
1.97412188881135
1.97653524075366
1.97894859269598
1.98136194463829
1.98377529658060
1.98618864852291
1.98860200046522
1.99101535240754
1.99342870434985
1.99584205629216
1.99825540823447
2.00066876017679
2.00308211211910
2.00549546406141
2.00790881600372
2.01032216794603
2.01273551988835
2.01514887183066
2.01756222377297
2.01997557571528
2.02238892765759
2.02480227959991
2.02721563154222
2.02962898348453
2.03204233542684
2.03445568736916
2.03686903931147
2.03928239125378
2.04169574319609
2.04410909513840
2.04652244708072
2.04893579902303
2.05134915096534
2.05376250290765
2.05617585484997
2.05858920679228
2.06100255873459
2.06341591067690
2.06582926261921
2.06824261456153
2.07065596650384
2.07306931844615
2.07548267038846
2.07789602233077
2.08030937427309
2.08272272621540
2.08513607815771
2.08754943010002
2.08996278204234
2.09237613398465
2.09478948592696
2.09720283786927
2.09961618981158
2.10202954175390
2.10444289369621
2.10685624563852
2.10926959758083
2.11168294952315
2.11409630146546
2.11650965340777
2.11892300535008
2.12133635729239
2.12374970923471
2.12616306117702
2.12857641311933
2.13098976506164
2.13340311700395
2.13581646894627
2.13822982088858
2.14064317283089
2.14305652477320
2.14546987671552
2.14788322865783
2.15029658060014
2.15270993254245
2.15512328448476
2.15753663642708
2.15994998836939
2.16236334031170
2.16477669225401
2.16719004419632
2.16960339613864
2.17201674808095
2.17443010002326
2.17684345196557
2.17925680390789
2.18167015585020
2.18408350779251
2.18649685973482
2.18891021167713
2.19132356361945
2.19373691556176
2.19615026750407
2.19856361944638
2.20097697138870
2.20339032333101
2.20580367527332
2.20821702721563
2.21063037915794
2.21304373110026
2.21545708304257
2.21787043498488
2.22028378692719
2.22269713886950
2.22511049081182
2.22752384275413
2.22993719469644
2.23235054663875
2.23476389858107
2.23717725052338
2.23959060246569
2.24200395440800
2.24441730635031
2.24683065829263
2.24924401023494
2.25165736217725
2.25407071411956
2.25648406606188
2.25889741800419
2.26131076994650
2.26372412188881
2.26613747383112
2.26855082577344
2.27096417771575
2.27337752965806
2.27579088160037
2.27820423354268
2.28061758548500
2.28303093742731
2.28544428936962
2.28785764131193
2.29027099325425
2.29268434519656
2.29509769713887
2.29751104908118
2.29992440102349
2.30233775296581
2.30475110490812
2.30716445685043
2.30957780879274
2.31199116073505
2.31440451267737
2.31681786461968
2.31923121656199
2.32164456850430
2.32405792044662
2.32647127238893
2.32888462433124
2.33129797627355
2.33371132821586
2.33612468015818
2.33853803210049
2.34095138404280
2.34336473598511
2.34577808792743
2.34819143986974
2.35060479181205
2.35301814375436
2.35543149569667
2.35784484763899
2.36025819958130
2.36267155152361
2.36508490346592
2.36749825540823
2.36991160735055
2.37232495929286
2.37473831123517
2.37715166317748
2.37956501511980
2.38197836706211
2.38439171900442
2.38680507094673
2.38921842288904
2.39163177483136
2.39404512677367
2.39645847871598
2.39887183065829
2.40128518260061
2.40369853454292
2.40611188648523
2.40852523842754
2.41093859036985
2.41335194231217
2.41576529425448
2.41817864619679
2.42059199813910
2.42300535008141
2.42541870202373
2.42783205396604
2.43024540590835
2.43265875785066
2.43507210979298
2.43748546173529
2.43989881367760
2.44231216561991
2.44472551756222
2.44713886950454
2.44955222144685
2.45196557338916
2.45437892533147
2.45679227727378
2.45920562921610
2.46161898115841
2.46403233310072
2.46644568504303
2.46885903698535
2.47127238892766
2.47368574086997
2.47609909281228
2.47851244475459
2.48092579669691
2.48333914863922
2.48575250058153
2.48816585252384
2.49057920446616
2.49299255640847
2.49540590835078
2.49781926029309
2.50023261223540
2.50264596417772
2.50505931612003
2.50747266806234
2.50988602000465
2.51229937194696
2.51471272388928
2.51712607583159
2.51953942777390
2.52195277971621
2.52436613165853
2.52677948360084
2.52919283554315
2.53160618748546
2.53401953942777
2.53643289137009
2.53884624331240
2.54125959525471
2.54367294719702
2.54608629913934
2.54849965108165
2.55091300302396
2.55332635496627
2.55573970690858
2.55815305885090
2.56056641079321
2.56297976273552
2.56539311467783
2.56780646662014
2.57021981856246
2.57263317050477
2.57504652244708
2.57745987438939
2.57987322633171
2.58228657827402
2.58469993021633
2.58711328215864
2.58952663410095
2.59193998604327
2.59435333798558
2.59676668992789
2.59918004187020
2.60159339381251
2.60400674575483
2.60642009769714
2.60883344963945
2.61124680158176
2.61366015352408
2.61607350546639
2.61848685740870
2.62090020935101
2.62331356129332
2.62572691323564
2.62814026517795
2.63055361712026
2.63296696906257
2.63538032100489
2.63779367294720
2.64020702488951
2.64262037683182
2.64503372877413
2.64744708071645
2.64986043265876
2.65227378460107
2.65468713654338
2.65710048848569
2.65951384042801
2.66192719237032
2.66434054431263
2.66675389625494
2.66916724819726
2.67158060013957
2.67399395208188
2.67640730402419
2.67882065596650
2.68123400790882
2.68364735985113
2.68606071179344
2.68847406373575
2.69088741567807
2.69330076762038
2.69571411956269
2.69812747150500
2.70054082344731
2.70295417538963
2.70536752733194
2.70778087927425
2.71019423121656
2.71260758315887
2.71502093510119
2.71743428704350
2.71984763898581
2.72226099092812
2.72467434287044
2.72708769481275
2.72950104675506
2.73191439869737
2.73432775063968
2.73674110258200
2.73915445452431
2.74156780646662
2.74398115840893
2.74639451035124
2.74880786229356
2.75122121423587
2.75363456617818
2.75604791812049
2.75846127006281
2.76087462200512
2.76328797394743
2.76570132588974
2.76811467783205
2.77052802977437
2.77294138171668
2.77535473365899
2.77776808560130
2.78018143754362
2.78259478948593
2.78500814142824
2.78742149337055
2.78983484531286
2.79224819725518
2.79466154919749
2.79707490113980
2.79948825308211
2.80190160502442
2.80431495696674
2.80672830890905
2.80914166085136
2.81155501279367
2.81396836473599
2.81638171667830
2.81879506862061
2.82120842056292
2.82362177250523
2.82603512444755
2.82844847638986
2.83086182833217
2.83327518027448
2.83568853221679
2.83810188415911
2.84051523610142
2.84292858804373
2.84534193998604
2.84775529192836
2.85016864387067
2.85258199581298
2.85499534775529
2.85740869969760
2.85982205163992
2.86223540358223
2.86464875552454
2.86706210746685
2.86947545940917
2.87188881135148
2.87430216329379
2.87671551523610
2.87912886717841
2.88154221912073
2.88395557106304
2.88636892300535
2.88878227494766
2.89119562688997
2.89360897883229
2.89602233077460
2.89843568271691
2.90084903465922
2.90326238660154
2.90567573854385
2.90808909048616
2.91050244242847
2.91291579437078
2.91532914631310
2.91774249825541
2.92015585019772
2.92256920214003
2.92498255408235
2.92739590602466
2.92980925796697
2.93222260990928
2.93463596185159
2.93704931379391
2.93946266573622
2.94187601767853
2.94428936962084
2.94670272156315
2.94911607350547
2.95152942544778
2.95394277739009
2.95635612933240
2.95876948127472
2.96118283321703
2.96359618515934
2.96600953710165
2.96842288904396
2.97083624098628
2.97324959292859
2.97566294487090
2.97807629681321
2.98048964875552
2.98290300069784
2.98531635264015
2.98772970458246
2.99014305652477
2.99255640846709
2.99496976040940
2.99738311235171
2.99979646429402
3.00220981623633
3.00462316817865
3.00703652012096
3.00944987206327
3.01186322400558
3.01427657594790
3.01668992789021
3.01910327983252
3.02151663177483
3.02392998371714
3.02634333565946
3.02875668760177
3.03117003954408
3.03358339148639
3.03599674342870
3.03841009537102
3.04082344731333
3.04323679925564
3.04565015119795
3.04806350314027
3.05047685508258
3.05289020702489
3.05530355896720
3.05771691090951
3.06013026285183
3.06254361479414
3.06495696673645
3.06737031867876
3.06978367062108
3.07219702256339
3.07461037450570
3.07702372644801
3.07943707839032
3.08185043033264
3.08426378227495
3.08667713421726
3.08909048615957
3.09150383810188
3.09391719004420
3.09633054198651
3.09874389392882
3.10115724587113
3.10357059781345
3.10598394975576
3.10839730169807
3.11081065364038
3.11322400558269
3.11563735752501
3.11805070946732
3.12046406140963
3.12287741335194
3.12529076529425
3.12770411723657
3.13011746917888
3.13253082112119
3.13494417306350
3.13735752500582
3.13977087694813
3.14218422889044
3.14459758083275
3.14701093277506
3.14942428471738
3.15183763665969
3.15425098860200
3.15666434054431
3.15907769248663
3.16149104442894
3.16390439637125
3.16631774831356
3.16873110025587
3.17114445219819
3.17355780414050
3.17597115608281
3.17838450802512
3.18079785996743
3.18321121190975
3.18562456385206
3.18803791579437
3.19045126773668
3.19286461967900
3.19527797162131
3.19769132356362
3.20010467550593
3.20251802744824
3.20493137939056
3.20734473133287
3.20975808327518
3.21217143521749
3.21458478715981
3.21699813910212
3.21941149104443
3.22182484298674
3.22423819492905
3.22665154687137
3.22906489881368
3.23147825075599
3.23389160269830
3.23630495464061
3.23871830658293
3.24113165852524
3.24354501046755
3.24595836240986
3.24837171435218
3.25078506629449
3.25319841823680
3.25561177017911
3.25802512212142
3.26043847406374
3.26285182600605
3.26526517794836
3.26767852989067
3.27009188183298
3.27250523377530
3.27491858571761
3.27733193765992
3.27974528960223
3.28215864154455
3.28457199348686
3.28698534542917
3.28939869737148
3.29181204931379
3.29422540125611
3.29663875319842
3.29905210514073
3.30146545708304
3.30387880902536
3.30629216096767
3.30870551290998
3.31111886485229
3.31353221679460
3.31594556873692
3.31835892067923
3.32077227262154
3.32318562456385
3.32559897650616
3.32801232844848
3.33042568039079
3.33283903233310
3.33525238427541
3.33766573621773
3.34007908816004
3.34249244010235
3.34490579204466
3.34731914398697
3.34973249592929
3.35214584787160
3.35455919981391
3.35697255175622
3.35938590369853
3.36179925564085
3.36421260758316
3.36662595952547
3.36903931146778
3.37145266341010
3.37386601535241
3.37627936729472
3.37869271923703
3.38110607117934
3.38351942312166
3.38593277506397
3.38834612700628
3.39075947894859
3.39317283089091
3.39558618283322
3.39799953477553
3.40041288671784
3.40282623866015
3.40523959060247
3.40765294254478
3.41006629448709
3.41247964642940
3.41489299837171
3.41730635031403
3.41971970225634
3.42213305419865
3.42454640614096
3.42695975808328
3.42937311002559
3.43178646196790
3.43419981391021
3.43661316585252
3.43902651779484
3.44143986973715
3.44385322167946
3.44626657362177
3.44867992556408
3.45109327750640
3.45350662944871
3.45591998139102
3.45833333333333
3.46074668527565
3.46316003721796
3.46557338916027
3.46798674110258
3.47040009304489
3.47281344498721
3.47522679692952
3.47764014887183
3.48005350081414
3.48246685275646
3.48488020469877
3.48729355664108
3.48970690858339
3.49212026052570
3.49453361246802
3.49694696441033
3.49936031635264
3.50177366829495
3.50418702023726
3.50660037217958
3.50901372412189
3.51142707606420
3.51384042800651
3.51625377994883
3.51866713189114
3.52108048383345
3.52349383577576
3.52590718771807
3.52832053966039
3.53073389160270
3.53314724354501
3.53556059548732
3.53797394742964
3.54038729937195
3.54280065131426
3.54521400325657
3.54762735519888
3.55004070714120
3.55245405908351
3.55486741102582
3.55728076296813
3.55969411491044
3.56210746685276
3.56452081879507
3.56693417073738
3.56934752267969
3.57176087462201
3.57417422656432
3.57658757850663
3.57900093044894
3.58141428239125
3.58382763433357
3.58624098627588
3.58865433821819
3.59106769016050
3.59348104210281
3.59589439404513
3.59830774598744
3.60072109792975
3.60313444987206
3.60554780181438
3.60796115375669
3.61037450569900
3.61278785764131
3.61520120958362
3.61761456152594
3.62002791346825
3.62244126541056
3.62485461735287
3.62726796929519
3.62968132123750
3.63209467317981
3.63450802512212
3.63692137706443
3.63933472900675
3.64174808094906
3.64416143289137
3.64657478483368
3.64898813677599
3.65140148871831
3.65381484066062
3.65622819260293
3.65864154454524
3.66105489648756
3.66346824842987
3.66588160037218
3.66829495231449
3.67070830425680
3.67312165619912
3.67553500814143
3.67794836008374
3.68036171202605
3.68277506396836
3.68518841591068
3.68760176785299
3.69001511979530
3.69242847173761
3.69484182367993
3.69725517562224
3.69966852756455
3.70208187950686
3.70449523144917
3.70690858339149
3.70932193533380
3.71173528727611
3.71414863921842
3.71656199116074
3.71897534310305
3.72138869504536
3.72380204698767
3.72621539892998
3.72862875087230
3.73104210281461
3.73345545475692
3.73586880669923
3.73828215864154
3.74069551058386
3.74310886252617
3.74552221446848
3.74793556641079
3.75034891835311
3.75276227029542
3.75517562223773
3.75758897418004
3.76000232612235
3.76241567806467
3.76482903000698
3.76724238194929
3.76965573389160
3.77206908583391
3.77448243777623
3.77689578971854
3.77930914166085
3.78172249360316
3.78413584554548
3.78654919748779
3.78896254943010
3.79137590137241
3.79378925331472
3.79620260525704
3.79861595719935
3.80102930914166
3.80344266108397
3.80585601302629
3.80826936496860
3.81068271691091
3.81309606885322
3.81550942079553
3.81792277273785
3.82033612468016
3.82274947662247
3.82516282856478
3.82757618050709
3.82998953244941
3.83240288439172
3.83481623633403
3.83722958827634
3.83964294021866
3.84205629216097
3.84446964410328
3.84688299604559
3.84929634798790
3.85170969993022
3.85412305187253
3.85653640381484
3.85894975575715
3.86136310769947
3.86377645964178
3.86618981158409
3.86860316352640
3.87101651546871
3.87342986741103
3.87584321935334
3.87825657129565
3.88066992323796
3.88308327518027
3.88549662712259
3.88790997906490
3.89032333100721
3.89273668294952
3.89515003489184
3.89756338683415
3.89997673877646
3.90239009071877
3.90480344266108
3.90721679460340
3.90963014654571
3.91204349848802
3.91445685043033
3.91687020237264
3.91928355431496
3.92169690625727
3.92411025819958
3.92652361014189
3.92893696208421
3.93135031402652
3.93376366596883
3.93617701791114
3.93859036985345
3.94100372179577
3.94341707373808
3.94583042568039
3.94824377762270
3.95065712956502
3.95307048150733
3.95548383344964
3.95789718539195
3.96031053733426
3.96272388927658
3.96513724121889
3.96755059316120
3.96996394510351
3.97237729704582
3.97479064898814
3.97720400093045
3.97961735287276
3.98203070481507
3.98444405675739
3.98685740869970
3.98927076064201
3.99168411258432
3.99409746452663
3.99651081646895
3.99892416841126
4.00133752035357
4.00375087229588
4.00616422423820
4.00857757618051
4.01099092812282
4.01340428006513
4.01581763200744
4.01823098394976
4.02064433589207
4.02305768783438
4.02547103977669
4.02788439171900
4.03029774366132
4.03271109560363
4.03512444754594
4.03753779948825
4.03995115143057
4.04236450337288
4.04477785531519
4.04719120725750
4.04960455919981
4.05201791114213
4.05443126308444
4.05684461502675
4.05925796696906
4.06167131891138
4.06408467085369
4.06649802279600
4.06891137473831
4.07132472668062
4.07373807862294
4.07615143056525
4.07856478250756
4.08097813444987
4.08339148639218
4.08580483833450
4.08821819027681
4.09063154221912
4.09304489416143
4.09545824610375
4.09787159804606
4.10028494998837
4.10269830193068
4.10511165387299
4.10752500581531
4.10993835775762
4.11235170969993
4.11476506164224
4.11717841358455
4.11959176552687
4.12200511746918
4.12441846941149
4.12683182135380
4.12924517329612
4.13165852523843
4.13407187718074
4.13648522912305
4.13889858106536
4.14131193300768
4.14372528494999
4.14613863689230
4.14855198883461
4.15096534077693
4.15337869271924
4.15579204466155
4.15820539660386
4.16061874854617
4.16303210048849
4.16544545243080
4.16785880437311
4.17027215631542
4.17268550825773
4.17509886020005
4.17751221214236
4.17992556408467
4.18233891602698
4.18475226796930
4.18716561991161
4.18957897185392
4.19199232379623
4.19440567573854
4.19681902768086
4.19923237962317
4.20164573156548
4.20405908350779
4.20647243545011
4.20888578739242
4.21129913933473
4.21371249127704
4.21612584321935
4.21853919516167
4.22095254710398
4.22336589904629
4.22577925098860
4.22819260293091
4.23060595487323
4.23301930681554
4.23543265875785
4.23784601070016
4.24025936264248
4.24267271458479
4.24508606652710
4.24749941846941
4.24991277041172
4.25232612235404
4.25473947429635
4.25715282623866
4.25956617818097
4.26197953012328
4.26439288206560
4.26680623400791
4.26921958595022
4.27163293789253
4.27404628983485
4.27645964177716
4.27887299371947
4.28128634566178
4.28369969760409
4.28611304954641
4.28852640148872
4.29093975343103
4.29335310537334
4.29576645731566
4.29817980925797
4.30059316120028
4.30300651314259
4.30541986508490
4.30783321702722
4.31024656896953
4.31265992091184
4.31507327285415
4.31748662479646
4.31989997673878
4.32231332868109
4.32472668062340
4.32714003256571
4.32955338450803
4.33196673645034
4.33438008839265
4.33679344033496
4.33920679227727
4.34162014421959
4.34403349616190
4.34644684810421
4.34886020004652
4.35127355198884
4.35368690393115
4.35610025587346
4.35851360781577
4.36092695975808
4.36334031170040
4.36575366364271
4.36816701558502
4.37058036752733
4.37299371946964
4.37540707141196
4.37782042335427
4.38023377529658
4.38264712723889
4.38506047918121
4.38747383112352
4.38988718306583
4.39230053500814
4.39471388695045
4.39712723889277
4.39954059083508
4.40195394277739
4.40436729471970
4.40678064666201
4.40919399860433
4.41160735054664
4.41402070248895
4.41643405443126
4.41884740637358
4.42126075831589
4.42367411025820
4.42608746220051
4.42850081414282
4.43091416608514
4.43332751802745
4.43574086996976
4.43815422191207
4.44056757385439
4.44298092579670
4.44539427773901
4.44780762968132
4.45022098162363
4.45263433356595
4.45504768550826
4.45746103745057
4.45987438939288
4.46228774133519
4.46470109327751
4.46711444521982
4.46952779716213
4.47194114910444
4.47435450104676
4.47676785298907
4.47918120493138
4.48159455687369
4.48400790881600
4.48642126075832
4.48883461270063
4.49124796464294
4.49366131658525
4.49607466852757
4.49848802046988
4.50090137241219
4.50331472435450
4.50572807629681
4.50814142823913
4.51055478018144
4.51296813212375
4.51538148406606
4.51779483600837
4.52020818795069
4.52262153989300
4.52503489183531
4.52744824377762
4.52986159571994
4.53227494766225
4.53468829960456
4.53710165154687
4.53951500348918
4.54192835543150
4.54434170737381
4.54675505931612
4.54916841125843
4.55158176320074
4.55399511514306
4.55640846708537
4.55882181902768
4.56123517096999
4.56364852291231
4.56606187485462
4.56847522679693
4.57088857873924
4.57330193068155
4.57571528262387
4.57812863456618
4.58054198650849
4.58295533845080
4.58536869039312
4.58778204233543
4.59019539427774
4.59260874622005
4.59502209816236
4.59743545010468
4.59984880204699
4.60226215398930
4.60467550593161
4.60708885787392
4.60950220981624
4.61191556175855
4.61432891370086
4.61674226564317
4.61915561758549
4.62156896952780
4.62398232147011
4.62639567341242
4.62880902535473
4.63122237729705
4.63363572923936
4.63604908118167
4.63846243312398
4.64087578506629
4.64328913700861
4.64570248895092
4.64811584089323
4.65052919283554
4.65294254477786
4.65535589672017
4.65776924866248
4.66018260060479
4.66259595254710
4.66500930448942
4.66742265643173
4.66983600837404
4.67224936031635
4.67466271225867
4.67707606420098
4.67948941614329
4.68190276808560
4.68431612002791
4.68672947197023
4.68914282391254
4.69155617585485
4.69396952779716
4.69638287973947
4.69879623168179
4.70120958362410
4.70362293556641
4.70603628750872
4.70844963945104
4.71086299139335
4.71327634333566
4.71568969527797
4.71810304722028
4.72051639916260
4.72292975110491
4.72534310304722
4.72775645498953
4.73016980693185
4.73258315887416
4.73499651081647
4.73740986275878
4.73982321470109
4.74223656664341
4.74464991858572
4.74706327052803
4.74947662247034
4.75188997441265
4.75430332635497
4.75671667829728
4.75913003023959
4.76154338218190
4.76395673412422
4.76637008606653
4.76878343800884
4.77119678995115
4.77361014189346
4.77602349383578
4.77843684577809
4.78085019772040
4.78326354966271
4.78567690160502
4.78809025354734
4.79050360548965
4.79291695743196
4.79533030937427
4.79774366131659
4.80015701325890
4.80257036520121
4.80498371714352
4.80739706908583
4.80981042102815
4.81222377297046
4.81463712491277
4.81705047685508
4.81946382879740
4.82187718073971
4.82429053268202
4.82670388462433
4.82911723656664
4.83153058850896
4.83394394045127
4.83635729239358
4.83877064433589
4.84118399627820
4.84359734822052
4.84601070016283
4.84842405210514
4.85083740404745
4.85325075598977
4.85566410793208
4.85807745987439
4.86049081181670
4.86290416375901
4.86531751570133
4.86773086764364
4.87014421958595
4.87255757152826
4.87497092347058
4.87738427541289
4.87979762735520
4.88221097929751
4.88462433123982
4.88703768318214
4.88945103512445
4.89186438706676
4.89427773900907
4.89669109095138
4.89910444289370
4.90151779483601
4.90393114677832
4.90634449872063
4.90875785066295
4.91117120260526
4.91358455454757
4.91599790648988
4.91841125843219
4.92082461037451
4.92323796231682
4.92565131425913
4.92806466620144
4.93047801814375
4.93289137008607
4.93530472202838
4.93771807397069
4.94013142591300
4.94254477785532
4.94495812979763
4.94737148173994
4.94978483368225
4.95219818562456
4.95461153756688
4.95702488950919
4.95943824145150
4.96185159339381
4.96426494533613
4.96667829727844
4.96909164922075
4.97150500116306
4.97391835310537
4.97633170504769
4.97874505699000
4.98115840893231
4.98357176087462
4.98598511281693
4.98839846475925
4.99081181670156
4.99322516864387
4.99563852058618
4.99805187252850
5.00046522447081
5.00287857641312
5.00529192835543
5.00770528029774
5.01011863224006
5.01253198418237
5.01494533612468
5.01735868806699
5.01977204000931
5.02218539195162
5.02459874389393
5.02701209583624
5.02942544777855
5.03183879972087
5.03425215166318
5.03666550360549
5.03907885554780
5.04149220749011
5.04390555943243
5.04631891137474
5.04873226331705
5.05114561525936
5.05355896720168
5.05597231914399
5.05838567108630
5.06079902302861
5.06321237497092
5.06562572691324
5.06803907885555
5.07045243079786
5.07286578274017
5.07527913468248
5.07769248662480
5.08010583856711
5.08251919050942
5.08493254245173
5.08734589439405
5.08975924633636
5.09217259827867
5.09458595022098
5.09699930216329
5.09941265410561
5.10182600604792
5.10423935799023
5.10665270993254
5.10906606187486
5.11147941381717
5.11389276575948
5.11630611770179
5.11871946964410
5.12113282158642
5.12354617352873
5.12595952547104
5.12837287741335
5.13078622935566
5.13319958129798
5.13561293324029
5.13802628518260
5.14043963712491
5.14285298906723
5.14526634100954
5.14767969295185
5.15009304489416
5.15250639683647
5.15491974877879
5.15733310072110
5.15974645266341
5.16215980460572
5.16457315654804
5.16698650849035
5.16939986043266
5.17181321237497
5.17422656431728
5.17663991625960
5.17905326820191
5.18146662014422
5.18387997208653
5.18629332402884
5.18870667597116
5.19112002791347
5.19353337985578
5.19594673179809
5.19836008374041
5.20077343568272
5.20318678762503
5.20560013956734
5.20801349150965
5.21042684345197
5.21284019539428
5.21525354733659
5.21766689927890
5.22008025122121
5.22249360316353
5.22490695510584
5.22732030704815
5.22973365899046
5.23214701093278
5.23456036287509
5.23697371481740
5.23938706675971
5.24180041870202
5.24421377064434
5.24662712258665
5.24904047452896
5.25145382647127
5.25386717841359
5.25628053035590
5.25869388229821
5.26110723424052
5.26352058618283
5.26593393812515
5.26834729006746
5.27076064200977
5.27317399395208
5.27558734589439
5.27800069783671
5.28041404977902
5.28282740172133
5.28524075366364
5.28765410560596
5.29006745754827
5.29248080949058
5.29489416143289
5.29730751337520
5.29972086531752
5.30213421725983
5.30454756920214
5.30696092114445
5.30937427308677
5.31178762502908
5.31420097697139
5.31661432891370
5.31902768085601
5.32144103279833
5.32385438474064
5.32626773668295
5.32868108862526
5.33109444056757
5.33350779250989
5.33592114445220
5.33833449639451
5.34074784833682
5.34316120027914
5.34557455222145
5.34798790416376
5.35040125610607
5.35281460804838
5.35522795999070
5.35764131193301
5.36005466387532
5.36246801581763
5.36488136775994
5.36729471970226
5.36970807164457
5.37212142358688
5.37453477552919
5.37694812747151
5.37936147941382
5.38177483135613
5.38418818329844
5.38660153524075
5.38901488718307
5.39142823912538
5.39384159106769
5.39625494301000
5.39866829495232
5.40108164689463
5.40349499883694
5.40590835077925
5.40832170272156
5.41073505466388
5.41314840660619
5.41556175854850
5.41797511049081
5.42038846243312
5.42280181437544
5.42521516631775
5.42762851826006
5.43004187020237
5.43245522214469
5.43486857408700
5.43728192602931
5.43969527797162
5.44210862991393
5.44452198185625
5.44693533379856
5.44934868574087
5.45176203768318
5.45417538962549
5.45658874156781
5.45900209351012
5.46141544545243
5.46382879739474
5.46624214933706
5.46865550127937
5.47106885322168
5.47348220516399
5.47589555710630
5.47830890904862
5.48072226099093
5.48313561293324
5.48554896487555
5.48796231681787
5.49037566876018
5.49278902070249
5.49520237264480
5.49761572458711
5.50002907652943
5.50244242847174
5.50485578041405
5.50726913235636
5.50968248429867
5.51209583624099
5.51450918818330
5.51692254012561
5.51933589206792
5.52174924401024
5.52416259595255
5.52657594789486
5.52898929983717
5.53140265177948
5.53381600372180
5.53622935566411
5.53864270760642
5.54105605954873
5.54346941149105
5.54588276343336
5.54829611537567
5.55070946731798
5.55312281926029
5.55553617120261
5.55794952314492
5.56036287508723
5.56277622702954
5.56518957897185
5.56760293091417
5.57001628285648
5.57242963479879
5.57484298674110
5.57725633868342
5.57966969062573
5.58208304256804
5.58449639451035
5.58690974645266
5.58932309839498
5.59173645033729
5.59414980227960
5.59656315422191
5.59897650616422
5.60138985810654
5.60380321004885
5.60621656199116
5.60862991393347
5.61104326587579
5.61345661781810
5.61586996976041
5.61828332170272
5.62069667364503
5.62311002558735
5.62552337752966
5.62793672947197
5.63035008141428
5.63276343335660
5.63517678529891
5.63759013724122
5.64000348918353
5.64241684112584
5.64483019306816
5.64724354501047
5.64965689695278
5.65207024889509
5.65448360083740
5.65689695277972
5.65931030472203
5.66172365666434
5.66413700860665
5.66655036054897
5.66896371249128
5.67137706443359
5.67379041637590
5.67620376831821
5.67861712026053
5.68103047220284
5.68344382414515
5.68585717608746
5.68827052802978
5.69068387997209
5.69309723191440
5.69551058385671
5.69792393579902
5.70033728774134
5.70275063968365
5.70516399162596
5.70757734356827
5.70999069551058
5.71240404745290
5.71481739939521
5.71723075133752
5.71964410327983
5.72205745522215
5.72447080716446
5.72688415910677
5.72929751104908
5.73171086299139
5.73412421493371
5.73653756687602
5.73895091881833
5.74136427076064
5.74377762270295
5.74619097464527
5.74860432658758
5.75101767852989
5.75343103047220
5.75584438241452
5.75825773435683
5.76067108629914
5.76308443824145
5.76549779018376
5.76791114212608
5.77032449406839
5.77273784601070
5.77515119795301
5.77756454989533
5.77997790183764
5.78239125377995
5.78480460572226
5.78721795766457
5.78963130960689
5.79204466154920
5.79445801349151
5.79687136543382
5.79928471737613
5.80169806931845
5.80411142126076
5.80652477320307
5.80893812514538
5.81135147708770
5.81376482903001
5.81617818097232
5.81859153291463
5.82100488485694
5.82341823679926
5.82583158874157
5.82824494068388
5.83065829262619
5.83307164456851
5.83548499651082
5.83789834845313
5.84031170039544
5.84272505233775
5.84513840428007
5.84755175622238
5.84996510816469
5.85237846010700
5.85479181204931
5.85720516399163
5.85961851593394
5.86203186787625
5.86444521981856
5.86685857176088
5.86927192370319
5.87168527564550
5.87409862758781
5.87651197953012
5.87892533147244
5.88133868341475
5.88375203535706
5.88616538729937
5.88857873924168
5.89099209118400
5.89340544312631
5.89581879506862
5.89823214701093
5.90064549895325
5.90305885089556
5.90547220283787
5.90788555478018
5.91029890672249
5.91271225866481
5.91512561060712
5.91753896254943
5.91995231449174
5.92236566643406
5.92477901837637
5.92719237031868
5.92960572226099
5.93201907420330
5.93443242614562
5.93684577808793
5.93925913003024
5.94167248197255
5.94408583391486
5.94649918585718
5.94891253779949
5.95132588974180
5.95373924168411
5.95615259362643
5.95856594556874
5.96097929751105
5.96339264945336
5.96580600139567
5.96821935333799
5.97063270528030
5.97304605722261
5.97545940916492
5.97787276110724
5.98028611304955
5.98269946499186
5.98511281693417
5.98752616887648
5.98993952081880
5.99235287276111
5.99476622470342
5.99717957664573
5.99959292858804
6.00200628053036
6.00441963247267
6.00683298441498
6.00924633635729
6.01165968829961
6.01407304024192
6.01648639218423
6.01889974412654
6.02131309606885
6.02372644801117
6.02613979995348
6.02855315189579
6.03096650383810
6.03337985578041
6.03579320772273
6.03820655966504
6.04061991160735
6.04303326354966
6.04544661549198
6.04785996743429
6.05027331937660
6.05268667131891
6.05510002326122
6.05751337520354
6.05992672714585
6.06234007908816
6.06475343103047
6.06716678297279
6.06958013491510
6.07199348685741
6.07440683879972
6.07682019074203
6.07923354268435
6.08164689462666
6.08406024656897
6.08647359851128
6.08888695045359
6.09130030239591
6.09371365433822
6.09612700628053
6.09854035822284
6.10095371016516
6.10336706210747
6.10578041404978
6.10819376599209
6.11060711793440
6.11302046987672
6.11543382181903
6.11784717376134
6.12026052570365
6.12267387764597
6.12508722958828
6.12750058153059
6.12991393347290
6.13232728541521
6.13474063735753
6.13715398929984
6.13956734124215
6.14198069318446
6.14439404512677
6.14680739706909
6.14922074901140
6.15163410095371
6.15404745289602
6.15646080483834
6.15887415678065
6.16128750872296
6.16370086066527
6.16611421260758
6.16852756454990
6.17094091649221
6.17335426843452
6.17576762037683
6.17818097231914
6.18059432426146
6.18300767620377
6.18542102814608
6.18783438008839
6.19024773203071
6.19266108397302
6.19507443591533
6.19748778785764
6.19990113979995
6.20231449174227
6.20472784368458
6.20714119562689
6.20955454756920
6.21196789951152
6.21438125145383
6.21679460339614
6.21920795533845
6.22162130728076
6.22403465922308
6.22644801116539
6.22886136310770
6.23127471505001
6.23368806699232
6.23610141893464
6.23851477087695
6.24092812281926
6.24334147476157
6.24575482670389
6.24816817864620
6.25058153058851
6.25299488253082
6.25540823447313
6.25782158641545
6.26023493835776
6.26264829030007
6.26506164224238
6.26747499418470
6.26988834612701
6.27230169806932
6.27471505001163
6.27712840195394
6.27954175389626
6.28195510583857
6.28436845778088
6.28678180972319
6.28919516166550
6.29160851360782
6.29402186555013
6.29643521749244
6.29884856943475
6.30126192137707
6.30367527331938
6.30608862526169
6.30850197720400
6.31091532914631
6.31332868108863
6.31574203303094
6.31815538497325
6.32056873691556
6.32298208885787
6.32539544080019
6.32780879274250
6.33022214468481
6.33263549662712
6.33504884856944
6.33746220051175
6.33987555245406
6.34228890439637
6.34470225633868
6.34711560828100
6.34952896022331
6.35194231216562
6.35435566410793
6.35676901605025
6.35918236799256
6.36159571993487
6.36400907187718
6.36642242381949
6.36883577576181
6.37124912770412
6.37366247964643
6.37607583158874
6.37848918353105
6.38090253547337
6.38331588741568
6.38572923935799
6.38814259130030
6.39055594324262
6.39296929518493
6.39538264712724
6.39779599906955
6.40020935101186
6.40262270295418
6.40503605489649
6.40744940683880
6.40986275878111
6.41227611072342
6.41468946266574
6.41710281460805
6.41951616655036
6.42192951849267
6.42434287043499
6.42675622237730
6.42916957431961
6.43158292626192
6.43399627820423
6.43640963014655
6.43882298208886
6.44123633403117
6.44364968597348
6.44606303791580
6.44847638985811
6.45088974180042
6.45330309374273
6.45571644568504
6.45812979762736
6.46054314956967
6.46295650151198
6.46536985345429
6.46778320539660
6.47019655733892
6.47260990928123
6.47502326122354
6.47743661316585
6.47984996510817
6.48226331705048
6.48467666899279
6.48709002093510
6.48950337287741
6.49191672481973
6.49433007676204
6.49674342870435
6.49915678064666
6.50157013258897
6.50398348453129
6.50639683647360
6.50881018841591
6.51122354035822
6.51363689230054
6.51605024424285
6.51846359618516
6.52087694812747
6.52329030006978
6.52570365201210
6.52811700395441
6.53053035589672
6.53294370783903
6.53535705978135
6.53777041172366
6.54018376366597
6.54259711560828
6.54501046755059
6.54742381949291
6.54983717143522
6.55225052337753
6.55466387531984
6.55707722726215
6.55949057920447
6.56190393114678
6.56431728308909
6.56673063503140
6.56914398697372
6.57155733891603
6.57397069085834
6.57638404280065
6.57879739474296
6.58121074668528
6.58362409862759
6.58603745056990
6.58845080251221
6.59086415445453
6.59327750639684
6.59569085833915
6.59810421028146
6.60051756222377
6.60293091416609
6.60534426610840
6.60775761805071
6.61017096999302
6.61258432193533
6.61499767387765
6.61741102581996
6.61982437776227
6.62223772970458
6.62465108164690
6.62706443358921
6.62947778553152
6.63189113747383
6.63430448941614
6.63671784135846
6.63913119330077
6.64154454524308
6.64395789718539
6.64637124912770
6.64878460107002
6.65119795301233
6.65361130495464
6.65602465689695
6.65843800883927
6.66085136078158
6.66326471272389
6.66567806466620
6.66809141660851
6.67050476855083
6.67291812049314
6.67533147243545
6.67774482437776
6.68015817632008
6.68257152826239
6.68498488020470
6.68739823214701
6.68981158408932
6.69222493603164
6.69463828797395
6.69705163991626
6.69946499185857
6.70187834380088
6.70429169574320
6.70670504768551
6.70911839962782
6.71153175157013
6.71394510351245
6.71635845545476
6.71877180739707
6.72118515933938
6.72359851128169
6.72601186322401
6.72842521516632
6.73083856710863
6.73325191905094
6.73566527099325
6.73807862293557
6.74049197487788
6.74290532682019
6.74531867876250
6.74773203070482
6.75014538264713
6.75255873458944
6.75497208653175
6.75738543847406
6.75979879041638
6.76221214235869
6.76462549430100
6.76703884624331
6.76945219818563
6.77186555012794
6.77427890207025
6.77669225401256
6.77910560595487
6.78151895789719
6.78393230983950
6.78634566178181
6.78875901372412
6.79117236566643
6.79358571760875
6.79599906955106
6.79841242149337
6.80082577343568
6.80323912537800
6.80565247732031
6.80806582926262
6.81047918120493
6.81289253314724
6.81530588508956
6.81771923703187
6.82013258897418
6.82254594091649
6.82495929285880
6.82737264480112
6.82978599674343
6.83219934868574
6.83461270062805
6.83702605257037
6.83943940451268
6.84185275645499
6.84426610839730
6.84667946033961
6.84909281228193
6.85150616422424
6.85391951616655
6.85633286810886
6.85874622005118
6.86115957199349
6.86357292393580
6.86598627587811
6.86839962782042
6.87081297976274
6.87322633170505
6.87563968364736
6.87805303558967
6.88046638753198
6.88287973947430
6.88529309141661
6.88770644335892
6.89011979530123
6.89253314724355
6.89494649918586
6.89735985112817
6.89977320307048
6.90218655501279
6.90459990695511
6.90701325889742
6.90942661083973
6.91183996278204
6.91425331472436
6.91666666666667
6.91908001860898
6.92149337055129
6.92390672249360
6.92632007443592
6.92873342637823
6.93114677832054
6.93356013026285
6.93597348220516
6.93838683414748
6.94080018608979
6.94321353803210
6.94562688997441
6.94804024191673
6.95045359385904
6.95286694580135
6.95528029774366
6.95769364968597
6.96010700162829
6.96252035357060
6.96493370551291
6.96734705745522
6.96976040939753
6.97217376133985
6.97458711328216
6.97700046522447
6.97941381716678
6.98182716910910
6.98424052105141
6.98665387299372
6.98906722493603
6.99148057687834
6.99389392882066
6.99630728076297
6.99872063270528
7.00113398464759
7.00354733658991
7.00596068853222
7.00837404047453
7.01078739241684
7.01320074435915
7.01561409630147
7.01802744824378
7.02044080018609
7.02285415212840
7.02526750407071
7.02768085601303
7.03009420795534
7.03250755989765
7.03492091183996
7.03733426378228
7.03974761572459
7.04216096766690
7.04457431960921
7.04698767155152
7.04940102349384
7.05181437543615
7.05422772737846
7.05664107932077
7.05905443126308
7.06146778320540
7.06388113514771
7.06629448709002
7.06870783903233
7.07112119097465
7.07353454291696
7.07594789485927
7.07836124680158
7.08077459874389
7.08318795068621
7.08560130262852
7.08801465457083
7.09042800651314
7.09284135845546
7.09525471039777
7.09766806234008
7.10008141428239
7.10249476622470
7.10490811816702
7.10732147010933
7.10973482205164
7.11214817399395
7.11456152593626
7.11697487787858
7.11938822982089
7.12180158176320
7.12421493370551
7.12662828564783
7.12904163759014
7.13145498953245
7.13386834147476
7.13628169341707
7.13869504535939
7.14110839730170
7.14352174924401
7.14593510118632
7.14834845312863
7.15076180507095
7.15317515701326
7.15558850895557
7.15800186089788
7.16041521284020
7.16282856478251
7.16524191672482
7.16765526866713
7.17006862060944
7.17248197255176
7.17489532449407
7.17730867643638
7.17972202837869
7.18213538032101
7.18454873226332
7.18696208420563
7.18937543614794
7.19178878809025
7.19420214003257
7.19661549197488
7.19902884391719
7.20144219585950
7.20385554780181
7.20626889974413
7.20868225168644
7.21109560362875
7.21350895557106
7.21592230751338
7.21833565945569
7.22074901139800
7.22316236334031
7.22557571528262
7.22798906722494
7.23040241916725
7.23281577110956
7.23522912305187
7.23764247499419
7.24005582693650
7.24246917887881
7.24488253082112
7.24729588276343
7.24970923470575
7.25212258664806
7.25453593859037
7.25694929053268
7.25936264247499
7.26177599441731
7.26418934635962
7.26660269830193
7.26901605024424
7.27142940218656
7.27384275412887
7.27625610607118
7.27866945801349
7.28108280995580
7.28349616189812
7.28590951384043
7.28832286578274
7.29073621772505
7.29314956966736
7.29556292160968
7.29797627355199
7.30038962549430
7.30280297743661
7.30521632937893
7.30762968132124
7.31004303326355
7.31245638520586
7.31486973714817
7.31728308909049
7.31969644103280
7.32210979297511
7.32452314491742
7.32693649685974
7.32934984880205
7.33176320074436
7.33417655268667
7.33658990462898
7.33900325657130
7.34141660851361
7.34382996045592
7.34624331239823
7.34865666434054
7.35107001628286
7.35348336822517
7.35589672016748
7.35831007210979
7.36072342405211
7.36313677599442
7.36555012793673
7.36796347987904
7.37037683182135
7.37279018376367
7.37520353570598
7.37761688764829
7.38003023959060
7.38244359153291
7.38485694347523
7.38727029541754
7.38968364735985
7.39209699930216
7.39451035124448
7.39692370318679
7.39933705512910
7.40175040707141
7.40416375901372
7.40657711095604
7.40899046289835
7.41140381484066
7.41381716678297
7.41623051872529
7.41864387066760
7.42105722260991
7.42347057455222
7.42588392649453
7.42829727843685
7.43071063037916
7.43312398232147
7.43553733426378
7.43795068620609
7.44036403814841
7.44277739009072
7.44519074203303
7.44760409397534
7.45001744591766
7.45243079785997
7.45484414980228
7.45725750174459
7.45967085368690
7.46208420562922
7.46449755757153
7.46691090951384
7.46932426145615
7.47173761339846
7.47415096534078
7.47656431728309
7.47897766922540
7.48139102116771
7.48380437311003
7.48621772505234
7.48863107699465
7.49104442893696
7.49345778087927
7.49587113282159
7.49828448476390
7.50069783670621
7.50311118864852
7.50552454059084
7.50793789253315
7.51035124447546
7.51276459641777
7.51517794836008
7.51759130030240
7.52000465224471
7.52241800418702
7.52483135612933
7.52724470807164
7.52965806001396
7.53207141195627
7.53448476389858
7.53689811584089
7.53931146778321
7.54172481972552
7.54413817166783
7.54655152361014
7.54896487555245
7.55137822749477
7.55379157943708
7.55620493137939
7.55861828332170
7.56103163526402
7.56344498720633
7.56585833914864
7.56827169109095
7.57068504303326
7.57309839497558
7.57551174691789
7.57792509886020
7.58033845080251
7.58275180274482
7.58516515468714
7.58757850662945
7.58999185857176
7.59240521051407
7.59481856245639
7.59723191439870
7.59964526634101
7.60205861828332
7.60447197022563
7.60688532216795
7.60929867411026
7.61171202605257
7.61412537799488
7.61653872993719
7.61895208187951
7.62136543382182
7.62377878576413
7.62619213770644
7.62860548964876
7.63101884159107
7.63343219353338
7.63584554547569
7.63825889741800
7.64067224936032
7.64308560130263
7.64549895324494
7.64791230518725
7.65032565712957
7.65273900907188
7.65515236101419
7.65756571295650
7.65997906489881
7.66239241684113
7.66480576878344
7.66721912072575
7.66963247266806
7.67204582461037
7.67445917655269
7.67687252849500
7.67928588043731
7.68169923237962
7.68411258432194
7.68652593626425
7.68893928820656
7.69135264014887
7.69376599209118
7.69617934403350
7.69859269597581
7.70100604791812
7.70341939986043
7.70583275180274
7.70824610374506
7.71065945568737
7.71307280762968
7.71548615957199
7.71789951151431
7.72031286345662
7.72272621539893
7.72513956734124
7.72755291928355
7.72996627122587
7.73237962316818
7.73479297511049
7.73720632705280
7.73961967899512
7.74203303093743
7.74444638287974
7.74685973482205
7.74927308676436
7.75168643870668
7.75409979064899
7.75651314259130
7.75892649453361
7.76133984647592
7.76375319841824
7.76616655036055
7.76857990230286
7.77099325424517
7.77340660618749
7.77581995812980
7.77823331007211
7.78064666201442
7.78306001395673
7.78547336589905
7.78788671784136
7.79030006978367
7.79271342172598
7.79512677366829
7.79754012561061
7.79995347755292
7.80236682949523
7.80478018143754
7.80719353337986
7.80960688532217
7.81202023726448
7.81443358920679
7.81684694114910
7.81926029309142
7.82167364503373
7.82408699697604
7.82650034891835
7.82891370086067
7.83132705280298
7.83374040474529
7.83615375668760
7.83856710862991
7.84098046057223
7.84339381251454
7.84580716445685
7.84822051639916
7.85063386834147
7.85304722028379
7.85546057222610
7.85787392416841
7.86028727611072
7.86270062805304
7.86511397999535
7.86752733193766
7.86994068387997
7.87235403582228
7.87476738776460
7.87718073970691
7.87959409164922
7.88200744359153
7.88442079553385
7.88683414747616
7.88924749941847
7.89166085136078
7.89407420330309
7.89648755524541
7.89890090718772
7.90131425913003
7.90372761107234
7.90614096301465
7.90855431495697
7.91096766689928
7.91338101884159
7.91579437078390
7.91820772272622
7.92062107466853
7.92303442661084
7.92544777855315
7.92786113049546
7.93027448243778
7.93268783438009
7.93510118632240
7.93751453826471
7.93992789020702
7.94234124214934
7.94475459409165
7.94716794603396
7.94958129797627
7.95199464991859
7.95440800186090
7.95682135380321
7.95923470574552
7.96164805768783
7.96406140963015
7.96647476157246
7.96888811351477
7.97130146545708
7.97371481739940
7.97612816934171
7.97854152128402
7.98095487322633
7.98336822516864
7.98578157711096
7.98819492905327
7.99060828099558
7.99302163293789
7.99543498488020
7.99784833682252
8.00026168876483
8.00267504070714
8.00508839264945
8.00750174459177
8.00991509653408
8.01232844847639
8.01474180041870
8.01715515236101
8.01956850430333
8.02198185624564
8.02439520818795
8.02680856013026
8.02922191207258
8.03163526401489
8.03404861595720
8.03646196789951
8.03887531984182
8.04128867178414
8.04370202372645
8.04611537566876
8.04852872761107
8.05094207955339
8.05335543149570
8.05576878343801
8.05818213538032
8.06059548732263
8.06300883926495
8.06542219120726
8.06783554314957
8.07024889509188
8.07266224703419
8.07507559897651
8.07748895091882
8.07990230286113
8.08231565480344
8.08472900674576
8.08714235868807
8.08955571063038
8.09196906257269
8.09438241451500
8.09679576645732
8.09920911839963
8.10162247034194
8.10403582228425
8.10644917422657
8.10886252616888
8.11127587811119
8.11368923005350
8.11610258199581
8.11851593393813
8.12092928588044
8.12334263782275
8.12575598976506
8.12816934170737
8.13058269364969
8.13299604559200
8.13540939753431
8.13782274947662
8.14023610141894
8.14264945336125
8.14506280530356
8.14747615724587
8.14988950918818
8.15230286113050
8.15471621307281
8.15712956501512
8.15954291695743
8.16195626889974
8.16436962084206
8.16678297278437
8.16919632472668
8.17160967666899
8.17402302861131
8.17643638055362
8.17884973249593
8.18126308443824
8.18367643638055
8.18608978832287
8.18850314026518
8.19091649220749
8.19332984414980
8.19574319609212
8.19815654803443
8.20056989997674
8.20298325191905
8.20539660386136
8.20780995580368
8.21022330774599
8.21263665968830
8.21505001163061
8.21746336357292
8.21987671551524
8.22229006745755
8.22470341939986
8.22711677134217
8.22953012328449
8.23194347522680
8.23435682716911
8.23677017911142
8.23918353105373
8.24159688299605
8.24401023493836
8.24642358688067
8.24883693882298
8.25125029076529
8.25366364270761
8.25607699464992
8.25849034659223
8.26090369853454
8.26331705047686
8.26573040241917
8.26814375436148
8.27055710630379
8.27297045824610
8.27538381018842
8.27779716213073
8.28021051407304
8.28262386601535
8.28503721795767
8.28745056989998
8.28986392184229
8.29227727378460
8.29469062572691
8.29710397766923
8.29951732961154
8.30193068155385
8.30434403349616
8.30675738543847
8.30917073738079
8.31158408932310
8.31399744126541
8.31641079320772
8.31882414515004
8.32123749709235
8.32365084903466
8.32606420097697
8.32847755291928
8.33089090486160
8.33330425680391
8.33571760874622
8.33813096068853
8.34054431263085
8.34295766457316
8.34537101651547
8.34778436845778
8.35019772040009
8.35261107234241
8.35502442428472
8.35743777622703
8.35985112816934
8.36226448011165
8.36467783205397
8.36709118399628
8.36950453593859
8.37191788788090
8.37433123982322
8.37674459176553
8.37915794370784
8.38157129565015
8.38398464759246
8.38639799953478
8.38881135147709
8.39122470341940
8.39363805536171
8.39605140730402
8.39846475924634
8.40087811118865
8.40329146313096
8.40570481507327
8.40811816701559
8.41053151895790
8.41294487090021
8.41535822284252
8.41777157478483
8.42018492672715
8.42259827866946
8.42501163061177
8.42742498255408
8.42983833449640
8.43225168643871
8.43466503838102
8.43707839032333
8.43949174226564
8.44190509420796
8.44431844615027
8.44673179809258
8.44914515003489
8.45155850197720
8.45397185391952
8.45638520586183
8.45879855780414
8.46121190974645
8.46362526168877
8.46603861363108
8.46845196557339
8.47086531751570
8.47327866945801
8.47569202140033
8.47810537334264
8.48051872528495
8.48293207722726
8.48534542916958
8.48775878111189
8.49017213305420
8.49258548499651
8.49499883693882
8.49741218888114
8.49982554082345
8.50223889276576
8.50465224470807
8.50706559665038
8.50947894859270
8.51189230053501
8.51430565247732
8.51671900441963
8.51913235636195
8.52154570830426
8.52395906024657
8.52637241218888
8.52878576413119
8.53119911607351
8.53361246801582
8.53602581995813
8.53843917190044
8.54085252384275
8.54326587578507
8.54567922772738
8.54809257966969
8.55050593161200
8.55291928355432
8.55533263549663
8.55774598743894
8.56015933938125
8.56257269132356
8.56498604326588
8.56739939520819
8.56981274715050
8.57222609909281
8.57463945103513
8.57705280297744
8.57946615491975
8.58187950686206
8.58429285880437
8.58670621074669
8.58911956268900
8.59153291463131
8.59394626657362
8.59635961851593
8.59877297045825
8.60118632240056
8.60359967434287
8.60601302628518
8.60842637822750
8.61083973016981
8.61325308211212
8.61566643405443
8.61807978599674
8.62049313793906
8.62290648988137
8.62531984182368
8.62773319376599
8.63014654570831
8.63255989765062
8.63497324959293
8.63738660153524
8.63979995347755
8.64221330541987
8.64462665736218
8.64704000930449
8.64945336124680
8.65186671318911
8.65428006513143
8.65669341707374
8.65910676901605
8.66152012095836
8.66393347290068
8.66634682484299
8.66876017678530
8.67117352872761
8.67358688066992
8.67600023261224
8.67841358455455
8.68082693649686
8.68324028843917
8.68565364038148
8.68806699232380
8.69048034426611
8.69289369620842
8.69530704815073
8.69772040009305
8.70013375203536
8.70254710397767
8.70496045591998
8.70737380786229
8.70978715980461
8.71220051174692
8.71461386368923
8.71702721563154
8.71944056757386
8.72185391951617
8.72426727145848
8.72668062340079
8.72909397534310
8.73150732728542
8.73392067922773
8.73633403117004
8.73874738311235
8.74116073505466
8.74357408699698
8.74598743893929
8.74840079088160
8.75081414282391
8.75322749476623
8.75564084670854
8.75805419865085
8.76046755059316
8.76288090253547
8.76529425447779
8.76770760642010
8.77012095836241
8.77253431030472
8.77494766224704
8.77736101418935
8.77977436613166
8.78218771807397
8.78460107001628
8.78701442195860
8.78942777390091
8.79184112584322
8.79425447778553
8.79666782972784
8.79908118167016
8.80149453361247
8.80390788555478
8.80632123749709
8.80873458943941
8.81114794138172
8.81356129332403
8.81597464526634
8.81838799720865
8.82080134915097
8.82321470109328
8.82562805303559
8.82804140497790
8.83045475692021
8.83286810886253
8.83528146080484
8.83769481274715
8.84010816468946
8.84252151663178
8.84493486857409
8.84734822051640
8.84976157245871
8.85217492440102
8.85458827634334
8.85700162828565
8.85941498022796
8.86182833217027
8.86424168411259
8.86665503605490
8.86906838799721
8.87148173993952
8.87389509188183
8.87630844382415
8.87872179576646
8.88113514770877
8.88354849965108
8.88596185159339
8.88837520353571
8.89078855547802
8.89320190742033
8.89561525936264
8.89802861130496
8.90044196324727
8.90285531518958
8.90526866713189
8.90768201907420
8.91009537101652
8.91250872295883
8.91492207490114
8.91733542684345
8.91974877878577
8.92216213072808
8.92457548267039
8.92698883461270
8.92940218655501
8.93181553849733
8.93422889043964
8.93664224238195
8.93905559432426
8.94146894626657
8.94388229820889
8.94629565015120
8.94870900209351
8.95112235403582
8.95353570597814
8.95594905792045
8.95836240986276
8.96077576180507
8.96318911374738
8.96560246568970
8.96801581763201
8.97042916957432
8.97284252151663
8.97525587345894
8.97766922540126
8.98008257734357
8.98249592928588
8.98490928122819
8.98732263317051
8.98973598511282
8.99214933705513
8.99456268899744
8.99697604093975
8.99938939288207
9.00180274482438
9.00421609676669
9.00662944870900
9.00904280065132
9.01145615259363
9.01386950453594
9.01628285647825
9.01869620842056
9.02110956036288
9.02352291230519
9.02593626424750
9.02834961618981
9.03076296813212
9.03317632007444
9.03558967201675
9.03800302395906
9.04041637590137
9.04282972784369
9.04524307978600
9.04765643172831
9.05006978367062
9.05248313561293
9.05489648755525
9.05730983949756
9.05972319143987
9.06213654338218
9.06454989532450
9.06696324726681
9.06937659920912
9.07178995115143
9.07420330309374
9.07661665503606
9.07903000697837
9.08144335892068
9.08385671086299
9.08627006280530
9.08868341474762
9.09109676668993
9.09351011863224
9.09592347057455
9.09833682251687
9.10075017445918
9.10316352640149
9.10557687834380
9.10799023028611
9.11040358222843
9.11281693417074
9.11523028611305
9.11764363805536
9.12005698999767
9.12247034193999
9.12488369388230
9.12729704582461
9.12971039776692
9.13212374970924
9.13453710165155
9.13695045359386
9.13936380553617
9.14177715747848
9.14419050942080
9.14660386136311
9.14901721330542
9.15143056524773
9.15384391719005
9.15625726913236
9.15867062107467
9.16108397301698
9.16349732495929
9.16591067690161
9.16832402884392
9.17073738078623
9.17315073272854
9.17556408467085
9.17797743661317
9.18039078855548
9.18280414049779
9.18521749244010
9.18763084438242
9.19004419632473
9.19245754826704
9.19487090020935
9.19728425215166
9.19969760409398
9.20211095603629
9.20452430797860
9.20693765992091
9.20935101186322
9.21176436380554
9.21417771574785
9.21659106769016
9.21900441963247
9.22141777157479
9.22383112351710
9.22624447545941
9.22865782740172
9.23107117934403
9.23348453128635
9.23589788322866
9.23831123517097
9.24072458711328
9.24313793905560
9.24555129099791
9.24796464294022
9.25037799488253
9.25279134682484
9.25520469876716
9.25761805070947
9.26003140265178
9.26244475459409
9.26485810653640
9.26727145847872
9.26968481042103
9.27209816236334
9.27451151430565
9.27692486624797
9.27933821819028
9.28175157013259
9.28416492207490
9.28657827401721
9.28899162595953
9.29140497790184
9.29381832984415
9.29623168178646
9.29864503372878
9.30105838567109
9.30347173761340
9.30588508955571
9.30829844149802
9.31071179344034
9.31312514538265
9.31553849732496
9.31795184926727
9.32036520120958
9.32277855315190
9.32519190509421
9.32760525703652
9.33001860897883
9.33243196092115
9.33484531286346
9.33725866480577
9.33967201674808
9.34208536869039
9.34449872063271
9.34691207257502
9.34932542451733
9.35173877645964
9.35415212840195
9.35656548034427
9.35897883228658
9.36139218422889
9.36380553617120
9.36621888811352
9.36863224005583
9.37104559199814
9.37345894394045
9.37587229588276
9.37828564782508
9.38069899976739
9.38311235170970
9.38552570365201
9.38793905559433
9.39035240753664
9.39276575947895
9.39517911142126
9.39759246336357
9.40000581530589
9.40241916724820
9.40483251919051
9.40724587113282
9.40965922307513
9.41207257501745
9.41448592695976
9.41689927890207
9.41931263084438
9.42172598278670
9.42413933472901
9.42655268667132
9.42896603861363
9.43137939055594
9.43379274249826
9.43620609444057
9.43861944638288
9.44103279832519
9.44344615026751
9.44585950220982
9.44827285415213
9.45068620609444
9.45309955803675
9.45551290997907
9.45792626192138
9.46033961386369
9.46275296580600
9.46516631774831
9.46757966969063
9.46999302163294
9.47240637357525
9.47481972551756
9.47723307745988
9.47964642940219
9.48205978134450
9.48447313328681
9.48688648522912
9.48929983717144
9.49171318911375
9.49412654105606
9.49653989299837
9.49895324494068
9.50136659688300
9.50377994882531
9.50619330076762
9.50860665270993
9.51102000465225
9.51343335659456
9.51584670853687
9.51826006047918
9.52067341242149
9.52308676436381
9.52550011630612
9.52791346824843
9.53032682019074
9.53274017213306
9.53515352407537
9.53756687601768
9.53998022795999
9.54239357990230
9.54480693184462
9.54722028378693
9.54963363572924
9.55204698767155
9.55446033961386
9.55687369155618
9.55928704349849
9.56170039544080
9.56411374738311
9.56652709932543
9.56894045126774
9.57135380321005
9.57376715515236
9.57618050709467
9.57859385903699
9.58100721097930
9.58342056292161
9.58583391486392
9.58824726680624
9.59066061874855
9.59307397069086
9.59548732263317
9.59790067457548
9.60031402651780
9.60272737846011
9.60514073040242
9.60755408234473
9.60996743428704
9.61238078622936
9.61479413817167
9.61720749011398
9.61962084205629
9.62203419399861
9.62444754594092
9.62686089788323
9.62927424982554
9.63168760176785
9.63410095371017
9.63651430565248
9.63892765759479
9.64134100953710
9.64375436147941
9.64616771342173
9.64858106536404
9.65099441730635
9.65340776924866
9.65582112119098
9.65823447313329
9.66064782507560
9.66306117701791
9.66547452896022
9.66788788090254
9.67030123284485
9.67271458478716
9.67512793672947
9.67754128867179
9.67995464061410
9.68236799255641
9.68478134449872
9.68719469644103
9.68960804838335
9.69202140032566
9.69443475226797
9.69684810421028
9.69926145615259
9.70167480809491
9.70408816003722
9.70650151197953
9.70891486392184
9.71132821586416
9.71374156780647
9.71615491974878
9.71856827169109
9.72098162363340
9.72339497557572
9.72580832751803
9.72822167946034
9.73063503140265
9.73304838334497
9.73546173528728
9.73787508722959
9.74028843917190
9.74270179111421
9.74511514305653
9.74752849499884
9.74994184694115
9.75235519888346
9.75476855082577
9.75718190276809
9.75959525471040
9.76200860665271
9.76442195859502
9.76683531053734
9.76924866247965
9.77166201442196
9.77407536636427
9.77648871830658
9.77890207024890
9.78131542219121
9.78372877413352
9.78614212607583
9.78855547801814
9.79096882996046
9.79338218190277
9.79579553384508
9.79820888578739
9.80062223772971
9.80303558967202
9.80544894161433
9.80786229355664
9.81027564549895
9.81268899744127
9.81510234938358
9.81751570132589
9.81992905326820
9.82234240521052
9.82475575715283
9.82716910909514
9.82958246103745
9.83199581297976
9.83440916492208
9.83682251686439
9.83923586880670
9.84164922074901
9.84406257269132
9.84647592463364
9.84888927657595
9.85130262851826
9.85371598046057
9.85612933240289
9.85854268434520
9.86095603628751
9.86336938822982
9.86578274017213
9.86819609211445
9.87060944405676
9.87302279599907
9.87543614794138
9.87784949988370
9.88026285182601
9.88267620376832
9.88508955571063
9.88750290765294
9.88991625959526
9.89232961153757
9.89474296347988
9.89715631542219
9.89956966736450
9.90198301930682
9.90439637124913
9.90680972319144
9.90922307513375
9.91163642707607
9.91404977901838
9.91646313096069
9.91887648290300
9.92128983484531
9.92370318678763
9.92611653872994
9.92852989067225
9.93094324261456
9.93335659455687
9.93576994649919
9.93818329844150
9.94059665038381
9.94301000232612
9.94542335426844
9.94783670621075
9.95025005815306
9.95266341009537
9.95507676203768
9.95749011398000
9.95990346592231
9.96231681786462
9.96473016980693
9.96714352174925
9.96955687369156
9.97197022563387
9.97438357757618
9.97679692951849
9.97921028146081
9.98162363340312
9.98403698534543
9.98645033728774
9.98886368923005
9.99127704117237
9.99369039311468
9.99610374505699
9.99851709699930
10.0009304489416
10.0033438008839
10.0057571528262
10.0081705047686
10.0105838567109
10.0129972086532
10.0154105605955
10.0178239125378
10.0202372644801
10.0226506164224
10.0250639683647
10.0274773203070
10.0298906722494
10.0323040241917
10.0347173761340
10.0371307280763
10.0395440800186
10.0419574319609
10.0443707839032
10.0467841358455
10.0491974877879
10.0516108397302
10.0540241916725
10.0564375436148
10.0588508955571
10.0612642474994
10.0636775994417
10.0660909513840
10.0685043033264
10.0709176552687
10.0733310072110
10.0757443591533
10.0781577110956
10.0805710630379
10.0829844149802
10.0853977669225
10.0878111188649
10.0902244708072
10.0926378227495
10.0950511746918
10.0974645266341
10.0998778785764
10.1022912305187
10.1047045824610
10.1071179344034
10.1095312863457
10.1119446382880
10.1143579902303
10.1167713421726
10.1191846941149
10.1215980460572
10.1240113979995
10.1264247499418
10.1288381018842
10.1312514538265
10.1336648057688
10.1360781577111
10.1384915096534
10.1409048615957
10.1433182135380
10.1457315654803
10.1481449174227
10.1505582693650
10.1529716213073
10.1553849732496
10.1577983251919
10.1602116771342
10.1626250290765
10.1650383810188
10.1674517329612
10.1698650849035
10.1722784368458
10.1746917887881
10.1771051407304
10.1795184926727
10.1819318446150
10.1843451965573
10.1867585484997
10.1891719004420
10.1915852523843
10.1939986043266
10.1964119562689
10.1988253082112
10.2012386601535
10.2036520120958
10.2060653640381
10.2084787159805
10.2108920679228
10.2133054198651
10.2157187718074
10.2181321237497
10.2205454756920
10.2229588276343
10.2253721795766
10.2277855315190
10.2301988834613
10.2326122354036
10.2350255873459
10.2374389392882
10.2398522912305
10.2422656431728
10.2446789951151
10.2470923470575
10.2495056989998
10.2519190509421
10.2543324028844
10.2567457548267
10.2591591067690
10.2615724587113
10.2639858106536
10.2663991625960
10.2688125145383
10.2712258664806
10.2736392184229
10.2760525703652
10.2784659223075
10.2808792742498
10.2832926261921
10.2857059781345
10.2881193300768
10.2905326820191
10.2929460339614
10.2953593859037
10.2977727378460
10.3001860897883
10.3025994417306
10.3050127936729
10.3074261456153
10.3098394975576
10.3122528494999
10.3146662014422
10.3170795533845
10.3194929053268
10.3219062572691
10.3243196092114
10.3267329611538
10.3291463130961
10.3315596650384
10.3339730169807
10.3363863689230
10.3387997208653
10.3412130728076
10.3436264247499
10.3460397766923
10.3484531286346
10.3508664805769
10.3532798325192
10.3556931844615
10.3581065364038
10.3605198883461
10.3629332402884
10.3653465922308
10.3677599441731
10.3701732961154
10.3725866480577
10.3750000000000